1868.55397 12.764 0.026
1869.54963 12.639 0.026
1871.5978 12.669 0.031
1873.57707 13.105 0.028
1875.56471 12.629 0.027
1877.57007 12.88 0.028
1879.55287 12.545 0.025
1885.55041 13.141 0.03
1887.57778 12.621 0.03
1889.59169 12.569 0.034
1902.52946 12.729 0.028
1905.54162 12.598 0.027
1915.54281 12.817 0.033
2039.90927 12.62 0.038
2040.93749 13.398 0.067
2053.88092 12.742 0.032
2055.88964 12.906 0.03
2057.88185 12.667 0.029
2067.86707 13.108 0.034
2068.86771 12.71 0.044
2069.8629 12.624 0.035
2070.86909 13.012 0.03
2080.86358 12.609 0.028
2082.9081 12.782 0.029
2085.90942 12.902 0.031
2087.86681 12.368 0.036
2088.93941 12.915 0.03
2093.88448 12.701 0.029
2094.83205 12.657 0.03
2095.8308 12.432 0.036
2104.85029 13.08 0.03
2105.83716 12.651 0.03
2106.85671 12.69 0.027
2113.86042 12.609 0.026
2115.77642 12.872 0.03
2116.80756 12.826 0.03
2131.83995 12.651 0.027
2132.78148 12.55 0.029
2133.76791 12.652 0.029
2134.76807 12.958 0.028
2135.77112 13.087 0.054
2136.76688 12.685 0.041
2140.77104 12.595 0.038
2141.75474 12.837 0.033
2143.75058 12.577 0.033
2144.73959 12.75 0.03
2151.69213 12.529 0.061
2164.70271 12.728 0.031
2167.67772 12.705 0.032
2168.69861 12.914 0.029
2169.71025 12.903 0.029
2171.67435 12.57 0.03
2172.69536 13.0 0.033
2173.68085 12.8 0.03
2174.6764 12.597 0.035
2175.66784 12.75 0.033
2177.64624 12.844 0.034
2177.64624 12.853 0.034
2178.65551 12.522 0.03
2185.69611 12.666 0.038
2188.66823 12.661 0.029
2190.6191 12.604 0.03
2191.65732 12.858 0.029
2192.63842 12.964 0.028
2193.64175 12.671 0.029
2194.6397 12.602 0.028
2195.64175 12.884 0.031
2196.63636 12.751 0.034
2197.63601 12.667 0.029
2198.63037 12.941 0.029
2199.62428 13.009 0.029
2199.62428 13.103 0.029
2201.61978 12.613 0.029
2202.62728 12.806 0.041
2203.61233 13.138 0.038
2204.61025 12.894 0.032
2204.61025 12.901 0.032
2206.61356 13.175 0.031
2207.60563 12.831 0.031
2213.61593 12.84 0.037
2214.59809 13.029 0.036
2214.59809 13.11 0.036
2216.60043 12.5 0.035
2217.6023 13.085 0.035
2219.57317 12.677 0.033
2221.57856 12.908 0.031
2222.58557 13.083 0.034
2224.5761 12.657 0.033
2226.55611 13.119 0.033
2227.57509 12.642 0.032
2229.54839 13.198 0.034
2230.58306 12.789 0.038
2233.54425 13.054 0.034
2234.55216 12.8 0.04
2236.53428 12.595 0.036
2242.54868 12.781 0.046
2248.55816 12.941 0.044
2253.57697 12.646 0.041
2439.87142 12.567 0.038
2452.8456 13.102 0.028
2465.85957 12.59 0.035
2467.84279 12.942 0.021
2468.92257 12.528 0.027
2468.92257 12.537 0.025
2470.82145 12.627 0.028
2471.89296 12.622 0.028
2473.83256 12.583 0.04
2473.83256 12.588 0.037
2473.83256 12.621 0.04
2481.82257 12.627 0.046
2481.82257 12.63 0.042
2489.77244 12.585 0.032
2490.79519 12.76 0.033
2490.79519 12.766 0.03
2493.79082 12.866 0.034
2495.73311 12.724 0.033
2496.77139 12.593 0.029
2498.7701 12.773 0.027
2499.76681 12.596 0.025
2500.74505 12.575 0.022
2501.77 13.023 0.025
2502.76098 12.756 0.031
2519.75765 13.028 0.025
2520.80493 12.66 0.031
2526.78884 12.849 0.025
2529.69612 12.559 0.037
2544.71454 12.48 0.024
2545.75296 13.1 0.023
2552.78211 13.086 0.025
2558.67184 12.856 0.021
2558.74223 12.594 0.026
2558.74223 12.603 0.026
2560.66611 12.602 0.029
2561.65034 12.988 0.028
2562.65355 13.033 0.025
2578.65973 12.485 0.028
2622.55867 13.074 0.027
2624.61475 12.825 0.031
2627.6256 12.799 0.03
2629.62498 12.771 0.03
2635.61777 13.034 0.024
2638.55995 12.674 0.025
2640.56741 12.989 0.024
2642.56998 12.736 0.026
2644.57026 13.018 0.027
2650.53821 12.748 0.028
2652.56591 12.676 0.029
2654.57604 13.038 0.03
2658.55221 13.016 0.032
2661.53497 12.555 0.028
2663.53858 12.876 0.028
2665.54286 12.784 0.025
2668.53177 12.651 0.039
2671.52565 12.693 0.041
2765.92037 12.714 0.034
2787.88247 12.643 0.027
2809.86525 12.616 0.033
2814.87516 12.975 0.029
2819.93579 12.611 0.03
2830.79627 12.787 0.027
2832.83486 12.78 0.029
2836.8817 12.803 0.051
2840.89791 13.067 0.032
2843.84142 12.657 0.027
2853.77531 12.97 0.021
2856.81539 12.862 0.027
2858.86925 12.709 0.021
2860.76416 13.131 0.026
2872.81159 12.748 0.021
2875.82017 12.829 0.022
2877.77591 12.625 0.023
2880.74952 12.686 0.025
2883.78109 12.798 0.022
2885.71601 12.568 0.021
2886.82023 12.697 0.027
2895.74835 12.826 0.031
2897.75215 13.121 0.028
2899.73855 12.599 0.022
2902.72871 12.857 0.026
2910.66153 13.138 0.022
2912.68574 12.683 0.022
2915.66504 12.666 0.025
2916.75482 12.943 0.028
2922.67775 12.645 0.038
2924.74317 12.858 0.032
2927.67293 12.668 0.025
2933.67485 12.54 0.027
2935.66962 12.889 0.026
2937.6841 12.677 0.026
2940.70282 12.578 0.024
2942.62359 12.416 0.037
2942.62359 12.426 0.037
2943.67039 12.98 0.026
2944.78184 13.373 0.052
2950.59964 12.746 0.041
2954.6202 12.795 0.038
2956.61809 12.65 0.026
2960.61532 12.595 0.044
2962.62204 12.982 0.027
2966.6382 12.855 0.028
2970.63181 12.765 0.025
2972.65653 13.054 0.03
2977.55637 12.902 0.03
2979.58872 12.433 0.047
2981.6111 12.606 0.04
2983.62363 12.821 0.034
2985.62959 12.653 0.029
2987.65874 13.392 0.03
2990.62783 12.637 0.029
2992.62631 12.688 0.033
2994.64386 12.87 0.03
2997.57267 12.647 0.032
3006.57961 12.957 0.055
3018.54741 12.852 0.038
3157.92674 12.6 0.047
3163.91763 12.834 0.036
3180.91074 12.852 0.031
3185.88582 13.138 0.039
3271.72113 12.769 0.031
3273.73501 12.636 0.033
3277.70861 12.511 0.056
3279.71138 13.202 0.031
3294.78572 12.77 0.025
3298.60627 12.782 0.031
3326.64482 12.656 0.038
3359.55198 12.992 0.033
3366.57536 13.103 0.062
3387.5349 12.478 0.041
3390.54946 12.54 0.041
3403.52594 13.525 0.039
3512.91066 12.897 0.049
3524.92068 12.874 0.062
3529.89887 12.914 0.047
3541.90237 12.758 0.043
3544.91019 13.087 0.043
3552.8829 13.039 0.044
3556.86523 13.009 0.03
3560.83919 12.982 0.038
3563.86452 13.087 0.028
3569.89886 12.768 0.033
3577.88393 12.817 0.045
3582.92081 12.54 0.043
3585.81537 12.901 0.036
3588.80777 12.556 0.033
3591.78792 12.658 0.029
3597.80429 13.173 0.03
3600.8844 12.737 0.041
3617.75337 12.705 0.037
3622.7644 12.86 0.037
3625.77436 12.601 0.036
3628.72655 13.011 0.033
3632.73217 12.584 0.043
3634.7784 13.012 0.041
3637.75141 12.675 0.036
3640.72455 12.662 0.029
3642.78051 12.771 0.04
3645.74407 12.916 0.033
3651.62748 13.114 0.031
3653.65195 12.386 0.048
3655.64471 12.966 0.036
3660.65527 12.799 0.05
3662.67608 12.581 0.063
3664.71407 13.09 0.037
3666.79841 12.809 0.044
3670.5752 12.911 0.027
3672.66307 12.927 0.029
3674.73383 12.725 0.034
3680.63314 12.901 0.031
3700.58799 12.952 0.044
3703.57146 12.965 0.04
3705.64233 12.724 0.041
3708.59719 12.537 0.038
3714.62289 12.968 0.045
3717.58575 12.783 0.053
3720.58106 12.702 0.042
3722.64004 12.616 0.049
3725.61464 12.878 0.046
3727.63402 12.505 0.042
3731.58032 12.859 0.046
3734.61355 12.596 0.07
3737.6034 12.568 0.032
3742.58025 12.656 0.036
3745.58071 12.646 0.04
3749.56082 12.719 0.054
3753.55151 12.568 0.048
3756.54371 12.692 0.052
3759.53576 13.029 0.045
3762.53698 13.041 0.039
3866.92638 12.785 0.036
3872.91368 12.897 0.062
3889.90598 12.905 0.035
3893.89422 13.139 0.031
3898.93834 12.622 0.044
3902.91123 12.513 0.036
3906.91122 12.61 0.032
3913.93502 12.605 0.038
3981.68615 13.067 0.031
4089.60908 12.745 0.032
4103.58781 13.062 0.049
4106.57776 12.69 0.055
4129.5316 12.977 0.038
4133.52299 12.886 0.06
4256.90684 12.908 0.053
4273.90831 12.685 0.036
4278.92084 13.161 0.037
4285.8643 12.592 0.059
4289.94106 12.895 0.049
4292.86581 12.578 0.052
4295.86562 12.602 0.036
4298.85302 12.98 0.071
4301.81253 12.847 0.04
4307.82398 12.717 0.032
4309.83238 12.778 0.034
4311.83943 12.738 0.037
4316.85894 12.755 0.034
4319.85353 13.16 0.037
4330.7267 12.383 0.052
4332.74222 12.838 0.031
4334.73844 12.386 0.06
4338.7198 12.608 0.034
4340.77501 12.647 0.039
4350.70663 12.923 0.039
4353.70754 12.627 0.03
4355.74639 12.532 0.03
4358.68819 13.034 0.036
4361.67492 12.686 0.028
4363.71124 12.593 0.03
4365.69932 12.832 0.034
4372.71428 13.212 0.049
4375.71416 12.663 0.039
4377.7746 12.454 0.052
4380.62788 12.877 0.041
4382.67637 12.673 0.029
4384.70828 12.719 0.034
4386.69961 12.658 0.029
4388.66319 12.961 0.031
4392.63796 13.231 0.037
4399.77865 12.71 0.053
4403.58606 12.716 0.035
4407.60538 12.978 0.03
4409.61959 12.512 0.035
4420.73246 14.147 0.062
4426.61946 12.723 0.053
4428.65925 12.827 0.054
4431.57387 12.701 0.039
4433.65026 12.718 0.042
4436.5905 12.845 0.035
4438.66199 12.623 0.045
4441.59329 12.695 0.037
4444.59885 13.149 0.038
4455.63574 12.742 0.048
4458.60815 12.732 0.049
4461.59748 12.638 0.033
4464.58839 12.774 0.036
4480.53691 12.472 0.066
4490.53557 12.774 0.032
4493.53638 12.69 0.043
