1868.55718 14.213 0.026
1869.5529 13.805 0.022
1871.55897 14.419 0.024
1873.56686 13.428 0.025
1875.54768 14.45 0.021
1877.56216 14.616 0.025
1879.5314 13.957 0.024
1881.54564 14.194 0.023
1885.53367 13.874 0.026
1887.56093 13.413 0.027
1900.58239 13.978 0.024
1903.59915 14.346 0.021
1906.54543 14.439 0.022
1908.58571 13.321 0.024
1914.58439 13.834 0.026
1923.52881 13.95 0.032
1926.54413 14.081 0.029
2031.91431 13.827 0.03
2053.86123 14.833 0.03
2054.94376 13.651 0.048
2056.89245 13.423 0.029
2067.8523 13.794 0.033
2068.85273 15.023 0.041
2069.84793 13.179 0.032
2070.84902 14.275 0.032
2080.85075 13.166 0.027
2082.89738 14.136 0.028
2085.90116 14.277 0.026
2087.856 13.457 0.035
2088.86802 14.485 0.029
2093.80219 13.585 0.029
2094.81456 13.78 0.034
2103.76691 14.342 0.027
2105.82622 14.195 0.029
2106.84792 14.373 0.025
2113.86282 14.607 0.027
2115.75596 14.444 0.028
2116.79867 13.95 0.028
2117.79965 13.849 0.027
2128.72017 13.636 0.03
2130.75254 14.166 0.024
2131.76289 13.602 0.03
2132.77439 14.398 0.027
2133.76089 14.036 0.027
2134.76096 13.809 0.028
2135.76399 13.338 0.049
2136.75976 15.036 0.032
2141.74525 14.326 0.027
2143.74778 15.081 0.033
2144.73456 13.971 0.03
2145.7325 13.545 0.028
2167.67222 14.339 0.03
2168.69306 13.952 0.031
2169.7047 13.713 0.025
2175.6622 14.619 0.031
2193.64265 13.614 0.028
2197.63692 13.934 0.028
2203.61318 13.546 0.031
2204.61109 14.943 0.029
2207.60197 13.38 0.032
2214.60338 13.651 0.035
2221.58171 13.56 0.03
2226.57986 14.922 0.033
2241.5402 14.161 0.037
2446.90854 14.342 0.024
2466.88128 13.501 0.019
2467.83421 14.402 0.019
2468.92745 13.789 0.029
2489.76331 14.174 0.034
2493.78613 13.406 0.03
2500.73809 13.676 0.032
2500.73809 13.69 0.022
2501.76736 14.408 0.02
2521.79138 13.49 0.026
2521.79138 13.508 0.02
2544.70859 13.813 0.021
2545.74948 13.304 0.019
2558.73364 13.744 0.027
2559.68462 14.445 0.024
2561.65343 14.404 0.024
2562.65444 14.095 0.022
2565.68822 13.514 0.026
2578.66058 13.962 0.02
2621.61004 14.317 0.024
2625.59744 14.5 0.023
2628.59599 14.799 0.033
2635.62388 14.285 0.02
2637.63442 14.159 0.022
2639.6321 14.874 0.021
2641.63467 13.566 0.024
2644.54124 13.624 0.027
2646.54127 14.016 0.024
2651.56433 13.81 0.029
2653.58021 14.927 0.025
2661.5582 13.67 0.025
2663.55698 14.179 0.025
2665.55905 13.804 0.022
2667.56063 14.527 0.027
2669.55714 13.609 0.042
2671.55613 13.875 0.024
2776.92816 14.3 0.032
2809.8401 13.854 0.027
2813.8893 13.347 0.041
2830.78458 13.159 0.029
2844.86362 13.894 0.022
2858.86182 13.736 0.017
2860.75675 13.612 0.024
2872.81335 13.244 0.019
2875.82186 13.703 0.019
2883.77807 14.494 0.022
2885.70382 13.461 0.021
2886.80801 13.504 0.024
2892.75572 14.25 0.031
2897.81502 14.349 0.022
2899.77483 13.865 0.022
2902.7437 13.893 0.021
2905.65917 14.046 0.021
2912.68907 13.618 0.025
2916.75582 13.746 0.026
2923.7126 13.916 0.03
2932.69452 14.499 0.034
2934.68922 13.383 0.02
2940.57558 13.352 0.023
2943.59283 13.94 0.023
2944.73742 13.821 0.023
2946.60985 13.878 0.025
2950.64338 15.054 0.032
2954.66265 14.1 0.033
2956.66127 14.255 0.029
2964.66829 13.957 0.027
2968.68141 14.229 0.026
2975.57701 13.498 0.028
2981.63976 14.552 0.039
2987.68887 14.758 0.029
2992.65614 14.019 0.06
2995.5839 13.794 0.027
3013.59836 13.381 0.049
3017.57597 14.482 0.027
3030.55856 13.426 0.028
3033.55212 13.846 0.031
3043.52788 14.698 0.035
3156.92995 14.277 0.03
3175.93373 13.132 0.031
3179.88061 14.47 0.025
3187.85067 14.169 0.033
3290.61719 14.528 0.026
3295.59605 14.147 0.022
3355.55661 14.284 0.04
3357.6207 13.598 0.032
3363.61679 13.882 0.038
3386.56273 14.665 0.04
3388.58956 13.863 0.033
3391.57201 13.89 0.037
3406.53438 14.419 0.029
3409.52813 13.259 0.037
3412.51928 14.268 0.035
3511.91728 14.236 0.027
3522.89207 13.679 0.04
3526.88202 14.338 0.043
3541.88081 13.763 0.036
3544.8912 14.311 0.039
3556.85916 14.141 0.028
3560.83253 12.966 0.037
3563.85829 14.009 0.029
3575.83063 14.554 0.03
3577.9012 14.24 0.039
3585.80936 14.115 0.031
3587.84827 14.348 0.031
3590.79046 13.821 0.035
3597.80724 14.036 0.03
3601.71816 13.274 0.039
3622.75819 13.539 0.028
3625.7709 14.108 0.04
3640.82137 13.299 0.029
3646.69305 13.244 0.031
3649.62573 12.951 0.05
3651.67956 14.135 0.026
3653.66394 13.102 0.043
3655.64863 14.4 0.031
3657.66994 14.299 0.033
3659.70614 13.435 0.037
3663.81366 14.243 0.044
3666.63021 14.159 0.024
3669.72392 13.999 0.025
3671.82196 13.352 0.034
3674.61189 14.226 0.03
3676.63475 13.984 0.028
3680.56554 13.372 0.026
3701.61154 13.027 0.053
3704.60102 13.998 0.034
3706.71747 13.793 0.045
3711.56041 13.784 0.03
3713.56839 14.417 0.03
3726.55084 14.949 0.042
3728.60985 13.985 0.04
3731.62089 14.097 0.037
3734.64481 13.304 0.058
3737.62817 14.201 0.027
3740.5613 14.237 0.029
3743.58194 13.535 0.032
3746.58953 14.134 0.052
3749.57705 13.903 0.061
3752.59728 14.497 0.046
3755.56086 14.229 0.035
3758.55913 14.135 0.03
3761.5646 14.811 0.047
3764.5528 14.252 0.051
3767.54536 13.005 0.044
3775.52057 14.215 0.062
3865.9257 14.432 0.039
3869.91446 14.551 0.056
3883.93392 14.397 0.044
3892.88487 14.484 0.032
3902.87755 14.754 0.034
3905.90272 14.306 0.033
3913.91864 14.7 0.044
3981.67055 14.667 0.034
4089.6292 14.575 0.033
4092.59902 15.248 0.039
4107.54856 13.809 0.034
4125.54512 13.599 0.037
4127.56052 14.593 0.032
4131.53568 13.54 0.041
4134.53823 14.765 0.043
4137.52929 14.772 0.029
4255.91922 13.745 0.043
4273.86947 13.98 0.038
4278.89938 14.272 0.04
4290.86309 13.233 0.037
4293.85436 13.503 0.03
4299.83825 14.185 0.052
4303.85696 13.925 0.04
4305.87636 14.223 0.028
4307.81757 13.423 0.051
4309.82587 14.288 0.031
4311.84192 13.789 0.035
4314.84172 13.532 0.032
4334.73175 13.598 0.027
4338.71588 13.01 0.063
4348.79545 13.999 0.042
4351.69671 13.986 0.051
4363.71353 14.54 0.028
4365.70077 13.721 0.03
4371.75843 14.403 0.044
4373.77463 13.838 0.037
4379.62715 13.555 0.03
4383.74343 13.368 0.034
4385.72065 13.817 0.026
4393.67025 12.991 0.059
4407.60647 14.145 0.028
4409.62068 14.7 0.033
4411.72274 13.665 0.043
4421.60715 14.471 0.032
4423.62251 14.23 0.046
4431.61017 13.318 0.038
4433.6859 13.871 0.035
4436.61852 14.007 0.036
4438.68333 13.796 0.049
4444.61889 14.386 0.037
4452.58674 13.728 0.033
4454.62016 13.878 0.044
4463.58138 14.433 0.041
4465.64806 13.61 0.04
4477.58082 14.789 0.035
4490.54395 14.957 0.034
4493.54226 14.071 0.031
4497.55414 13.612 0.036
4509.52716 14.676 0.052
