1868.58148 11.007 0.022
1869.56593 10.859 0.018
1871.5894 10.933 0.022
1873.56416 10.796 0.021
1875.55396 11.257 0.021
1877.55268 10.86 0.019
1879.53991 10.913 0.018
1881.54068 10.873 0.019
1886.5321 11.003 0.021
1888.58284 10.827 0.024
1904.53051 10.942 0.021
1906.58998 10.835 0.018
1920.53598 10.86 0.019
1923.54841 11.295 0.021
1927.5439 10.855 0.021
1931.53183 10.876 0.023
2039.92963 10.924 0.034
2053.91044 10.883 0.025
2055.91438 10.89 0.026
2057.91129 10.999 0.026
2067.90303 10.884 0.025
2068.89797 11.259 0.045
2069.8952 10.891 0.027
2070.89932 10.85 0.023
2080.88344 10.842 0.024
2086.84757 10.979 0.02
2087.91687 10.897 0.023
2093.91532 11.092 0.023
2094.94013 10.977 0.02
2095.87879 10.827 0.024
2104.93152 11.141 0.021
2106.86987 10.89 0.021
2113.87551 10.855 0.02
2115.81299 10.849 0.022
2116.8227 10.819 0.02
2117.83861 10.939 0.024
2131.86021 10.87 0.02
2132.79885 11.068 0.024
2134.78558 10.87 0.02
2135.78413 11.192 0.041
2136.78216 10.88 0.049
2140.80478 10.852 0.027
2143.76592 10.921 0.024
2164.71706 10.873 0.025
2167.69554 10.917 0.022
2168.71202 10.874 0.023
2169.72135 10.864 0.024
2170.75364 10.961 0.035
2171.71583 10.93 0.025
2173.6988 10.914 0.024
2174.68967 11.046 0.024
2175.68224 10.848 0.03
2177.68248 11.203 0.026
2178.6771 10.857 0.024
2180.6259 11.26 0.026
2186.71269 10.829 0.029
2188.66823 11.079 0.026
2191.65732 11.187 0.024
2192.63842 10.899 0.023
2192.66332 10.884 0.023
2193.64175 10.827 0.024
2193.6598 10.837 0.023
2194.6397 11.018 0.024
2194.65556 10.938 0.025
2195.64175 10.919 0.027
2195.65763 10.971 0.025
2196.63636 10.854 0.027
2196.65217 10.848 0.024
2197.63601 10.861 0.024
2197.65181 10.885 0.024
2198.63037 11.03 0.026
2199.62428 10.859 0.027
2199.64917 10.924 0.025
2201.61978 10.911 0.026
2201.63571 10.91 0.024
2202.62728 11.018 0.036
2202.64326 11.172 0.037
2203.61233 10.819 0.032
2203.63727 10.832 0.027
2204.61025 10.871 0.027
2204.62615 10.857 0.027
2206.61356 10.843 0.027
2206.62956 10.879 0.027
2207.60563 10.845 0.028
2207.61932 10.783 0.04
2208.65188 10.895 0.026
2213.61593 10.877 0.03
2213.63926 10.969 0.034
2214.59809 10.847 0.032
2216.60043 11.084 0.031
2217.6023 10.858 0.032
2219.57317 11.256 0.031
2221.57856 10.838 0.028
2222.58557 10.936 0.03
2224.5761 10.791 0.032
2226.55611 11.029 0.03
2227.57509 10.893 0.028
2229.54839 10.92 0.032
2230.58306 11.172 0.032
2233.54425 11.193 0.03
2234.55216 10.875 0.035
2236.53428 11.013 0.033
2240.53904 10.941 0.035
2242.54868 10.77 0.038
2244.59048 11.291 0.043
2248.53385 10.933 0.034
2250.58127 10.903 0.034
2252.56132 10.907 0.036
2254.58231 10.913 0.038
2439.89368 10.877 0.02
2444.85548 10.961 0.029
2446.86665 10.854 0.025
2452.8456 10.847 0.026
2465.88177 11.111 0.026
2467.86964 10.853 0.018
2468.92257 10.811 0.023
2468.92257 10.831 0.026
2470.84123 10.922 0.028
2473.81585 10.864 0.035
2473.81585 10.879 0.033
2482.76122 11.21 0.034
2490.81269 11.284 0.034
2490.81269 11.295 0.032
2491.81679 10.9 0.034
2496.79128 10.939 0.027
2498.79018 10.872 0.026
2499.78659 10.862 0.023
2502.78755 10.854 0.029
2503.77876 10.872 0.038
2508.74348 10.863 0.027
2519.77114 10.86 0.019
2523.74727 10.851 0.018
2526.72673 10.851 0.021
2529.70487 10.914 0.033
2544.72844 10.845 0.024
2545.77391 10.854 0.017
2552.81389 10.88 0.021
2554.63214 10.881 0.036
2556.6992 10.96 0.026
2558.74223 10.864 0.024
2558.74223 10.883 0.023
2559.69289 10.863 0.016
2560.6847 11.241 0.019
2561.67071 10.896 0.034
2562.66715 10.852 0.016
2563.67898 10.967 0.02
2578.70546 10.948 0.022
2623.54458 10.992 0.029
2624.61475 11.183 0.025
2625.61045 10.87 0.022
2635.62077 11.204 0.018
2637.63126 10.87 0.017
2639.62892 10.891 0.025
2642.53986 10.886 0.021
2644.54712 10.884 0.02
2650.53821 10.813 0.023
2650.54119 10.828 0.021
2652.56591 11.193 0.023
2652.56888 11.233 0.025
2654.57901 10.847 0.023
2658.55221 10.872 0.025
2658.55518 10.867 0.021
2661.53497 10.819 0.023
2662.55922 10.871 0.02
2663.53858 11.055 0.023
2664.55519 10.862 0.021
2665.54286 10.824 0.02
2666.55248 11.139 0.019
2668.53177 10.836 0.031
2671.52565 10.818 0.042
2671.54057 10.868 0.024
2677.5206 11.198 0.031
2787.91234 10.868 0.019
2809.89785 11.074 0.024
2814.88973 10.903 0.023
2820.88193 11.257 0.019
2830.8199 10.998 0.037
2832.83486 10.817 0.022
2832.8555 10.851 0.019
2834.86685 11.27 0.049
2836.8817 10.854 0.037
2840.89791 10.847 0.024
2841.9168 10.888 0.018
2845.86741 11.232 0.02
2853.80608 10.842 0.045
2856.81539 10.855 0.024
2856.8298 10.913 0.025
2859.76064 10.897 0.018
2861.7794 10.863 0.029
2872.82012 10.844 0.018
2875.82873 10.85 0.016
2880.74952 10.945 0.024
2880.76046 10.942 0.03
2883.78109 10.949 0.02
2883.8035 10.922 0.016
2885.7385 10.852 0.016
2886.84275 10.833 0.02
2895.74835 10.836 0.025
2895.7715 10.887 0.024
2897.75215 10.934 0.024
2897.78279 10.911 0.019
2899.73855 10.78 0.02
2899.7592 10.861 0.017
2902.72871 10.847 0.023
2905.67969 10.893 0.02
2907.83078 10.797 0.038
2910.68331 10.893 0.019
2912.70908 11.046 0.031
2915.66504 11.03 0.021
2915.69791 11.22 0.019
2917.64089 10.889 0.019
2923.69827 10.914 0.023
2924.74317 10.827 0.025
2926.70195 11.056 0.018
2928.69557 10.884 0.037
2930.68279 10.889 0.018
2933.67485 10.939 0.023
2934.66799 10.832 0.018
2939.70173 10.891 0.017
2942.77215 10.883 0.023
2943.67039 11.195 0.021
2944.78184 10.98 0.036
2945.66455 10.833 0.022
2950.59964 10.945 0.03
2950.62025 11.005 0.028
2954.6202 11.053 0.028
2956.61809 10.861 0.022
2956.64588 10.836 0.024
2958.6392 10.903 0.019
2960.61532 10.92 0.036
2960.63782 10.867 0.044
2962.62204 10.825 0.021
2962.64459 10.898 0.02
2964.65062 10.906 0.019
2966.6382 10.798 0.023
2966.65581 10.823 0.022
2968.66059 11.207 0.02
2970.63181 10.816 0.02
2972.65653 11.0 0.023
2972.6906 10.972 0.02
2977.55637 10.848 0.025
2977.55942 10.895 0.038
2979.58872 10.865 0.039
2979.59177 10.929 0.022
2981.6111 10.901 0.028
2981.61418 10.886 0.025
2983.62363 10.888 0.026
2983.6268 10.896 0.023
2985.62959 10.872 0.022
2985.63279 10.897 0.02
2987.65874 10.88 0.024
2987.66193 10.912 0.022
2990.63104 10.97 0.02
2992.62631 10.866 0.026
2992.6294 10.887 0.02
2994.64386 10.85 0.024
2994.64696 10.907 0.02
2996.65917 10.918 0.021
2997.57267 10.84 0.025
3000.54206 10.874 0.023
3006.57961 10.857 0.047
3007.58788 11.292 0.022
3010.59479 11.033 0.029
3012.591 10.862 0.031
3018.54741 10.909 0.027
3018.55307 10.949 0.02
3035.54555 11.485 0.025
3164.91085 11.274 0.045
3169.91434 10.881 0.039
3182.9155 11.011 0.036
3185.88582 10.954 0.033
3186.88817 10.951 0.035
3271.73439 10.885 0.023
3278.73386 10.888 0.032
3290.63824 11.104 0.022
3295.62687 10.869 0.021
3298.65206 11.099 0.023
3326.6517 11.137 0.03
3363.59037 10.819 0.028
3367.59061 10.843 0.036
3367.59061 10.849 0.035
3387.5381 10.934 0.029
3390.55267 11.16 0.028
3396.55382 10.932 0.032
3399.54453 10.828 0.027
3401.5505 10.998 0.026
3401.5505 11.005 0.021
3403.53803 10.916 0.025
3406.53227 10.877 0.027
3409.52592 10.785 0.03
3414.51615 10.932 0.036
3524.93305 10.832 0.044
3529.90948 10.986 0.035
3541.90237 10.873 0.033
3552.91165 10.9 0.032
3560.87465 10.851 0.029
3563.88435 10.827 0.027
3569.91532 11.166 0.024
3572.87628 11.225 0.024
3575.8627 11.052 0.024
3578.89867 10.921 0.027
3582.92278 10.877 0.037
3585.82997 10.902 0.03
3588.82772 10.825 0.028
3591.80518 10.825 0.022
3597.82592 11.078 0.022
3601.75436 10.865 0.025
3617.77364 11.061 0.029
3620.74702 10.941 0.033
3622.78032 10.898 0.025
3625.7921 11.19 0.023
3628.76149 11.224 0.022
3633.75529 10.863 0.034
3636.74868 10.926 0.027
3639.68167 10.891 0.034
3642.70991 11.261 0.022
3644.79024 10.896 0.048
3648.68111 10.909 0.022
3650.73416 10.972 0.022
3652.73953 10.868 0.033
3654.7467 10.816 0.031
3656.68964 11.223 0.034
3660.67828 10.983 0.037
3662.7011 10.855 0.041
3664.73525 11.128 0.032
3668.64559 10.856 0.021
3670.67966 11.152 0.021
3672.76691 10.927 0.025
3675.60887 10.841 0.022
3677.72888 10.891 0.028
3699.73295 10.977 0.026
3704.70568 10.855 0.031
3707.63308 10.869 0.027
3711.65911 10.861 0.026
3715.5605 10.968 0.031
3717.62688 11.02 0.032
3720.6089 11.168 0.026
3722.65996 10.842 0.035
3725.62959 10.809 0.041
3727.64819 10.94 0.032
3731.58878 10.911 0.034
3734.62326 11.252 0.039
3737.61615 10.932 0.028
3742.58363 10.895 0.026
3745.58402 11.093 0.023
3748.58025 11.27 0.03
3752.57804 10.968 0.033
3755.54732 10.996 0.024
3758.54492 10.935 0.024
3761.54891 10.858 0.032
3764.53522 10.896 0.043
3769.52316 10.945 0.039
3774.52627 10.826 0.035
3894.90184 11.009 0.024
3900.91936 10.861 0.031
3907.89319 10.869 0.025
3983.81542 11.216 0.03
4089.61863 11.156 0.028
4103.59104 11.215 0.029
4105.61381 10.883 0.03
4109.57892 10.916 0.033
4125.53227 10.858 0.027
4127.55018 10.928 0.024
4133.54391 10.859 0.033
4246.91856 11.169 0.049
4258.93446 10.852 0.027
4273.92821 10.848 0.03
4283.89466 10.773 0.05
4290.88815 10.875 0.041
4293.87985 10.853 0.048
4296.87265 10.963 0.031
4301.88262 10.843 0.029
4304.81254 10.846 0.036
4306.86101 10.986 0.022
4308.83485 10.858 0.037
4310.87785 11.166 0.026
4330.73522 11.266 0.033
4332.77279 10.885 0.028
4334.75592 10.965 0.044
4338.73856 10.924 0.046
4350.73874 10.877 0.031
4353.73114 10.828 0.023
4355.77648 11.109 0.024
4358.72095 11.115 0.029
4361.71475 10.888 0.038
4363.73192 10.896 0.024
4365.73395 10.93 0.024
4368.67972 10.9 0.03
4372.7255 10.93 0.039
4375.72768 10.853 0.03
4377.79139 11.236 0.034
4380.66119 10.951 0.034
4382.70206 10.855 0.023
4384.72453 10.935 0.031
4386.71049 10.918 0.023
4388.68341 10.87 0.025
4392.64744 10.846 0.024
4399.78419 10.989 0.038
4403.59777 10.953 0.025
4407.62594 10.92 0.036
4409.6432 10.855 0.024
4420.76029 11.031 0.045
4428.57024 11.009 0.043
4430.62932 10.869 0.029
4432.681 10.849 0.022
4435.58778 10.86 0.028
4437.68196 10.947 0.032
4440.56896 10.946 0.03
4443.58937 10.965 0.03
4453.55326 11.084 0.028
4455.63383 10.897 0.032
4458.60626 11.056 0.035
4461.5956 11.288 0.026
4463.64668 10.805 0.026
4466.60051 10.863 0.035
4473.6147 10.856 0.028
4477.53461 10.822 0.028
4480.5458 10.832 0.031
4489.55739 11.124 0.03
4492.55319 10.91 0.03
4499.53641 10.843 0.034
4507.51906 10.934 0.039
