1868.64304 12.114 0.023
1869.63011 11.461 0.017
1871.64873 12.171 0.019
1872.64024 11.619 0.018
1873.63983 12.318 0.02
1874.63152 12.157 0.02
1875.63178 11.601 0.018
1876.63038 12.293 0.019
1877.63075 12.081 0.02
1878.62263 11.558 0.02
1879.62357 12.369 0.019
1880.60861 12.077 0.025
1881.61424 11.451 0.018
1884.59328 11.345 0.022
1885.61448 12.472 0.021
1886.61378 12.179 0.02
1887.60517 11.472 0.021
1888.60898 12.406 0.021
1889.60522 12.192 0.024
1899.58354 11.784 0.019
1902.55962 11.802 0.017
1904.56475 12.589 0.017
1906.56491 12.379 0.017
1908.55748 11.852 0.018
1913.54053 12.226 0.018
1915.59637 11.823 0.022
1919.55166 12.384 0.022
1921.58291 11.449 0.02
1923.59236 12.061 0.019
1925.6032 12.421 0.019
1932.59565 12.184 0.019
1938.54332 12.138 0.021
1947.52872 12.066 0.024
1950.54506 12.282 0.024
1953.57924 12.291 0.027
1961.5163 12.449 0.029
1964.53835 11.889 0.027
1968.50362 12.249 0.036
2070.94162 11.523 0.055
2082.91243 11.479 0.028
2086.90268 12.358 0.027
2088.9038 11.708 0.027
2094.87512 11.791 0.029
2095.91558 12.282 0.027
2096.9069 12.27 0.029
2103.86786 11.674 0.029
2104.90353 12.352 0.026
2106.872 11.775 0.024
2114.84159 12.266 0.051
2115.90882 11.932 0.023
2117.86121 12.308 0.02
2122.87951 11.391 0.031
2128.81911 11.616 0.024
2129.82651 12.262 0.024
2130.82553 12.01 0.023
2131.82746 11.586 0.022
2132.84576 12.293 0.021
2133.85707 12.146 0.02
2134.8666 11.478 0.024
2135.86251 12.295 0.028
2136.91154 12.099 0.021
2140.83894 11.295 0.031
2143.87876 11.617 0.028
2143.88056 11.645 0.03
2144.86281 12.353 0.024
2144.90239 12.444 0.023
2156.7678 12.327 0.028
2166.78308 12.198 0.026
2167.77037 11.626 0.023
2168.78321 12.479 0.025
2169.79039 12.181 0.024
2171.72772 12.46 0.029
2172.78273 12.296 0.027
2173.76665 11.766 0.026
2174.76579 12.524 0.028
2177.761 12.483 0.03
2183.72201 12.494 0.029
2185.71048 11.882 0.03
2186.74516 11.685 0.03
2189.76153 11.471 0.033
2190.72915 12.212 0.026
2191.73474 12.0 0.026
2192.72291 11.778 0.024
2193.72486 12.261 0.025
2194.72083 11.929 0.024
2196.72237 12.217 0.029
2198.71172 11.861 0.025
2199.71126 12.306 0.026
2200.75785 12.134 0.027
2201.70366 11.825 0.025
2202.70687 12.456 0.026
2203.69401 11.935 0.029
2204.69351 11.796 0.028
2206.69061 12.022 0.027
2207.68403 11.643 0.045
2212.58604 11.783 0.03
2213.65757 11.273 0.031
2214.66576 12.331 0.035
2215.67252 12.166 0.032
2217.67797 12.322 0.032
2221.66401 12.228 0.037
2222.67392 11.727 0.034
2224.65332 12.227 0.031
2225.66037 11.707 0.031
2226.6573 12.383 0.032
2227.65009 12.193 0.029
2228.65169 11.584 0.035
2229.64917 12.344 0.033
2230.64714 12.139 0.034
2232.64241 12.373 0.031
2234.63222 11.419 0.035
2235.63006 12.404 0.027
2236.62994 12.186 0.033
2237.63204 11.57 0.035
2239.61825 12.213 0.037
2240.62573 11.619 0.035
2241.62947 12.492 0.036
2242.6251 12.19 0.039
2243.62955 11.81 0.048
2244.63231 12.582 0.048
2247.61438 12.528 0.048
2248.62414 12.315 0.042
2249.62511 11.949 0.037
2250.61722 12.492 0.04
2251.61822 12.367 0.04
2252.61269 11.995 0.042
2253.61098 12.467 0.039
2254.61146 12.279 0.043
2255.60887 11.974 0.039
2256.60999 12.323 0.041
2257.60947 12.194 0.045
2258.59956 11.915 0.047
2260.59736 12.256 0.044
2261.59395 11.89 0.048
2262.6006 12.226 0.05
2264.60294 11.973 0.049
2266.56284 12.367 0.053
2453.9067 11.699 0.032
2453.9067 11.761 0.028
2460.89301 12.415 0.029
2460.89301 12.481 0.024
2465.88174 11.929 0.033
2467.87867 12.372 0.02
2470.8776 12.285 0.027
2473.88888 12.135 0.06
2486.85587 12.136 0.038
2486.85587 12.149 0.038
2497.81801 12.43 0.032
2498.89597 12.291 0.035
2501.86036 12.346 0.035
2502.87116 11.813 0.025
2508.82765 11.781 0.042
2520.79972 11.757 0.036
2521.86374 11.892 0.035
2521.86374 11.918 0.028
2523.82449 11.791 0.038
2526.8112 11.98 0.041
2529.75926 11.697 0.034
2538.80331 12.032 0.057
2540.74601 12.336 0.03
2544.82137 12.128 0.029
2549.72876 12.273 0.039
2549.72876 12.296 0.04
2553.71966 11.934 0.037
2556.79242 12.22 0.034
2556.79242 12.248 0.034
2558.69358 12.381 0.019
2558.71912 12.345 0.031
2558.71912 12.406 0.024
2559.74499 12.133 0.018
2560.75961 11.471 0.029
2562.74095 12.158 0.024
2563.7447 11.563 0.019
2564.7376 12.382 0.024
2565.75008 12.21 0.024
2566.82728 11.968 0.057
2577.74721 12.256 0.036
2579.64157 12.289 0.03
2621.60623 11.966 0.019
2622.67551 12.462 0.025
2624.70005 11.569 0.025
2627.70934 11.751 0.022
2634.71181 12.18 0.018
2636.73571 12.058 0.02
2638.72469 12.183 0.019
2640.72259 11.727 0.019
2644.71609 12.318 0.02
2646.69541 11.933 0.021
2649.68472 11.915 0.019
2651.64996 11.865 0.021
2653.64758 12.302 0.023
2655.67079 11.488 0.025
2658.66398 11.258 0.025
2660.66372 12.087 0.025
2662.66053 12.277 0.019
2664.65173 11.483 0.019
2666.6491 12.128 0.019
2668.65471 12.294 0.02
2670.64775 11.612 0.02
2672.64832 12.132 0.02
2674.636 12.292 0.02
2676.62211 11.47 0.022
2678.60743 12.465 0.02
2680.61006 12.396 0.021
2685.54125 11.579 0.026
2689.56086 12.452 0.034
2691.55489 11.475 0.023
2693.55963 12.148 0.022
2695.55157 12.326 0.019
2697.55084 11.685 0.02
2699.55175 12.59 0.019
2699.55175 12.629 0.019
2701.54735 12.457 0.021
2703.54503 11.698 0.022
2705.53705 12.154 0.024
2707.53955 12.412 0.023
2709.54004 11.633 0.023
2712.52168 11.613 0.025
2715.4994 11.575 0.026
2718.50205 11.744 0.024
2721.49751 11.746 0.025
2723.50656 12.286 0.022
2726.4883 12.358 0.022
2728.49128 12.173 0.022
2811.92138 12.425 0.024
2830.9021 11.971 0.036
2838.91517 12.329 0.025
2841.88172 12.467 0.024
2853.88191 12.504 0.048
2859.84559 12.423 0.019
2861.87012 11.819 0.022
2876.78183 11.667 0.035
2879.8369 11.94 0.021
2883.84927 11.31 0.019
2884.73658 12.116 0.026
2885.81321 12.032 0.034
2892.87354 11.65 0.021
2896.77785 12.305 0.025
2900.77924 12.005 0.02
2903.86529 12.198 0.022
2906.7767 12.09 0.019
2909.75666 12.107 0.038
2911.75801 12.398 0.016
2916.68394 11.439 0.019
2918.73233 12.279 0.047
2921.82457 12.458 0.037
2923.74894 12.418 0.024
2926.76658 12.474 0.024
2932.75696 12.445 0.018
2937.6765 11.469 0.021
2940.72323 11.812 0.028
2942.69308 12.28 0.021
2944.70033 12.518 0.021
2946.68584 11.792 0.022
2948.73398 12.3 0.022
2950.68902 12.2 0.027
2954.70841 12.216 0.027
2954.72779 12.247 0.056
2956.72651 11.453 0.026
2960.73431 12.486 0.034
2962.79825 11.665 0.03
2965.6171 12.448 0.023
2967.65502 12.041 0.032
2969.65268 12.457 0.024
2971.72966 11.566 0.021
2974.58538 12.412 0.022
2976.63075 12.065 0.025
2977.78358 11.93 0.045
2979.7121 12.221 0.024
2981.72695 12.556 0.028
2983.77353 12.015 0.03
2986.5553 11.683 0.02
2988.67181 12.248 0.019
2992.77071 12.098 0.026
2995.60933 11.524 0.022
2997.638 12.252 0.02
3000.63289 12.326 0.041
3006.63919 12.309 0.022
3008.65533 11.958 0.023
3012.69991 12.353 0.031
3015.71076 12.305 0.043
3018.5656 12.304 0.02
3031.61556 12.037 0.023
3033.61742 12.385 0.023
3035.62109 11.426 0.026
3039.63796 12.332 0.034
3042.6337 12.586 0.034
3048.56721 12.372 0.027
3051.56128 12.445 0.027
3054.55537 12.44 0.026
3056.57497 11.664 0.028
3059.53794 11.513 0.03
3061.57543 12.279 0.027
3064.53686 12.167 0.025
3068.531 11.662 0.027
3071.5259 11.769 0.032
3077.50733 11.877 0.028
3087.49892 12.045 0.028
3090.49313 12.032 0.052
3093.49589 11.829 0.026
3099.47626 11.536 0.038
3271.75428 12.161 0.022
3278.75761 11.514 0.042
3294.76786 12.097 0.029
3296.81138 12.074 0.025
3321.6861 11.39 0.031
3326.67935 12.11 0.036
3333.82243 12.037 0.029
3356.63989 12.273 0.031
3358.73871 11.914 0.029
3365.62075 12.288 0.042
3367.68924 11.5 0.036
3367.68924 11.515 0.038
3374.64042 12.302 0.039
3374.64042 12.322 0.044
3382.60807 11.624 0.036
3382.60807 11.645 0.036
3383.59026 12.419 0.032
3387.60504 12.034 0.038
3389.65653 12.349 0.049
3395.64888 12.449 0.03
3398.58819 12.374 0.025
3400.63491 11.833 0.027
3403.63861 11.832 0.025
3406.54849 11.538 0.038
3408.56693 12.157 0.026
3410.60734 12.512 0.039
3415.55388 11.582 0.032
3417.56898 12.262 0.048
3419.57008 12.397 0.027
3421.58724 11.872 0.029
3427.51338 11.795 0.025
3434.52221 12.094 0.031
3437.52508 11.954 0.04
3440.52006 11.962 0.022
3444.50794 12.47 0.033
3450.51544 12.404 0.029
3454.49814 12.088 0.032
3457.48926 12.055 0.025
3460.48065 12.085 0.033
3561.93155 11.881 0.031
3570.89187 11.826 0.025
3574.89522 12.361 0.027
3577.91742 11.645 0.028
3583.93449 11.431 0.024
3587.8747 12.378 0.049
3591.85937 12.087 0.023
3600.88412 12.161 0.034
3603.85982 12.173 0.031
3617.86172 12.514 0.028
3620.84861 12.445 0.05
3624.81954 12.274 0.023
3628.7987 11.725 0.024
3630.86436 12.358 0.029
3633.78362 12.161 0.026
3636.79202 12.275 0.033
3642.75622 12.366 0.032
3646.77125 11.901 0.039
3651.79164 12.36 0.032
3656.73474 11.834 0.024
3658.72231 11.91 0.025
3660.7655 12.28 0.032
3663.69755 12.284 0.033
3665.75354 11.359 0.026
3668.83352 11.742 0.021
3671.68621 11.923 0.021
3673.72844 12.041 0.022
3676.6569 11.942 0.026
3680.66461 11.36 0.021
3699.79998 11.265 0.03
3702.64552 12.404 0.031
3704.75118 11.951 0.026
3707.64941 11.695 0.023
3711.6547 12.464 0.024
3713.62324 11.796 0.028
3715.65645 12.289 0.049
3717.7834 11.749 0.039
3720.6459 11.94 0.035
3722.73577 12.028 0.039
3725.6598 11.984 0.044
3727.6792 12.235 0.035
3730.71852 12.457 0.042
3733.71843 12.495 0.038
3744.60793 11.473 0.031
3746.69461 12.231 0.047
3749.63127 12.257 0.04
3754.67836 12.412 0.038
3757.58493 12.38 0.031
3759.64439 11.771 0.035
3762.59117 11.628 0.033
3765.58514 11.672 0.026
3768.56907 11.644 0.03
3770.62448 12.482 0.049
3773.57949 12.386 0.039
3775.60619 11.62 0.044
3778.56 12.31 0.035
3780.60624 12.011 0.037
3789.52861 11.867 0.03
3791.57536 12.36 0.028
3794.55785 12.392 0.035
3797.53429 12.313 0.032
3800.52847 12.246 0.028
3803.5367 12.222 0.038
3806.52433 12.255 0.031
3810.51055 12.133 0.034
3813.50165 12.089 0.028
3816.50003 12.139 0.027
3819.49737 12.053 0.03
3822.49016 12.103 0.029
3906.9337 12.535 0.027
4104.59426 12.345 0.042
4106.64513 11.734 0.023
4109.66159 11.7 0.03
4125.61051 12.294 0.028
4127.60962 11.89 0.035
4131.64777 11.436 0.036
4134.57524 11.982 0.036
4145.61366 12.067 0.035
4152.58871 11.492 0.043
4155.53081 11.335 0.034
4158.54077 11.467 0.034
4160.56483 12.227 0.033
4162.56555 12.388 0.037
4173.50386 11.415 0.024
4175.52261 12.153 0.029
4180.49957 12.35 0.032
4183.50297 12.44 0.035
4283.92082 11.635 0.054
4291.91236 12.032 0.04
4295.91453 11.521 0.032
4298.92496 11.506 0.041
4302.88626 12.296 0.058
4305.89045 12.468 0.03
4308.86092 12.552 0.04
4312.84775 12.211 0.048
4316.89053 11.802 0.04
4330.79627 12.18 0.034
4332.84395 12.418 0.054
4334.87011 11.822 0.043
4338.83379 12.424 0.027
4340.86219 11.885 0.047
4343.82114 11.785 0.04
4349.81954 11.99 0.034
4352.8162 12.03 0.025
4355.79864 12.022 0.024
4358.79826 12.069 0.03
4361.84256 12.057 0.041
4363.79906 12.263 0.026
4365.78845 11.574 0.025
4368.7614 11.775 0.034
4372.80096 12.511 0.036
4375.79736 12.304 0.03
4378.74618 12.293 0.032
4380.80131 11.781 0.035
4383.7291 11.533 0.023
4385.77824 12.227 0.027
4388.71014 12.106 0.026
4392.73396 11.616 0.026
4399.73681 12.661 0.045
4402.77413 12.223 0.029
4406.69166 12.251 0.04
4408.72194 12.459 0.029
4411.68175 12.527 0.035
4420.67949 12.264 0.042
4422.7099 12.004 0.026
4425.80409 12.156 0.041
4428.60524 11.644 0.035
4430.66356 12.313 0.03
4432.7093 11.247 0.025
4437.62698 11.945 0.026
4441.78324 11.927 0.04
4457.65479 12.285 0.041
4459.75557 11.995 0.043
4462.66918 11.765 0.031
4465.61207 11.504 0.039
4477.62738 11.957 0.036
4483.58978 11.912 0.037
4486.60522 11.923 0.059
4488.63416 12.304 0.049
4490.64954 11.409 0.028
4493.59894 11.751 0.03
4499.57003 11.76 0.059
4505.55288 11.274 0.033
4508.5466 11.417 0.034
4510.5764 12.071 0.043
4517.56526 11.649 0.033
4520.54867 11.537 0.027
4522.56923 12.196 0.042
4525.54035 12.323 0.045
4528.53517 12.206 0.034
4531.52953 12.199 0.03
4534.51929 12.148 0.032
4538.50443 11.768 0.032
4541.51645 11.858 0.033
4547.50205 11.962 0.041
4554.49083 12.339 0.038
