2621.59834 10.477 0.025
2627.5925 10.716 0.023
2629.59495 10.847 0.023
2635.59374 10.994 0.028
2637.61094 11.082 0.027
2639.611 11.158 0.035
2643.62982 11.305 0.025
2645.59774 11.352 0.03
2647.58382 11.465 0.03
2654.53731 11.656 0.04
2657.58049 11.783 0.027
2659.59845 11.809 0.037
2661.59527 11.862 0.036
2663.59389 11.94 0.031
2666.53778 12.061 0.032
2668.54792 12.159 0.023
2670.54812 12.174 0.028
2672.55099 12.246 0.032
2674.54322 12.293 0.036
2681.534 12.567 0.037
2684.52646 12.569 0.026
2687.52241 12.751 0.03
2690.51502 12.949 0.031
2839.93022 11.962 0.036
2854.88257 11.454 0.027
2858.90516 11.207 0.024
2861.88334 11.078 0.028
2867.87726 10.737 0.028
2874.86375 10.258 0.031
2877.85294 10.014 0.027
2883.86697 9.381 0.028
2885.84485 9.181 0.031
2892.862 8.54 0.031
2894.82299 8.312 0.031
2899.86117 8.0 0.037
2902.80663 7.925 0.026
2905.80285 7.877 0.024
2908.78858 7.868 0.026
2910.80751 7.878 0.021
2912.7881 7.879 0.049
2915.79998 7.837 0.036
2921.75677 7.907 0.032
2929.74298 7.908 0.037
2931.76067 7.975 0.037
2933.7515 7.982 0.033
2935.74182 8.049 0.03
2939.70715 8.073 0.024
2943.66916 8.169 0.026
2944.78068 8.223 0.044
2946.69829 8.187 0.026
2948.74705 8.254 0.03
2954.70017 8.402 0.035
2956.69895 8.442 0.031
2958.72024 8.449 0.027
2960.69378 8.522 0.027
2962.73111 8.594 0.031
2964.72138 8.652 0.028
2966.72472 8.684 0.029
2969.61669 8.79 0.024
2971.65177 8.859 0.038
2973.64228 8.88 0.026
2975.65302 8.937 0.03
2981.62735 9.202 0.045
2983.64039 9.234 0.035
2985.64648 9.33 0.022
2987.67585 9.409 0.026
2990.63963 9.51 0.027
2992.64067 9.613 0.027
2994.66085 9.682 0.023
2996.67309 9.788 0.038
2998.68465 9.862 0.027
3001.63062 9.98 0.025
3009.58591 10.312 0.03
3011.60387 10.432 0.028
3013.6133 10.524 0.03
3016.62263 10.619 0.03
3018.62169 10.681 0.026
3025.56694 11.003 0.034
3030.54433 11.18 0.031
3036.56792 11.411 0.039
3042.54032 11.559 0.036
3048.52843 11.876 0.033
3054.51759 12.03 0.027
3057.51693 12.206 0.05
3266.80928 9.594 0.033
3268.80137 9.073 0.033
3270.78893 8.965 0.032
3276.75565 8.652 0.033
3294.7275 8.549 0.042
3296.79871 8.606 0.042
3321.66192 9.066 0.093
3365.60795 10.35 0.091
3367.66503 10.429 0.099
3367.66503 10.467 0.087
3385.62092 11.245 0.089
3391.5547 11.55 0.081
3395.56752 11.754 0.062
3398.54499 11.708 0.112
3401.54057 11.907 0.054
3401.54057 11.932 0.062
3404.56394 12.019 0.087
3410.5355 12.156 0.083
3413.52833 12.338 0.118
3422.51533 12.697 0.072
3573.93047 12.452 0.045
3577.92441 12.251 0.046
3583.92324 12.271 0.079
3587.89305 12.065 0.055
3590.91069 12.019 0.05
3599.88446 11.687 0.033
3617.84359 10.452 0.043
3624.81678 9.623 0.044
3629.77721 9.092 0.042
3631.81363 8.944 0.042
3636.86764 8.586 0.039
3639.76954 8.403 0.042
3642.76267 8.314 0.043
3646.76832 8.153 0.045
3651.75359 8.055 0.038
3654.72696 8.022 0.037
3656.72581 7.973 0.037
3658.7164 7.915 0.038
3660.73314 7.896 0.039
3664.79945 7.828 0.065
3668.70313 7.809 0.051
3670.78399 7.868 0.036
3673.66911 7.846 0.043
3675.77493 7.819 0.057
3680.65655 7.867 0.046
3699.75584 8.263 0.09
3702.68657 8.615 0.068
3705.60924 8.517 0.057
3707.68804 8.71 0.046
3711.73225 8.868 0.048
3713.66917 8.87 0.064
3719.64718 9.246 0.05
3721.68053 9.349 0.052
3724.6403 9.399 0.06
3727.61586 9.533 0.052
3731.606 9.6 0.057
3734.64395 9.761 0.063
3737.63051 9.97 0.073
3739.64906 9.951 0.09
3746.57627 10.333 0.074
3749.56842 10.216 0.083
3752.59413 10.566 0.084
3755.55765 10.569 0.093
3758.55587 10.549 0.091
3761.55983 10.771 0.069
3764.54839 11.043 0.1
3767.54188 10.987 0.077
3773.54019 11.299 0.063
3776.53898 11.301 0.08
3779.53492 11.388 0.061
4089.62826 8.995 0.065
4092.61687 9.025 0.075
4104.63109 9.772 0.091
4107.5745 9.804 0.045
4111.60503 10.077 0.093
4129.53323 10.601 0.056
4131.58043 10.622 0.1
4134.56099 10.861 0.073
4137.55185 10.938 0.092
4306.91039 13.294 0.046
4314.92339 12.827 0.062
4330.84161 12.28 0.042
4334.85735 12.193 0.049
4338.83562 12.032 0.048
4340.85665 11.935 0.064
4342.85764 11.906 0.064
4348.8078 11.609 0.044
4351.81564 11.526 0.048
4354.79844 11.313 0.051
4357.79432 11.129 0.041
4361.77792 10.733 0.055
4363.78412 10.626 0.041
4365.78358 10.443 0.04
4368.76408 10.121 0.043
4374.84722 9.454 0.058
4377.74622 9.234 0.047
4379.84404 9.023 0.05
4382.72824 8.83 0.04
4384.81587 8.702 0.039
4387.71835 8.503 0.046
4389.72692 8.46 0.049
4402.76758 8.031 0.059
4408.76374 7.796 0.047
4411.67046 7.758 0.08
4420.64872 7.639 0.047
4422.71797 7.781 0.068
4429.69789 7.654 0.049
4431.73216 7.662 0.053
4437.59707 7.737 0.05
4439.67314 7.834 0.068
4442.66524 7.85 0.059
4457.58148 8.313 0.053
4459.63142 8.307 0.055
4462.61308 8.476 0.046
4465.59203 8.558 0.072
4468.59658 8.633 0.069
4473.60802 8.814 0.075
4476.6034 8.934 0.074
4484.55999 9.346 0.08
4487.56059 9.43 0.068
4489.60242 9.476 0.066
4492.57271 9.754 0.074
4500.53222 9.976 0.074
4503.53098 10.213 0.057
4506.5274 10.286 0.079
4512.52401 10.469 0.071
4518.5171 10.806 0.07
