1868.64801 12.926 0.025
1869.63011 13.356 0.022
1869.63745 13.489 0.021
1871.64873 12.997 0.024
1871.65148 12.857 0.025
1872.64024 13.355 0.025
1872.64298 13.291 0.027
1873.63983 12.912 0.026
1873.64257 13.082 0.025
1874.63152 13.212 0.026
1874.63649 13.183 0.026
1875.63178 13.231 0.023
1875.63451 13.623 0.023
1876.63312 12.753 0.022
1877.63349 13.231 0.025
1878.62537 13.512 0.025
1879.62357 12.921 0.024
1879.62635 12.906 0.021
1880.6136 13.1 0.03
1881.61424 13.302 0.023
1881.617 13.017 0.024
1884.59328 13.319 0.031
1885.61448 12.883 0.027
1885.61725 13.078 0.027
1887.60517 13.251 0.029
1887.61935 12.992 0.03
1888.60898 13.015 0.029
1888.61171 13.174 0.029
1889.60795 13.507 0.035
1899.5885 12.833 0.027
1902.55962 13.064 0.022
1904.56475 13.314 0.022
1906.56491 13.294 0.021
1908.55748 12.852 0.022
1908.56015 13.188 0.023
1913.54053 12.929 0.024
1915.59637 13.262 0.029
1919.55166 13.123 0.027
1921.58291 13.183 0.026
1923.59236 13.222 0.024
1923.59719 13.092 0.023
1925.6032 13.478 0.024
1928.60008 13.401 0.023
1932.59565 13.243 0.023
1938.54332 12.996 0.025
1947.52872 13.003 0.03
1954.5239 13.198 0.032
1961.5163 12.911 0.027
1964.53835 13.156 0.027
2082.91243 13.223 0.034
2082.92115 12.888 0.034
2086.90268 12.987 0.032
2086.90905 12.952 0.029
2088.9038 12.97 0.032
2088.91262 12.69 0.029
2094.87512 13.058 0.037
2094.88612 13.123 0.035
2095.91558 13.902 0.034
2095.92878 13.482 0.034
2096.9069 13.037 0.036
2103.86786 12.862 0.034
2103.87912 13.209 0.031
2104.90353 13.194 0.032
2106.872 13.011 0.028
2114.84159 12.9 0.063
2115.90882 13.278 0.027
2117.86121 12.879 0.026
2128.81911 12.924 0.03
2130.82553 13.32 0.028
2131.82746 13.185 0.028
2132.84576 13.459 0.028
2133.85707 13.019 0.026
2134.8666 12.939 0.032
2136.92114 13.171 0.027
2140.82281 13.335 0.047
2144.90239 13.057 0.029
2151.7846 14.122 0.07
2156.77712 12.983 0.036
2166.78545 13.401 0.03
2167.77272 13.025 0.032
2168.78557 13.038 0.03
2169.79502 13.524 0.03
2171.73709 13.026 0.037
2172.78738 13.249 0.031
2173.76905 13.296 0.031
2173.76905 13.527 0.031
2174.77298 13.112 0.037
2177.76344 13.068 0.032
2183.69489 12.778 0.036
2185.71778 12.89 0.037
2186.74991 13.425 0.037
2186.74991 13.455 0.037
2189.76631 13.334 0.032
2190.73394 12.984 0.031
2191.73953 13.092 0.031
2192.72771 13.53 0.03
2194.72564 12.983 0.032
2196.72721 13.036 0.03
2197.75348 13.465 0.029
2198.71654 13.256 0.032
2199.71385 12.999 0.031
2200.76044 13.569 0.031
2201.70852 13.309 0.029
2202.71418 12.674 0.028
2204.70093 13.12 0.047
2206.6955 13.336 0.031
2208.65645 12.804 0.033
2212.6005 12.898 0.036
2212.62323 12.923 0.037
2213.66024 13.157 0.038
2214.72522 13.876 0.042
2215.67753 13.303 0.039
2217.68291 13.159 0.036
2219.66072 12.96 0.035
2221.66894 12.854 0.057
2224.66055 13.164 0.035
2224.66055 13.261 0.035
2225.66308 12.944 0.036
2226.66225 13.624 0.037
2227.65734 13.062 0.037
2228.65667 13.1 0.036
2229.65414 13.62 0.039
2230.65209 12.861 0.036
2232.64739 13.57 0.034
2233.6473 12.967 0.037
2234.6372 12.902 0.041
2235.6373 13.419 0.036
2236.63268 13.033 0.041
2237.63702 13.393 0.045
2242.63011 13.092 0.049
2243.63229 13.804 0.055
2247.61712 13.316 0.053
2247.61712 13.386 0.053
2248.62688 12.994 0.05
2250.61995 13.092 0.047
2251.62095 13.034 0.048
2253.61371 12.786 0.046
2254.61419 12.995 0.049
2255.6116 13.405 0.047
2256.61271 13.154 0.046
2257.61221 13.331 0.057
2258.60231 13.183 0.05
2260.60007 13.338 0.05
2261.60117 13.089 0.051
2263.55598 13.165 0.06
2263.55598 13.275 0.06
2265.58434 12.815 0.058
2265.58434 12.951 0.058
2444.91982 13.513 0.022
2453.9067 12.918 0.035
2453.9067 12.971 0.033
2453.91532 12.85 0.035
2453.91532 12.879 0.036
2460.89301 12.957 0.031
2460.89301 13.013 0.026
2465.89475 13.195 0.03
2465.90377 12.887 0.03
2467.87867 13.394 0.021
2467.88732 13.506 0.019
2470.90418 13.151 0.029
2496.80209 13.766 0.024
2498.89597 13.338 0.036
2499.81326 13.064 0.024
2501.86927 13.199 0.04
2502.87116 12.91 0.027
2511.78407 12.769 0.046
2511.78407 12.771 0.046
2520.79972 13.259 0.031
2520.80464 13.106 0.032
2521.86374 12.642 0.041
2521.86374 12.661 0.035
2523.82449 13.284 0.046
2526.81576 13.447 0.032
2529.75926 13.026 0.035
2529.76387 13.341 0.035
2540.74601 13.036 0.032
2540.75542 12.935 0.029
2544.82137 12.957 0.032
2544.82382 12.923 0.021
2549.75564 13.52 0.039
2549.75564 13.555 0.036
2553.71966 13.133 0.035
2553.72446 13.044 0.034
2558.69616 13.46 0.019
2558.71912 13.41 0.031
2558.71912 13.469 0.025
2559.74499 12.988 0.022
2559.75206 13.171 0.02
2560.75961 13.239 0.034
2561.76002 13.115 0.022
2562.74095 13.059 0.029
2562.75285 13.068 0.021
2563.7447 13.242 0.021
2564.7376 13.033 0.028
2564.74245 12.772 0.022
2565.75008 13.269 0.03
2565.75268 13.401 0.026
2579.64157 13.159 0.026
2621.60623 13.145 0.022
2621.61844 13.365 0.025
2622.67551 13.381 0.027
2622.69089 13.606 0.025
2624.70005 13.22 0.027
2627.71461 13.165 0.029
2634.71181 12.797 0.022
2634.73814 12.887 0.023
2636.73571 12.982 0.025
2637.56494 13.081 0.02
2638.72469 13.639 0.024
2639.57722 12.877 0.021
2640.72259 13.144 0.023
2641.58446 12.902 0.021
2643.58 13.611 0.02
2644.71609 13.512 0.026
2645.56835 12.991 0.02
2646.69541 13.036 0.026
2647.56599 12.714 0.021
2649.68472 13.114 0.022
2650.56949 12.869 0.021
2651.64996 12.861 0.024
2653.64758 13.417 0.025
2655.67079 13.064 0.032
2657.62409 13.163 0.029
2658.66398 13.842 0.031
2660.66372 12.686 0.032
2662.66053 13.343 0.024
2664.65173 13.374 0.024
2665.62861 13.107 0.023
2666.6491 13.086 0.024
2668.65471 13.024 0.025
2670.64775 13.33 0.024
2672.64832 13.213 0.024
2674.636 12.991 0.024
2675.60057 12.943 0.024
2676.62211 13.196 0.029
2678.60743 13.389 0.026
2679.5695 13.207 0.027
2680.61006 12.99 0.027
2683.57878 12.89 0.03
2685.54125 13.334 0.032
2688.52997 13.574 0.027
2689.56086 12.883 0.032
2689.56086 13.206 0.032
2690.53635 12.972 0.022
2691.55489 13.119 0.028
2693.55963 13.799 0.024
2694.53974 13.109 0.025
2695.55157 13.096 0.023
2696.53972 13.446 0.023
2697.55084 13.036 0.023
2699.55175 13.499 0.022
2700.53853 12.968 0.025
2701.54735 13.161 0.024
2703.54503 12.833 0.024
2705.53705 13.207 0.024
2707.53955 13.26 0.025
2709.54004 12.968 0.033
2712.52168 12.833 0.029
2715.4994 12.877 0.034
2721.49751 12.926 0.029
2723.49001 12.846 0.037
2723.50656 13.008 0.026
2726.4883 13.212 0.027
2727.48254 13.177 0.036
2728.49128 13.178 0.028
2811.92138 12.926 0.029
2811.93496 13.073 0.028
2830.90881 13.021 0.027
2841.88172 13.409 0.026
2841.88599 13.294 0.028
2853.88191 13.073 0.058
2859.84559 12.827 0.023
2859.87492 12.984 0.023
2861.87012 13.115 0.027
2861.91234 13.077 0.026
2867.8148 13.352 0.026
2872.90439 12.823 0.023
2876.78183 13.179 0.044
2876.78877 13.058 0.02
2879.8369 12.885 0.024
2883.84927 13.22 0.019
2883.85835 13.177 0.019
2892.87354 13.044 0.027
2896.77785 13.496 0.031
2896.78552 13.098 0.03
2900.77924 13.219 0.023
2900.78162 13.29 0.022
2903.86529 12.864 0.026
2906.7767 13.401 0.022
2909.75666 14.268 0.053
2911.75801 13.003 0.019
2911.76296 13.086 0.019
2916.68394 13.303 0.023
2916.68888 13.154 0.023
2923.74894 13.758 0.031
2926.76658 13.493 0.027
2932.75696 12.946 0.021
2937.6765 12.894 0.027
2940.72323 13.328 0.025
2940.72588 13.401 0.021
2942.69308 13.078 0.023
2944.70033 13.078 0.025
2946.68584 13.73 0.023
2946.70135 13.477 0.027
2946.71082 13.626 0.027
2948.73398 13.612 0.029
2950.68902 12.882 0.038
2960.73431 13.419 0.047
2962.79825 13.85 0.041
2965.6171 13.082 0.03
2967.65502 12.877 0.037
2969.65268 13.898 0.031
2971.72966 13.252 0.027
2974.58538 12.912 0.029
2976.6486 12.617 0.056
2977.78358 12.673 0.062
2979.7121 13.61 0.031
2981.72695 13.102 0.042
2983.77353 13.179 0.042
2986.5553 12.873 0.024
2988.67181 14.08 0.025
2992.77071 13.268 0.034
2995.60933 13.08 0.029
2997.638 13.086 0.025
3006.63919 12.653 0.029
3008.65533 13.16 0.031
3018.5656 12.913 0.027
3031.61556 13.364 0.032
3033.61742 13.256 0.03
3035.62109 12.809 0.034
3039.63796 13.307 0.053
3042.6337 12.621 0.045
3048.56721 13.263 0.039
3051.56128 13.28 0.031
3054.55537 12.97 0.035
3056.57497 13.212 0.037
3059.53794 13.411 0.04
3061.57543 13.239 0.035
3064.53686 13.419 0.035
3068.531 13.039 0.037
3071.5259 13.226 0.045
3077.50733 13.212 0.041
3087.49892 13.3 0.037
3090.49313 14.142 0.063
3093.49589 13.751 0.034
3269.76757 13.558 0.021
3271.75717 12.95 0.03
3273.7881 12.765 0.032
3278.76124 13.791 0.052
3298.72078 13.198 0.027
3356.64287 12.903 0.046
3358.74172 13.135 0.041
3362.65018 13.522 0.041
3365.62799 13.207 0.045
3365.74119 12.749 0.048
3374.73828 13.151 0.058
3374.73828 13.176 0.06
3383.645 12.657 0.044
3385.63928 13.207 0.037
3387.65558 13.42 0.036
3387.67397 13.322 0.043
3390.58192 12.935 0.039
3394.60617 13.235 0.035
3396.61929 13.401 0.042
3398.64871 13.08 0.044
3404.61197 13.149 0.025
3406.60989 12.905 0.038
3408.61833 13.39 0.04
3411.55699 13.533 0.049
3415.58459 12.939 0.035
3420.54073 13.152 0.04
3425.55996 13.068 0.044
3427.55444 13.163 0.043
3434.54573 13.235 0.035
3438.52081 12.944 0.031
3442.50683 13.765 0.025
3445.51521 13.435 0.032
3450.49301 13.11 0.04
3454.48999 13.417 0.055
3457.48363 12.833 0.049
3561.93631 13.32 0.038
3570.90587 13.228 0.027
3578.88447 13.689 0.031
3584.87018 12.977 0.031
3588.86675 12.796 0.033
3591.88777 13.15 0.033
3596.88765 12.935 0.037
3600.89838 13.528 0.044
3620.72244 12.87 0.038
3620.75313 13.404 0.038
3620.81524 13.754 0.044
3620.85085 13.494 0.043
3620.86081 13.187 0.041
3620.88499 13.177 0.049
3624.82229 12.99 0.028
3628.80435 13.037 0.031
3630.86696 13.018 0.037
3633.78626 12.852 0.04
3639.76701 12.883 0.037
3646.77394 13.909 0.036
3651.79451 13.647 0.046
3654.72399 13.037 0.041
3656.74356 12.996 0.028
3658.73173 13.09 0.032
3660.7737 13.013 0.046
3663.7062 13.372 0.042
3665.75968 13.077 0.034
3668.84259 12.925 0.026
3671.68914 12.894 0.026
3673.7313 12.928 0.027
3676.66562 13.302 0.034
3680.67632 13.195 0.028
3699.80299 12.885 0.041
3704.76325 13.423 0.033
3707.65827 12.736 0.031
3712.61541 13.448 0.033
3714.6226 13.178 0.031
3716.72852 13.602 0.04
3718.70358 12.929 0.051
3721.63639 12.929 0.053
3728.67126 13.04 0.043
3732.63009 13.279 0.044
3735.63207 13.222 0.033
3738.59211 12.946 0.033
3740.64281 13.008 0.031
3743.61593 13.282 0.034
3745.69781 12.917 0.046
3748.61833 14.025 0.051
3750.64815 13.615 0.044
3753.65552 13.329 0.041
3756.58556 13.369 0.054
3758.64919 13.654 0.041
3761.60774 13.109 0.048
3764.59046 13.555 0.051
3766.63316 12.962 0.042
3769.58602 13.136 0.047
3771.62066 13.303 0.048
3774.59121 13.491 0.047
3776.61218 13.776 0.052
3783.56408 13.181 0.054
3789.54765 13.215 0.041
3792.54131 13.086 0.044
3795.5315 12.999 0.046
3798.52691 13.229 0.035
3801.52192 13.188 0.041
3804.52132 12.908 0.048
3808.5138 13.194 0.054
3814.50004 12.918 0.047
3817.48847 13.137 0.048
3820.49093 13.204 0.041
3907.92856 13.258 0.041
4089.55596 13.389 0.036
4091.68854 13.655 0.057
4104.69045 13.273 0.06
4107.58672 12.783 0.029
4125.63984 13.296 0.051
4127.65009 13.514 0.036
4129.6346 13.295 0.036
4132.56944 12.963 0.038
4134.60505 12.987 0.047
4136.60512 13.888 0.035
4151.54227 13.08 0.033
4153.55542 13.631 0.028
4159.54572 13.673 0.033
4161.55302 12.951 0.056
4164.53873 12.79 0.048
4167.52585 13.013 0.034
4174.51483 13.137 0.04
4182.49705 13.551 0.045
4283.93307 13.003 0.064
4291.92177 13.028 0.03
4295.91911 13.17 0.045
4299.89183 12.928 0.046
4302.91174 12.854 0.053
4316.90328 12.941 0.054
4330.81377 13.206 0.048
4332.84624 13.197 0.063
4338.83965 13.24 0.031
4340.88049 13.278 0.033
4349.82534 13.539 0.036
4352.82356 13.295 0.034
4355.80524 13.227 0.032
4358.80937 12.953 0.035
4361.84524 13.212 0.036
4363.80434 13.716 0.036
4365.7987 12.942 0.031
4368.76652 13.06 0.041
4372.80858 13.218 0.052
4375.80019 13.728 0.044
4378.75159 13.245 0.048
4380.81116 12.737 0.046
4383.73595 13.472 0.034
4385.78097 13.362 0.032
4388.71725 12.986 0.029
4392.73935 12.886 0.033
4399.84419 13.166 0.053
4403.68981 13.647 0.042
4407.71806 12.886 0.045
4409.82397 13.047 0.039
4413.656 12.927 0.031
4421.6311 13.527 0.031
4423.68375 13.665 0.043
4429.60829 13.262 0.04
4431.67671 13.357 0.038
4433.77157 13.138 0.037
4436.64248 12.92 0.034
4438.72243 12.962 0.047
4441.6312 13.153 0.041
4444.63432 13.175 0.047
4456.65531 12.758 0.069
4458.74757 15.71 0.06
4461.64933 12.801 0.034
4463.72214 13.191 0.039
4466.64371 13.271 0.044
4469.62658 12.674 0.064
4484.59151 12.927 0.04
4486.65316 13.271 0.05
4489.58658 12.905 0.037
4491.63664 13.069 0.037
4494.57309 13.426 0.035
4498.57515 12.888 0.041
4501.56029 12.918 0.066
4504.55906 12.917 0.058
4510.5455 12.915 0.051
4518.55196 12.769 0.044
4523.55746 13.204 0.058
4526.54977 13.273 0.059
4529.53573 12.741 0.053
4532.52761 13.022 0.037
4535.52128 13.016 0.048
4538.52515 13.048 0.034
4543.49492 13.112 0.054
4546.50022 12.864 0.059
4554.48468 13.052 0.048
