1868.63654 13.123 0.026
1868.65463 13.04 0.028
1869.62353 12.405 0.022
1869.63958 12.415 0.024
1870.6307 13.007 0.023
1870.65228 13.0 0.027
1871.63998 12.449 0.026
1871.65589 12.517 0.026
1872.63147 13.059 0.026
1872.64965 13.026 0.024
1873.63332 12.862 0.026
1873.65144 12.508 0.026
1874.62052 12.851 0.024
1874.63866 13.142 0.026
1875.62078 13.029 0.023
1875.64118 12.46 0.022
1876.62163 12.923 0.022
1876.63978 12.954 0.023
1877.62424 12.513 0.03
1877.6424 12.66 0.028
1878.61391 13.059 0.032
1878.62985 13.013 0.027
1879.61709 12.504 0.023
1879.63527 12.626 0.024
1880.60213 12.963 0.05
1880.62029 13.05 0.032
1881.6055 12.471 0.024
1881.62372 12.601 0.024
1884.58683 12.959 0.024
1884.60736 12.898 0.028
1885.61952 12.528 0.024
1886.60508 13.071 0.023
1886.62327 12.779 0.025
1887.59873 12.609 0.028
1888.60254 13.158 0.029
1888.62077 12.921 0.03
1889.59654 12.355 0.041
1889.61497 12.76 0.03
1899.59633 12.832 0.027
1900.55447 13.013 0.025
1902.57175 13.149 0.022
1902.57819 13.24 0.022
1904.55622 13.01 0.024
1904.57246 12.949 0.025
1906.57714 12.986 0.022
1906.5857 13.038 0.021
1908.55119 13.024 0.024
1908.56971 13.118 0.024
1913.55019 12.86 0.024
1913.55528 12.812 0.024
1915.5586 12.858 0.025
1915.59709 12.895 0.026
1919.54181 12.991 0.029
1919.54795 12.969 0.03
1921.55684 12.85 0.024
1921.57698 13.201 0.025
1923.55724 13.117 0.025
1923.58876 13.035 0.025
1925.58235 12.871 0.027
1925.59743 13.076 0.04
1929.60689 13.026 0.022
1931.5818 12.903 0.039
1933.58732 13.156 0.022
1936.57126 12.64 0.022
1937.53446 12.837 0.025
1939.54358 13.08 0.025
1941.53714 12.771 0.023
1946.56522 12.56 0.032
1949.55735 12.929 0.029
1950.53987 12.675 0.023
1953.53134 12.942 0.025
1953.56945 13.167 0.026
1955.58365 13.064 0.028
1959.55684 13.021 0.026
1959.58112 12.949 0.028
1963.51576 13.072 0.031
1963.53782 13.126 0.03
1965.56864 12.768 0.026
1967.50523 13.026 0.034
1968.51831 12.911 0.03
1979.52306 12.732 0.043
1982.50825 12.904 0.03
1984.5049 13.138 0.035
1996.49033 13.08 0.047
1997.4869 12.498 0.051
2070.94103 12.4 0.038
2082.91158 12.615 0.033
2086.90173 12.605 0.034
2088.8869 12.412 0.03
2088.9028 12.505 0.032
2094.88075 12.561 0.036
2095.91893 13.361 0.035
2096.91021 12.61 0.035
2103.8641 13.134 0.038
2104.88693 12.786 0.031
2104.90208 12.667 0.033
2105.89885 13.343 0.031
2105.93964 12.811 0.031
2113.91695 12.381 0.026
2114.84666 12.735 0.049
2115.92102 12.277 0.029
2117.83019 13.086 0.026
2117.86619 12.758 0.028
2122.87324 12.874 0.039
2128.81687 13.034 0.033
2129.7901 12.78 0.028
2129.82425 12.14 0.03
2130.79871 13.069 0.027
2130.82324 13.068 0.03
2131.80784 12.201 0.028
2131.82513 12.228 0.03
2132.82837 12.936 0.029
2132.84339 12.996 0.027
2133.83742 12.264 0.029
2133.85466 12.237 0.029
2134.88009 12.953 0.033
2135.90131 12.565 0.045
2140.864 12.875 0.036
2144.79034 13.109 0.029
2144.85824 12.763 0.031
2156.74294 13.016 0.061
2156.77849 13.221 0.038
2166.77131 12.767 0.056
2166.78905 13.066 0.032
2167.75626 12.968 0.057
2167.77812 12.93 0.031
2168.7736 13.167 0.061
2168.80275 12.88 0.031
2169.78208 12.785 0.055
2169.8099 13.122 0.027
2171.69716 12.672 0.056
2171.74012 12.825 0.04
2172.75884 13.302 0.057
2172.80193 13.151 0.032
2173.75241 12.706 0.059
2173.78329 12.864 0.032
2174.75348 13.019 0.057
2174.78762 13.15 0.038
2177.70938 12.779 0.058
2177.77773 13.248 0.033
2183.68219 12.876 0.063
2183.69533 13.043 0.036
2185.70041 13.053 0.063
2185.7226 12.883 0.038
2186.73954 12.439 0.065
2186.75248 12.698 0.035
2189.7536 12.915 0.063
2189.76885 13.143 0.035
2190.72083 12.704 0.056
2190.7437 12.361 0.031
2191.72669 12.901 0.057
2191.74651 12.984 0.03
2192.71259 12.796 0.055
2192.73467 12.629 0.03
2193.71901 12.762 0.059
2193.73662 13.003 0.029
2194.71495 12.559 0.058
2194.7348 12.402 0.028
2195.70615 13.284 0.074
2196.7412 12.523 0.037
2197.73794 13.041 0.057
2197.76066 13.039 0.029
2198.70576 12.461 0.06
2198.72331 12.451 0.032
2199.6985 13.065 0.057
2199.72058 13.041 0.033
2200.7474 12.545 0.056
2200.76502 12.568 0.031
2201.69512 13.078 0.06
2201.7223 12.874 0.029
2202.72346 12.473 0.031
2203.68569 12.878 0.058
2203.70561 13.055 0.045
2204.6874 12.353 0.067
2204.72164 12.37 0.037
2206.67741 12.516 0.056
2206.73024 12.8 0.03
2207.67563 12.907 0.068
2208.66561 12.709 0.032
2211.62062 13.073 0.06
2212.60038 12.631 0.036
2213.61885 13.001 0.061
2213.66459 12.975 0.035
2214.65728 12.414 0.064
2214.67051 12.492 0.038
2215.67961 13.223 0.037
2216.68793 12.652 0.039
2217.66935 12.985 0.057
2222.66272 12.694 0.063
2222.68318 12.753 0.035
2224.64691 12.702 0.059
2226.65089 12.607 0.062
2228.64297 12.844 0.061
2229.64049 13.211 0.065
2230.64069 12.793 0.06
2232.63144 12.7 0.056
2234.62573 12.756 0.063
2237.62557 13.135 0.063
2239.60948 12.924 0.068
2241.62071 13.007 0.062
2242.6186 12.861 0.066
2244.62358 12.678 0.074
2244.644 12.783 0.052
2248.61538 13.017 0.066
2248.63585 12.99 0.047
2249.63746 12.945 0.042
2250.57595 12.95 0.067
2250.63123 13.135 0.044
2251.60454 12.98 0.069
2252.60394 13.221 0.065
2252.62448 12.933 0.047
2253.60444 12.87 0.069
2253.62279 12.929 0.047
2254.60044 12.804 0.068
2254.61654 12.901 0.044
2255.59787 12.705 0.065
2255.61844 12.682 0.044
2256.59671 12.923 0.07
2256.61961 13.296 0.045
2258.60703 13.458 0.049
2258.60897 13.001 0.071
2261.60602 12.55 0.051
2262.60139 13.075 0.053
2445.9056 12.815 0.022
2453.86483 12.917 0.029
2460.87999 12.494 0.027
2462.93799 12.391 0.026
2462.93799 12.395 0.028
2465.88487 12.99 0.027
2466.87005 12.425 0.023
2467.88183 13.119 0.02
2470.88058 12.365 0.027
2471.84415 13.162 0.032
2474.84483 12.452 0.026
2486.85385 12.825 0.046
2495.79771 12.99 0.029
2496.882 12.845 0.027
2496.93718 12.937 0.032
2498.78576 12.687 0.025
2498.82421 12.788 0.025
2499.85081 13.176 0.023
2501.84043 13.087 0.024
2501.86243 12.834 0.033
2502.84203 12.699 0.027
2502.85938 12.829 0.027
2508.80913 12.72 0.05
2520.77333 12.907 0.025
2520.81969 13.106 0.035
2523.81481 13.081 0.049
2523.84156 12.843 0.052
2526.83073 13.156 0.028
2529.74308 12.785 0.035
2529.76718 12.645 0.033
2538.79529 13.007 0.05
2538.81578 13.26 0.048
2540.73073 12.972 0.028
2540.75834 12.926 0.046
2544.81077 12.979 0.021
2544.83641 13.115 0.038
2553.73603 12.718 0.039
2554.75887 13.244 0.043
2554.80776 13.401 0.05
2556.77694 12.966 0.048
2556.8206 13.067 0.028
2558.67866 12.969 0.025
2558.70806 13.02 0.023
2559.75726 12.815 0.026
2560.74895 13.169 0.022
2560.77899 12.887 0.024
2561.74928 12.888 0.024
2561.77886 12.771 0.024
2562.73246 12.986 0.022
2562.77129 12.984 0.028
2563.73631 12.897 0.023
2563.77109 12.914 0.026
2564.72938 13.075 0.022
2564.77067 12.961 0.025
2565.74186 12.824 0.025
2565.77166 12.933 0.026
2566.78343 12.888 0.038
2574.8134 12.497 0.045
2577.7312 12.819 0.035
2577.74978 13.049 0.033
2579.61578 12.821 0.03
2579.64501 12.828 0.029
2620.62101 12.658 0.033
2620.62819 12.805 0.028
2622.63387 12.784 0.023
2622.63877 12.745 0.028
2624.67303 12.95 0.026
2624.67794 12.773 0.024
2627.68233 13.035 0.028
2627.68728 13.424 0.026
2629.68417 13.076 0.028
2629.68917 12.956 0.027
2634.67717 12.967 0.022
2634.68236 13.16 0.028
2636.70801 13.171 0.021
2636.71324 12.932 0.024
2638.69703 12.909 0.024
2640.70024 13.022 0.029
2642.69277 13.254 0.023
2642.69803 12.996 0.028
2644.68857 12.973 0.024
2646.6732 13.073 0.026
2649.65731 12.372 0.023
2649.66263 12.388 0.03
2651.63973 12.369 0.036
2653.63681 12.373 0.025
2653.64216 12.41 0.033
2655.6499 12.538 0.028
2655.6603 12.655 0.03
2658.64845 12.914 0.028
2658.65383 12.768 0.037
2660.64827 13.153 0.029
2662.64511 12.995 0.023
2664.63636 12.971 0.023
2664.64178 13.031 0.031
2666.63378 13.244 0.025
2668.63948 13.12 0.021
2668.6449 13.186 0.028
2670.63258 12.954 0.023
2670.63801 13.141 0.028
2672.63322 13.233 0.021
2672.63865 13.007 0.027
2674.62095 12.989 0.026
2676.60714 13.03 0.023
2676.61258 12.966 0.035
2678.59252 13.016 0.026
2678.59796 12.996 0.034
2680.5952 13.125 0.027
2684.61088 13.176 0.033
2684.61631 13.289 0.034
2686.63488 13.03 0.037
2688.6152 12.829 0.038
2688.62565 13.108 0.036
2690.61405 12.892 0.032
2690.62452 12.68 0.027
2692.61932 12.758 0.028
2693.51624 12.741 0.027
2694.62005 12.321 0.026
2695.52849 12.848 0.022
2697.5324 12.759 0.024
2698.61318 12.121 0.032
2699.53787 13.089 0.024
2700.61276 12.193 0.025
2701.53354 13.096 0.024
2702.606 12.215 0.024
2703.53129 12.995 0.025
2704.59328 12.115 0.023
2705.52336 13.039 0.022
2706.57512 12.166 0.029
2707.52588 13.039 0.025
2711.54271 13.295 0.027
2712.55771 12.384 0.029
2714.51123 12.159 0.036
2714.56965 12.346 0.033
2717.51126 13.163 0.032
2717.56362 13.014 0.036
2720.50491 12.426 0.023
2720.55239 12.762 0.026
2722.50906 12.373 0.024
2722.54936 12.577 0.024
2724.50968 12.476 0.022
2724.54754 12.494 0.022
2726.50781 12.451 0.023
2726.54592 12.623 0.026
2728.50633 12.454 0.021
2730.50237 12.51 0.023
2733.4841 13.228 0.04
2734.49216 12.639 0.023
2735.4871 13.094 0.027
2737.48299 13.328 0.025
2737.49271 13.212 0.026
2741.4951 12.882 0.028
2742.4767 12.568 0.034
2744.48037 12.788 0.036
2752.47021 13.081 0.035
2756.46857 13.343 0.057
2805.9247 12.435 0.031
2810.93804 13.181 0.033
2814.93585 12.929 0.029
2833.90877 12.828 0.035
2838.89502 13.031 0.029
2841.87322 12.825 0.026
2853.87064 12.752 0.057
2859.81309 12.935 0.023
2859.84079 12.923 0.023
2861.84757 12.96 0.033
2861.86777 12.929 0.027
2867.80555 13.006 0.028
2871.92067 13.198 0.032
2874.84489 12.581 0.029
2875.85298 12.887 0.02
2877.8274 12.846 0.022
2883.87125 12.959 0.02
2885.83531 12.941 0.025
2892.85956 12.683 0.029
2892.88849 12.998 0.028
2894.76899 12.733 0.034
2894.80069 12.789 0.028
2896.7635 12.808 0.025
2896.79364 12.791 0.033
2900.76251 12.866 0.026
2900.79257 12.704 0.027
2903.84845 12.859 0.03
2906.76811 12.867 0.022
2906.79222 12.783 0.025
2911.80274 12.616 0.034
2915.75425 12.795 0.025
2916.65631 12.815 0.027
2921.81435 12.422 0.056
2922.73351 12.987 0.034
2923.74091 12.426 0.032
2923.74091 12.434 0.032
2924.78166 13.14 0.033
2926.75845 12.656 0.025
2927.7202 12.392 0.023
2929.74721 12.374 0.034
2930.75223 12.901 0.022
2931.77578 12.583 0.029
2932.74645 13.048 0.023
2933.7759 12.681 0.029
2934.74135 12.929 0.025
2935.75022 12.532 0.031
2939.71369 12.463 0.023
2940.67995 13.236 0.025
2942.68662 13.084 0.032
2943.65655 12.319 0.025
2944.68276 13.132 0.028
2946.67956 13.018 0.029
2946.71308 13.082 0.024
2948.72743 13.118 0.029
2948.76274 12.937 0.03
2950.68232 13.123 0.034
2950.70887 13.025 0.036
2954.72107 13.204 0.031
2956.74392 13.122 0.032
2958.75383 13.005 0.031
2958.77817 13.006 0.031
2961.64057 12.708 0.026
2962.78133 12.71 0.078
2963.68288 12.879 0.051
2965.59334 12.532 0.027
2965.69888 12.74 0.044
2967.67802 12.804 0.053
2969.64338 12.801 0.043
2969.67298 13.021 0.033
2971.70988 13.112 0.025
2972.60515 12.968 0.028
2973.66728 12.668 0.039
2974.65893 12.764 0.025
2975.66423 13.007 0.032
2976.65145 13.198 0.031
2977.64948 12.741 0.027
2979.66663 12.715 0.028
2980.68473 12.248 0.033
2981.68548 12.961 0.036
2982.69243 12.419 0.051
2983.71434 13.023 0.038
2984.69783 12.281 0.029
2985.76756 13.238 0.034
2986.71424 12.335 0.029
2987.79925 13.588 0.031
2988.76101 12.502 0.035
2990.69332 12.441 0.027
2991.58602 13.139 0.026
2992.70934 12.41 0.025
2993.62939 12.931 0.024
2995.59287 13.019 0.026
2995.68813 13.07 0.03
2997.6188 12.894 0.027
2997.70628 12.839 0.028
3000.61038 12.274 0.038
3000.70702 12.563 0.039
3006.6195 12.508 0.031
3006.70411 12.549 0.046
3008.63649 12.392 0.034
3008.69617 12.865 0.029
3010.71311 12.558 0.036
3012.6579 12.74 0.04
3012.73624 12.88 0.046
3015.67337 13.129 0.047
3016.593 12.63 0.04
3017.66481 13.017 0.029
3018.60447 12.762 0.025
3019.66317 13.34 0.029
3023.71609 12.168 0.03
3028.67435 13.193 0.075
3028.69863 13.421 0.03
3031.57515 13.041 0.032
3031.57842 13.107 0.029
3033.58493 13.12 0.042
3033.58815 12.99 0.035
3035.61015 12.659 0.031
3035.61572 12.762 0.034
3039.61725 12.308 0.058
3039.62272 12.257 0.035
3042.61966 13.114 0.04
3042.62299 12.947 0.052
3044.65114 12.811 0.036
3045.5751 12.428 0.029
3047.59822 12.285 0.035
3048.5634 12.682 0.036
3050.58201 13.084 0.026
3051.55839 12.347 0.044
3053.58156 12.428 0.034
3054.55258 12.88 0.052
3055.61831 12.829 0.049
3056.57224 12.785 0.05
3057.62476 12.733 0.039
3059.53529 12.343 0.072
3060.55872 13.561 0.042
3061.57292 12.839 0.048
3062.57561 13.124 0.031
3067.55569 12.678 0.033
3068.59481 12.908 0.035
3069.57454 12.458 0.046
3072.53436 13.278 0.041
3075.54524 12.907 0.068
3076.57545 13.099 0.042
3078.52644 13.086 0.058
3078.5777 13.344 0.03
3081.53633 12.604 0.033
3086.50581 13.444 0.044
3090.53211 12.828 0.037
3092.4932 13.191 0.049
3092.54486 12.821 0.033
3097.48898 12.814 0.036
3097.497 13.199 0.033
3100.49116 12.658 0.039
3103.48241 13.226 0.036
3105.50833 12.805 0.047
3108.48409 12.796 0.032
3111.48256 12.766 0.036
3114.47252 12.406 0.031
3179.93402 12.567 0.028
3183.93576 12.824 0.04
3186.93357 12.76 0.04
3191.93674 12.83 0.047
3271.77027 13.136 0.031
3321.67448 12.735 0.036
3326.66776 12.914 0.03
3333.81787 12.841 0.042
3333.82897 12.86 0.04
3356.6479 12.903 0.033
3367.62242 12.954 0.046
3373.63216 12.863 0.056
3384.72055 12.553 0.067
3387.56032 12.869 0.043
3389.62664 13.082 0.045
3389.62981 12.877 0.032
3391.66488 13.014 0.037
3395.61201 12.516 0.041
3395.61522 13.55 0.046
3397.64725 12.829 0.039
3397.65418 13.267 0.041
3399.70824 13.186 0.041
3400.5747 12.464 0.052
3403.57989 12.944 0.035
3403.60197 12.897 0.027
3405.6081 12.876 0.04
3405.62854 13.006 0.034
3410.56228 12.737 0.082
3411.65316 13.088 0.034
3412.60682 12.904 0.033
3414.53242 12.606 0.032
3416.54765 13.241 0.041
3416.61689 12.694 0.049
3418.556 12.668 0.038
3419.53275 13.244 0.029
3420.57077 12.932 0.039
3421.5679 12.835 0.052
3424.62034 12.823 0.049
3426.55467 12.891 0.034
3426.61799 12.741 0.041
3428.62696 12.949 0.046
3430.5737 12.834 0.035
3431.54966 13.128 0.063
3433.52499 13.165 0.032
3433.55985 12.84 0.035
3436.53907 12.755 0.038
3436.56102 12.975 0.043
3439.52854 12.742 0.027
3439.55215 12.628 0.029
3442.52377 13.098 0.026
3442.54309 12.823 0.028
3444.54716 13.007 0.046
3444.56243 13.212 0.05
3447.53939 12.199 0.073
3449.53746 12.581 0.052
3450.5188 12.864 0.062
3453.51531 12.523 0.084
3454.55316 13.054 0.049
3456.49437 13.254 0.035
3457.50448 12.438 0.034
3459.52411 12.33 0.038
3461.4921 13.002 0.039
3461.5275 12.79 0.048
3464.50894 13.057 0.038
3468.48111 13.082 0.03
3468.49988 12.983 0.028
3471.49298 12.607 0.029
3472.47178 12.773 0.056
3474.4826 13.299 0.029
3478.48497 12.972 0.034
3483.47383 12.831 0.043
3561.9219 12.922 0.041
3570.89926 12.771 0.032
3574.89823 13.043 0.035
3578.88012 12.999 0.036
3583.9189 12.108 0.028
3591.85594 12.136 0.03
3596.89851 13.145 0.047
3599.88935 12.636 0.033
3600.91343 12.981 0.039
3617.85819 12.857 0.043
3617.87986 12.639 0.051
3620.84461 13.217 0.05
3620.87051 13.023 0.036
3624.84527 13.291 0.029
3628.81937 13.074 0.031
3631.79124 12.89 0.04
3633.77345 12.547 0.041
3634.79936 13.183 0.039
3636.78515 13.12 0.04
3637.79885 12.756 0.043
3647.78115 12.826 0.027
3650.74795 12.781 0.028
3651.77156 13.083 0.031
3652.80902 12.353 0.036
3654.70437 12.896 0.038
3655.71297 12.797 0.037
3656.71769 12.791 0.029
3657.75921 13.115 0.042
3659.75701 12.762 0.039
3660.73493 12.323 0.045
3661.82122 13.0 0.04
3662.79575 12.605 0.054
3664.70884 12.433 0.036
3666.79328 12.573 0.036
3668.81195 12.667 0.027
3670.6677 12.556 0.028
3671.66688 13.057 0.028
3672.75365 12.494 0.031
3673.71488 13.015 0.029
3675.68038 12.952 0.034
3675.79911 12.791 0.033
3680.65682 12.613 0.029
3699.63514 13.091 0.047
3700.79101 13.21 0.033
3701.7491 12.717 0.057
3703.68788 12.939 0.028
3704.67327 12.904 0.041
3706.6092 12.712 0.042
3706.77098 12.991 0.044
3708.72684 12.916 0.034
3711.60548 12.945 0.028
3712.67188 12.853 0.028
3713.60357 13.1 0.029
3714.6663 12.894 0.032
3715.63885 12.737 0.046
3716.75524 13.309 0.044
3717.69334 12.901 0.042
3719.66094 12.502 0.047
3719.76397 12.794 0.051
3722.58385 12.647 0.042
3724.6551 12.93 0.032
3724.7386 12.798 0.037
3726.71126 13.183 0.038
3727.60195 12.594 0.049
3730.6765 13.276 0.05
3732.66235 13.048 0.039
3733.65748 12.651 0.029
3735.66369 12.679 0.035
3736.61151 13.042 0.04
3738.60644 13.096 0.03
3740.65434 13.053 0.032
3741.597 12.763 0.04
3742.74767 13.069 0.031
3743.68817 12.635 0.043
3745.65214 12.876 0.037
3746.65344 13.56 0.049
3747.71887 12.849 0.043
3748.68887 13.571 0.045
3750.60804 13.61 0.04
3750.70817 13.242 0.05
3753.62546 12.853 0.039
3753.69587 12.989 0.048
3755.66738 12.805 0.036
3756.59606 13.626 0.056
3757.7095 13.126 0.035
3758.65848 12.952 0.032
3760.62359 13.147 0.038
3761.61825 12.753 0.05
3762.70282 12.681 0.043
3764.59545 13.052 0.043
3765.5901 12.946 0.033
3766.63564 12.921 0.039
3767.67622 12.52 0.051
3769.58748 12.885 0.043
3770.55351 13.197 0.051
3771.62233 13.082 0.047
3774.59298 12.996 0.041
3775.55854 12.871 0.042
3778.62264 12.549 0.046
3779.64331 12.891 0.05
3783.575 12.774 0.054
3788.55187 12.492 0.035
3788.55801 12.446 0.048
3790.62474 12.903 0.043
3791.54576 13.748 0.042
3793.58458 12.795 0.05
3794.53133 12.591 0.048
3796.55173 12.557 0.036
3797.52077 13.228 0.042
3798.59236 12.821 0.048
3800.52262 12.491 0.044
3800.59602 12.985 0.051
3803.53098 13.302 0.055
3803.57785 12.99 0.051
3805.59738 13.043 0.048
3806.51959 12.438 0.043
3809.53918 12.799 0.049
3809.54429 13.237 0.049
3811.56849 13.685 0.05
3812.50899 12.729 0.041
3814.51713 12.86 0.041
3815.50825 12.958 0.037
3817.50656 12.89 0.04
3818.49839 13.164 0.049
3819.54994 13.025 0.043
3821.49575 13.099 0.042
3822.51857 12.689 0.041
3824.49108 12.741 0.039
3825.50392 13.558 0.062
3827.48302 12.998 0.042
3827.5152 13.177 0.055
3830.48876 12.844 0.036
3830.50792 12.607 0.035
3833.49771 12.908 0.054
3834.48 13.097 0.047
3836.48873 13.081 0.059
3837.47633 12.564 0.064
3851.46497 12.344 0.038
3983.84404 12.628 0.034
4090.74166 12.975 0.036
4103.72798 12.262 0.042
4106.60457 13.098 0.034
4109.63003 12.615 0.043
4125.59019 12.307 0.039
4129.60753 12.636 0.033
4131.6388 12.345 0.043
4133.64792 12.764 0.046
4135.67053 12.629 0.043
4137.67299 12.732 0.04
4147.55893 12.728 0.037
4155.54668 13.32 0.033
4157.59773 12.947 0.041
4159.61454 13.014 0.038
4162.53692 13.193 0.037
4164.56336 12.852 0.057
4167.54122 12.86 0.033
4173.54788 13.127 0.032
4175.53308 13.092 0.035
4175.56382 13.279 0.035
4182.54025 12.311 0.05
4185.51654 12.951 0.061
4190.50077 12.207 0.041
4192.49724 12.268 0.039
4202.48187 12.683 0.041
4283.92447 12.509 0.046
4291.90751 12.741 0.03
4295.90692 12.573 0.061
4304.89879 13.047 0.036
4307.88728 12.741 0.033
4311.87589 13.146 0.046
4330.80453 12.945 0.046
4332.85668 12.223 0.066
4336.85091 12.603 0.038
4339.83592 12.91 0.043
4345.85049 13.389 0.064
4348.83569 12.601 0.036
4351.82786 13.395 0.068
4354.80602 12.772 0.036
4357.82918 13.136 0.038
4361.79174 13.143 0.05
4363.82 13.253 0.038
4365.81323 13.278 0.03
4368.8003 13.159 0.036
4372.8277 13.23 0.047
4375.81279 12.582 0.042
4378.76566 12.903 0.049
4380.84299 12.837 0.043
4383.76223 12.875 0.042
4386.73712 12.959 0.03
4388.78889 13.317 0.035
4399.75555 12.444 0.045
4402.79254 13.022 0.036
4406.69837 13.075 0.046
4408.75164 12.947 0.04
4411.69245 12.655 0.041
4420.69857 12.908 0.054
4426.66216 13.283 0.047
4428.70686 13.091 0.048
4430.7795 12.568 0.047
4433.61604 12.672 0.035
4435.65894 12.763 0.033
4437.72224 12.967 0.032
4440.58931 12.882 0.03
4453.58262 12.993 0.032
4455.6492 12.773 0.069
4457.7316 12.924 0.05
4464.78347 12.913 0.044
4467.65113 13.143 0.053
4482.67747 13.104 0.049
4485.56396 12.94 0.045
4487.61945 12.915 0.063
4489.6397 13.441 0.035
4491.68092 13.007 0.037
4493.70835 12.282 0.034
4497.60115 13.341 0.039
4501.65455 12.34 0.049
4505.58978 12.719 0.046
4507.64691 13.055 0.057
4510.56764 12.764 0.051
4516.58606 13.016 0.059
4518.63647 12.983 0.045
4521.55296 12.186 0.032
4521.58366 12.272 0.034
4523.57279 12.83 0.055
4525.59826 12.463 0.054
4528.55954 13.0 0.045
4531.57479 12.75 0.046
4533.51648 12.487 0.042
4534.54386 12.912 0.055
4537.55671 12.762 0.04
4539.54587 12.648 0.066
4542.53884 13.063 0.045
4547.5556 12.587 0.061
4553.51315 12.627 0.037
4555.53403 12.86 0.036
4561.50459 12.769 0.042
4564.49601 13.02 0.043
4567.49225 12.776 0.044
4571.49065 13.127 0.044
4574.4829 13.043 0.056
