1868.67698 12.76 0.027
1869.66425 12.282 0.024
1870.67455 12.935 0.027
1871.67823 12.745 0.024
1872.67197 12.28 0.027
1873.67148 12.765 0.029
1874.66322 12.592 0.025
1875.66318 12.155 0.023
1876.66204 12.815 0.023
1877.66245 12.821 0.029
1878.65436 12.235 0.025
1879.6554 12.782 0.024
1880.64229 12.676 0.031
1881.64616 12.408 0.025
1884.62745 12.817 0.025
1885.64233 12.859 0.024
1886.6411 12.617 0.024
1887.63686 12.592 0.028
1888.63859 12.851 0.031
1889.63737 12.569 0.035
1899.61414 12.979 0.024
1900.62514 12.843 0.025
1902.59876 12.922 0.022
1903.61719 12.649 0.021
1904.59728 12.322 0.023
1905.60921 12.883 0.02
1906.60209 12.744 0.022
1907.607 12.333 0.022
1908.59709 12.779 0.022
1913.573 12.548 0.023
1915.57635 12.578 0.026
1918.57611 12.492 0.029
1920.56707 12.814 0.023
1922.56555 12.939 0.023
1924.56109 12.538 0.024
1926.55344 12.726 0.024
1928.55978 12.86 0.023
1930.58827 12.457 0.029
1932.56748 12.635 0.022
1934.57097 12.745 0.022
1937.56486 12.842 0.022
1940.56138 12.973 0.024
1946.57269 12.851 0.03
1949.56308 12.919 0.029
1953.53695 12.572 0.024
1955.57754 12.898 0.028
1959.56003 12.709 0.026
1962.57695 12.515 0.061
1968.51666 12.34 0.028
1979.52773 12.901 0.036
1984.50034 12.776 0.036
1996.49447 12.77 0.043
2082.9397 12.737 0.034
2086.93387 12.861 0.032
2088.93314 12.816 0.03
2094.91317 12.837 0.037
2103.90401 12.781 0.037
2105.90308 12.344 0.031
2114.88414 12.594 0.058
2116.88537 12.864 0.029
2128.84727 12.378 0.035
2129.85948 12.954 0.028
2130.86134 12.723 0.026
2131.86555 12.435 0.03
2132.87921 13.088 0.029
2133.89678 12.88 0.026
2135.84132 12.864 0.048
2136.92947 12.826 0.031
2140.84657 12.206 0.035
2144.81483 12.571 0.028
2144.81483 12.63 0.028
2166.81806 12.402 0.032
2168.87414 12.587 0.03
2169.83233 12.528 0.03
2171.80292 12.668 0.039
2172.82835 12.378 0.031
2173.80806 12.745 0.034
2177.77571 12.539 0.035
2185.7526 12.584 0.038
2186.80148 12.593 0.035
2189.77232 12.447 0.03
2189.79203 12.471 0.035
2190.77435 13.175 0.032
2191.75457 12.702 0.031
2191.76983 12.778 0.031
2192.76013 12.375 0.03
2193.76694 12.845 0.03
2194.74066 12.792 0.027
2194.76323 12.872 0.03
2195.74081 12.493 0.072
2195.75847 12.312 0.069
2196.79251 12.779 0.038
2197.76434 12.708 0.027
2197.79369 12.734 0.033
2198.73153 12.254 0.028
2198.75369 12.249 0.029
2199.73105 13.043 0.028
2199.75385 12.801 0.031
2200.76427 12.687 0.028
2200.78665 12.809 0.031
2201.72853 12.308 0.028
2201.77905 12.471 0.03
2202.73185 12.92 0.027
2202.7472 12.912 0.031
2203.71617 12.605 0.053
2203.73396 12.719 0.064
2204.72794 12.307 0.031
2206.73411 12.675 0.029
2206.7592 12.764 0.031
2208.67856 12.795 0.03
2212.63657 12.397 0.038
2213.67787 12.893 0.034
2213.69105 12.992 0.034
2214.69703 12.972 0.042
2215.68363 12.405 0.035
2215.70351 12.337 0.04
2216.69651 12.889 0.038
2216.7106 12.8 0.04
2217.69581 13.017 0.034
2217.71253 13.08 0.035
2219.67141 13.041 0.036
2222.72439 12.909 0.039
2224.67131 12.281 0.035
2224.68904 12.38 0.036
2225.67611 13.011 0.031
2225.6962 12.944 0.034
2226.67073 12.783 0.036
2226.69311 12.754 0.038
2227.66586 12.311 0.033
2227.68474 12.324 0.038
2228.66743 12.979 0.036
2228.6853 12.839 0.04
2229.66715 12.81 0.042
2229.6851 12.592 0.04
2230.66061 12.243 0.035
2230.68519 12.396 0.038
2232.65594 12.711 0.032
2232.67387 12.713 0.037
2233.65586 12.186 0.032
2234.64574 13.154 0.04
2235.64591 12.54 0.033
2236.64581 12.411 0.039
2237.64562 13.084 0.04
2239.63637 12.678 0.044
2240.64164 13.146 0.037
2241.63631 12.638 0.041
2242.63421 12.902 0.048
2244.66175 12.504 0.062
2247.64734 12.34 0.049
2248.65379 12.923 0.055
2249.65526 12.762 0.047
2250.64905 12.621 0.047
2251.64788 13.085 0.051
2252.64233 12.953 0.052
2253.64286 12.588 0.049
2254.63891 13.017 0.054
2255.63637 12.851 0.048
2256.63743 12.241 0.051
2257.63364 13.148 0.055
2258.63283 12.714 0.05
2260.62495 12.89 0.052
2264.61945 12.957 0.059
2453.92682 12.789 0.034
2453.92682 12.79 0.031
2460.89926 12.159 0.029
2460.89926 12.165 0.028
2465.91734 12.779 0.03
2467.91863 12.966 0.02
2470.92249 12.932 0.028
2493.86836 12.763 0.057
2496.84304 12.819 0.026
2498.8575 12.148 0.035
2501.89758 12.374 0.035
2503.85033 12.82 0.058
2520.84388 12.922 0.032
2540.79775 13.012 0.03
2544.86271 12.505 0.05
2549.76684 12.698 0.032
2549.76684 12.71 0.03
2553.75464 12.391 0.036
2557.70876 13.076 0.054
2558.84978 12.854 0.021
2559.80916 12.306 0.021
2561.71953 12.598 0.023
2562.8049 12.338 0.022
2563.79553 13.125 0.024
2564.80853 12.97 0.042
2577.82787 12.274 0.024
2579.68713 12.24 0.042
2621.63704 12.827 0.023
2622.71257 12.898 0.024
2627.7288 12.802 0.031
2629.7406 12.466 0.026
2634.71997 12.862 0.023
2636.74391 12.715 0.026
2638.73293 12.402 0.02
2640.73085 12.691 0.021
2642.74369 12.916 0.022
2644.72445 12.276 0.028
2649.69314 12.659 0.021
2651.6605 12.809 0.022
2653.65591 13.026 0.026
2655.68182 12.425 0.028
2658.66977 12.66 0.029
2660.66665 12.831 0.028
2662.66638 13.02 0.024
2664.65758 12.375 0.022
2666.65498 12.515 0.023
2668.6606 12.937 0.021
2672.65424 12.603 0.023
2674.64193 13.058 0.023
2676.62806 12.547 0.024
2678.61339 12.569 0.023
2680.61603 12.96 0.027
2684.62433 12.526 0.032
2686.6405 12.857 0.034
2688.63121 13.179 0.034
2690.63001 12.629 0.028
2692.62475 12.935 0.027
2694.6254 12.973 0.026
2698.6184 12.948 0.031
2700.6179 12.78 0.023
2705.50787 13.155 0.025
2707.5103 12.491 0.022
2709.51803 12.712 0.028
2711.52882 13.122 0.025
2713.54573 12.485 0.027
2715.54339 13.185 0.031
2718.53621 12.835 0.029
2723.53115 13.041 0.043
2725.53028 12.301 0.023
2727.52608 12.793 0.022
2729.5241 12.974 0.025
2735.50729 12.793 0.025
2742.47844 12.538 0.029
2744.48161 13.292 0.036
2831.90411 12.897 0.028
2836.91462 13.563 0.036
2840.90118 12.668 0.036
2853.92238 12.492 0.022
2858.87916 12.907 0.023
2860.89391 12.745 0.022
2867.83458 12.626 0.024
2875.90682 12.845 0.022
2879.85995 12.436 0.027
2883.90909 12.987 0.021
2885.87132 12.598 0.026
2895.81448 12.773 0.026
2897.84105 12.335 0.022
2899.81406 12.577 0.025
2902.82433 12.636 0.025
2905.84072 12.525 0.022
2908.81702 12.516 0.019
2911.75452 12.38 0.021
2915.79609 12.825 0.023
2923.78238 12.107 0.03
2926.80393 12.308 0.022
2928.80641 12.744 0.027
2930.80575 13.068 0.032
2932.8026 12.353 0.026
2934.773 12.517 0.024
2934.79796 12.652 0.023
2939.7385 12.736 0.02
2943.6769 12.248 0.024
2946.7304 12.308 0.026
2947.70362 12.814 0.031
2947.70362 12.821 0.026
2948.75034 12.922 0.031
2948.78091 12.666 0.029
2952.78935 12.113 0.038
2954.73729 12.848 0.035
2954.76436 12.254 0.047
2956.77809 12.778 0.035
2958.7703 12.367 0.032
2958.80227 12.449 0.046
2961.66507 12.94 0.024
2963.71492 12.6 0.027
2970.64095 12.926 0.024
2972.68441 12.355 0.044
2974.6633 12.8 0.027
2974.80247 12.717 0.031
2976.68544 12.938 0.05
2978.69008 12.361 0.025
2980.70949 12.655 0.031
2984.75776 12.502 0.053
2987.59605 12.656 0.024
2988.76036 12.914 0.045
2989.66674 12.612 0.041
2991.69477 12.82 0.025
2995.76115 12.789 0.025
2998.56423 12.415 0.026
3001.60637 12.609 0.043
3005.61502 12.864 0.028
3007.62638 12.424 0.026
3008.69531 12.366 0.029
3009.67171 13.944 0.034
3010.71222 12.34 0.043
3011.66803 12.818 0.038
3013.67302 12.453 0.03
3018.60337 12.762 0.025
3018.66905 12.647 0.036
3031.6188 12.713 0.031
3031.6277 12.367 0.032
3033.62834 12.816 0.03
3035.62734 12.986 0.034
3035.63054 12.526 0.031
3039.64104 12.818 0.039
3039.64951 12.746 0.037
3042.63696 12.478 0.042
3042.64579 12.723 0.038
3044.66978 13.14 0.036
3045.58149 12.394 0.029
3047.60704 12.968 0.03
3048.57198 12.131 0.046
3051.56455 12.432 0.062
3053.5851 12.725 0.037
3054.55866 12.378 0.028
3055.62772 12.904 0.045
3057.62812 12.227 0.054
3059.54122 12.766 0.071
3060.56208 12.429 0.032
3061.58098 13.413 0.031
3062.57881 12.867 0.029
3067.55875 13.152 0.033
3068.59783 12.638 0.055
3070.53559 12.715 0.041
3071.54019 12.451 0.039
3073.53242 12.676 0.031
3074.54446 12.626 0.055
3074.57379 12.637 0.031
3077.5191 12.507 0.029
3079.52896 12.589 0.038
3079.5515 12.62 0.051
3082.53074 12.693 0.026
3086.52939 12.226 0.045
3086.53257 12.364 0.042
3089.50946 12.162 0.042
3089.51266 12.281 0.046
3091.52981 12.657 0.039
3092.50024 12.338 0.03
3097.51211 12.667 0.034
3098.48192 12.956 0.038
3100.50087 12.594 0.039
3103.4918 12.576 0.029
3106.49074 12.783 0.033
3109.48023 12.721 0.03
3112.46639 12.421 0.046
3112.47457 12.532 0.032
3115.47204 12.391 0.03
3272.80421 12.382 0.034
3278.79529 12.404 0.052
3281.78969 12.327 0.037
3294.85023 12.759 0.025
3298.72778 12.377 0.03
3357.61251 12.866 0.032
3365.74649 12.614 0.055
3382.61793 12.644 0.039
3383.59657 12.359 0.049
3385.60987 12.576 0.037
3387.61128 12.902 0.042
3389.66626 12.372 0.037
3395.62637 12.802 0.046
3397.66501 12.512 0.04
3403.61258 12.537 0.027
3405.63836 12.809 0.056
3410.56939 13.106 0.039
3412.61449 12.564 0.035
3414.6273 12.821 0.05
3416.62448 13.101 0.056
3418.63685 12.239 0.042
3427.58945 12.818 0.041
3431.60081 13.017 0.037
3433.59998 12.742 0.036
3437.52114 12.826 0.029
3440.51614 12.677 0.028
3443.54828 12.899 0.039
3448.5672 13.179 0.038
3454.50919 13.109 0.043
3454.52721 12.708 0.047
3456.53164 12.354 0.05
3458.52481 12.534 0.031
3460.53381 13.007 0.03
3463.49827 12.907 0.048
3466.4952 12.547 0.043
3470.48763 12.36 0.033
3473.4863 12.442 0.042
3476.4819 12.107 0.057
3481.47614 12.81 0.041
3563.91995 12.399 0.035
3578.93699 12.338 0.035
3585.8877 12.94 0.039
3589.87832 12.523 0.039
3592.91892 12.58 0.038
3597.86066 12.892 0.031
3601.85157 12.246 0.036
3618.83398 12.91 0.04
3621.8616 12.573 0.041
3625.86004 12.63 0.026
3629.78932 12.729 0.036
3632.8275 12.82 0.06
3639.78283 12.32 0.041
3642.80662 12.505 0.039
3646.80806 12.815 0.036
3652.76522 12.735 0.036
3654.82262 12.447 0.039
3658.76201 12.857 0.038
3660.82026 12.91 0.042
3663.73798 12.994 0.038
3666.73604 12.916 0.036
3669.79195 12.792 0.026
3672.72613 12.859 0.032
3675.71183 12.764 0.03
3678.84175 13.08 0.04
3700.66444 12.262 0.044
3703.68388 12.329 0.034
3706.63411 12.314 0.046
3708.78568 12.686 0.034
3712.7457 12.303 0.031
3714.72342 12.833 0.032
3717.60505 12.394 0.05
3719.73106 12.868 0.056
3722.59311 12.825 0.039
3724.75048 12.23 0.036
3727.60976 12.729 0.045
3730.68434 13.1 0.046
3733.666 13.133 0.041
3736.62362 12.82 0.043
3741.60475 12.459 0.043
3743.75129 12.633 0.043
3746.66026 12.785 0.052
3748.72861 12.897 0.056
3751.64237 12.573 0.045
3753.72572 12.32 0.049
3756.60115 12.815 0.056
3758.66965 12.735 0.035
3761.62314 12.67 0.052
3763.68969 12.589 0.065
3766.59606 12.513 0.046
3768.68927 12.566 0.041
3771.55551 12.805 0.046
3773.61705 12.457 0.049
3775.6352 12.729 0.047
3780.58833 12.756 0.053
3783.6474 12.589 0.063
3788.62524 12.414 0.05
3791.56275 13.062 0.038
3794.55247 13.142 0.047
3796.6093 12.586 0.048
3799.54228 12.311 0.041
3805.53391 12.245 0.043
3808.55508 12.013 0.049
3810.54877 13.061 0.056
3812.56256 12.896 0.045
3815.53373 12.691 0.043
3818.52199 13.142 0.039
3821.52087 12.819 0.042
3824.51181 12.885 0.039
3826.5171 12.971 0.046
3829.49536 13.24 0.039
3832.50004 12.959 0.043
3835.49015 12.836 0.049
3851.46611 12.638 0.039
4091.62542 13.171 0.047
4103.77123 12.962 0.052
4106.61639 12.962 0.035
4109.64715 12.721 0.048
4125.62548 12.549 0.04
4127.62503 12.803 0.049
4129.62544 12.703 0.035
4131.65694 12.471 0.037
4133.67824 12.578 0.053
4147.63479 12.972 0.035
4151.57895 12.489 0.033
4153.58116 12.847 0.041
4155.59959 12.962 0.035
4158.56071 12.844 0.043
4160.59384 12.602 0.045
4162.59205 12.854 0.043
4165.56376 12.69 0.077
4174.51875 12.559 0.055
4176.54339 12.865 0.073
4180.53093 12.595 0.041
4183.52395 12.438 0.05
4185.5367 12.785 0.044
4190.50579 13.118 0.055
4192.52455 12.798 0.067
4197.48187 12.619 0.041
4200.50744 12.619 0.072
4284.93461 12.815 0.043
4292.93207 13.177 0.058
4296.93093 12.852 0.053
4300.92012 12.297 0.052
4304.90026 12.752 0.046
4307.90915 12.792 0.033
4311.90242 12.484 0.038
4316.92357 12.734 0.055
4330.83846 12.773 0.044
4333.85719 13.048 0.034
4338.8546 12.476 0.055
4341.82597 12.92 0.037
4344.85692 12.706 0.057
4347.86257 12.694 0.076
4350.8883 12.656 0.037
4354.81177 12.825 0.035
4358.8138 12.387 0.036
4362.79882 13.056 0.043
4364.8094 12.319 0.032
4367.8098 12.241 0.045
4372.85706 12.539 0.056
4375.83238 12.615 0.041
4378.78542 13.032 0.054
4381.7763 12.602 0.048
4384.76875 12.435 0.04
4387.75823 12.441 0.037
4392.76535 12.767 0.034
4399.78924 12.232 0.053
4402.83676 12.298 0.038
4406.73638 12.745 0.059
4409.7016 12.842 0.033
4411.75152 12.663 0.042
4420.72739 12.853 0.059
4422.80515 12.374 0.053
4426.68243 12.775 0.051
4428.72135 12.434 0.051
4431.64832 12.698 0.04
4433.72405 12.922 0.034
4436.6624 12.615 0.038
4438.76221 12.693 0.045
4444.65701 12.882 0.048
4452.60471 12.764 0.067
4456.71864 12.725 0.074
4459.62168 12.745 0.047
4461.7199 12.845 0.041
4464.6051 12.884 0.036
4466.71085 12.342 0.037
4469.63636 12.493 0.043
4472.71359 12.447 0.057
4475.59076 13.096 0.041
4478.59812 13.118 0.041
4484.59498 12.947 0.043
4486.65661 12.341 0.064
4488.68606 12.602 0.063
4490.70156 12.901 0.041
4493.61053 13.169 0.04
4504.66078 12.141 0.065
4507.56171 12.492 0.049
4512.55766 12.836 0.062
4516.56086 13.015 0.055
4520.6299 13.214 0.045
4523.54673 12.828 0.056
4525.58599 13.091 0.048
4528.55743 13.173 0.041
4531.57244 12.797 0.041
4534.5415 12.649 0.057
4537.55425 12.674 0.042
4539.56752 12.564 0.078
4542.53623 13.083 0.045
4547.52462 12.573 0.054
4553.50924 12.373 0.035
4555.53091 12.924 0.043
4561.50121 12.669 0.041
4564.49252 12.508 0.043
4567.48863 12.677 0.049
4570.49571 12.613 0.038
4574.47311 12.652 0.058
