1868.68244 13.038 0.028
1869.66745 12.659 0.026
1870.67771 12.691 0.031
1871.68141 13.126 0.03
1872.67748 12.769 0.026
1873.67465 12.887 0.03
1874.66642 12.871 0.029
1875.6664 12.638 0.025
1876.66745 12.917 0.025
1879.65861 13.208 0.024
1881.64936 12.771 0.024
1884.63066 12.822 0.027
1885.64557 12.962 0.027
1886.64432 12.72 0.03
1902.59748 12.718 0.025
1918.55618 13.064 0.034
1928.57188 12.607 0.026
1930.58225 12.914 0.026
1932.57262 12.94 0.023
1946.59958 12.498 0.034
1950.53543 12.714 0.025
1953.56936 12.853 0.026
1959.57397 12.777 0.028
1963.53045 13.123 0.032
1981.50982 12.894 0.036
2085.93963 12.847 0.04
2088.94174 13.079 0.042
2096.93606 12.891 0.038
2103.91986 12.686 0.031
2105.91621 13.076 0.03
2114.89954 12.702 0.049
2128.87256 12.733 0.032
2129.87965 12.586 0.031
2130.91106 12.897 0.027
2131.88377 12.775 0.028
2132.9157 12.574 0.029
2143.86472 12.576 0.039
2156.84132 12.711 0.037
2166.83158 12.593 0.033
2167.83021 12.995 0.032
2172.78842 13.144 0.035
2173.82221 12.695 0.032
2177.79189 12.612 0.036
2183.76484 13.047 0.033
2185.76665 12.584 0.036
2192.77917 13.13 0.032
2194.78213 12.719 0.03
2198.76569 12.814 0.03
2199.76838 12.593 0.03
2203.74626 13.002 0.034
2208.71829 13.049 0.034
2213.71167 12.538 0.037
2219.71186 12.784 0.034
2465.93266 12.893 0.034
2470.93036 12.909 0.03
2471.91174 12.702 0.027
2497.85505 12.567 0.037
2499.86006 12.669 0.028
2501.90399 12.739 0.035
2503.86372 12.633 0.041
2503.86372 12.676 0.041
2519.83659 12.623 0.022
2529.79004 12.815 0.039
2529.79004 12.841 0.04
2540.80501 12.819 0.031
2549.79737 13.111 0.033
2549.79737 13.135 0.031
2553.76674 12.757 0.031
2558.77118 12.531 0.033
2558.77118 12.553 0.029
2558.85702 12.902 0.021
2561.73167 12.821 0.025
2577.83539 12.575 0.024
2622.66249 12.907 0.025
2625.65597 12.503 0.029
2628.63909 12.543 0.036
2628.63909 12.559 0.038
2634.61769 12.615 0.025
2636.63976 12.757 0.023
2638.64938 12.842 0.023
2640.64729 12.573 0.022
2642.64505 12.896 0.023
2644.64088 12.991 0.025
2646.62013 12.605 0.025
2649.61419 12.755 0.022
2653.56456 12.59 0.023
2655.59412 12.95 0.029
2658.59987 13.164 0.033
2660.60196 12.661 0.031
2662.59876 12.577 0.023
2664.59471 12.706 0.025
2666.59206 12.884 0.028
2668.59766 12.646 0.021
2670.59069 12.661 0.025
2672.59354 12.962 0.023
2674.58119 12.727 0.024
2676.56982 12.463 0.025
2678.55513 12.759 0.026
2680.56012 13.009 0.028
2684.57984 12.717 0.033
2686.58613 12.974 0.035
2688.58372 12.603 0.033
2690.58241 12.654 0.026
2692.57964 13.109 0.022
2694.58145 12.555 0.024
2696.57892 12.555 0.025
2698.5758 12.998 0.027
2700.57764 12.687 0.023
2702.56935 12.64 0.024
2704.55793 12.724 0.025
2707.50805 12.526 0.028
2709.51576 12.734 0.031
2711.5265 12.984 0.027
2713.54338 12.718 0.029
2715.541 12.767 0.033
2718.53376 12.64 0.032
2724.49579 12.633 0.023
2726.49836 12.83 0.024
2728.49903 12.994 0.024
2735.47897 12.591 0.032
2737.48449 12.9 0.029
2737.48449 13.072 0.029
2741.48667 12.509 0.028
2744.4741 12.789 0.042
2831.92692 12.692 0.025
2854.87421 12.657 0.024
2861.87538 12.962 0.03
2867.85767 12.797 0.029
2875.91565 12.735 0.024
2879.87592 12.593 0.028
2884.817 12.504 0.029
2886.84586 12.892 0.03
2886.87059 12.638 0.03
2892.90407 12.544 0.026
2896.82455 12.608 0.029
2905.79702 12.631 0.024
2908.81953 12.6 0.02
2911.77567 13.223 0.022
2915.81017 12.821 0.025
2921.79466 12.66 0.053
2923.7874 13.05 0.031
2926.80222 13.005 0.028
2930.81575 12.483 0.024
2932.79398 12.915 0.026
2934.79391 13.148 0.025
2934.79391 13.166 0.025
2939.75079 12.839 0.023
2943.69154 12.67 0.023
2945.69449 12.861 0.044
2947.68978 13.166 0.034
2947.72358 12.757 0.037
2947.72358 12.773 0.029
2949.72967 12.481 0.029
2951.72439 12.846 0.034
2955.78183 12.69 0.031
2957.7849 12.81 0.038
2962.66568 12.625 0.044
2964.70871 12.614 0.042
2966.71191 12.539 0.033
2968.74534 13.446 0.034
2971.64878 12.578 0.025
2973.68543 13.049 0.025
2975.67483 12.715 0.047
2977.66522 13.005 0.052
2979.68022 12.681 0.034
2981.69899 12.968 0.041
2985.77861 12.566 0.035
2988.66565 12.628 0.027
2992.76215 12.983 0.027
2995.61594 12.87 0.026
2997.64468 12.627 0.026
3000.63976 12.721 0.031
3006.64615 12.661 0.03
3008.66214 12.493 0.031
3010.67943 13.044 0.04
3012.70975 12.557 0.043
3015.72305 12.455 0.045
3019.71469 12.569 0.058
3028.56836 12.891 0.026
3030.61895 12.78 0.03
3034.67338 12.569 0.069
3037.60622 12.653 0.031
3041.60998 12.851 0.044
3044.57037 12.607 0.032
3046.6257 12.749 0.033
3049.60173 13.112 0.029
3052.58206 13.293 0.045
3054.61183 12.608 0.046
3057.55171 12.775 0.064
3060.5389 13.055 0.048
3062.55332 12.664 0.058
3068.58686 12.644 0.039
3071.53517 13.214 0.042
3074.54193 13.508 0.055
3075.51974 12.641 0.052
3077.55057 13.301 0.033
3085.50002 12.766 0.065
3088.50426 13.442 0.038
3090.51497 12.454 0.041
3093.50187 12.874 0.058
3097.50385 13.193 0.038
3100.49519 12.687 0.044
3104.47518 12.611 0.042
3113.46592 12.811 0.046
3270.80633 12.695 0.037
3273.80059 12.698 0.054
3276.81141 12.679 0.044
3279.79628 12.672 0.034
3298.73105 12.762 0.027
3356.66554 12.82 0.037
3357.6648 12.464 0.037
3367.62268 12.931 0.055
3367.62268 12.95 0.054
3367.69521 13.249 0.05
3367.69521 13.268 0.05
3382.57706 12.716 0.036
3382.57706 12.73 0.045
3388.66736 12.456 0.038
3391.54729 12.641 0.054
3394.63905 12.755 0.04
3394.67143 12.661 0.047
3397.57978 13.122 0.039
3398.66473 12.9 0.044
3404.62775 12.768 0.057
3406.6222 12.726 0.071
3408.63136 12.511 0.042
3411.56656 13.05 0.035
3413.61024 12.604 0.039
3415.59764 12.789 0.034
3417.60839 12.952 0.036
3419.60118 12.579 0.038
3424.58796 12.938 0.05
3426.58715 12.995 0.042
3428.59195 12.597 0.052
3430.59617 12.539 0.038
3433.53395 12.971 0.04
3436.54784 12.497 0.043
3439.53797 13.086 0.036
3442.5323 13.144 0.035
3445.52678 13.278 0.061
3451.49668 12.758 0.047
3454.51548 12.64 0.048
3456.51909 12.915 0.044
3459.49951 13.094 0.037
3464.49469 12.872 0.06
3468.48791 12.695 0.032
3471.48077 12.762 0.034
3474.4749 12.565 0.034
3572.93455 12.937 0.036
3573.92697 13.017 0.05
3576.91598 12.577 0.042
3577.92089 12.859 0.037
3585.91245 12.638 0.038
3585.92639 12.493 0.034
3589.91896 12.925 0.038
3590.90691 12.794 0.027
3597.90028 13.436 0.069
3601.86891 12.871 0.036
3601.89334 12.944 0.039
3618.87416 12.664 0.051
3621.87589 12.96 0.047
3625.86252 12.547 0.025
3625.86506 12.566 0.027
3629.82067 12.738 0.039
3629.82318 12.608 0.038
3632.83259 12.836 0.074
3639.7881 13.025 0.028
3639.81694 12.874 0.031
3642.81189 12.849 0.042
3642.81705 12.931 0.043
3646.82055 12.771 0.031
3652.77073 12.582 0.036
3652.7892 12.592 0.037
3654.8177 12.947 0.033
3654.8285 13.109 0.039
3658.76514 12.606 0.034
3658.76781 12.905 0.032
3661.75568 12.672 0.045
3664.74533 13.011 0.039
3664.80116 12.31 0.04
3668.75348 12.974 0.035
3668.75634 12.857 0.028
3671.72717 12.762 0.028
3673.78118 12.785 0.031
3673.78384 12.808 0.03
3676.71519 12.781 0.037
3680.72936 12.67 0.033
3700.80199 13.061 0.042
3703.6988 12.621 0.031
3706.64912 13.234 0.046
3708.7945 12.985 0.034
3712.76624 12.699 0.036
3714.7842 13.362 0.035
3717.61455 13.395 0.05
3719.74188 12.826 0.055
3722.60175 12.615 0.046
3725.62471 12.838 0.047
3727.64389 12.808 0.052
3730.6935 13.612 0.052
3733.68275 12.773 0.039
3741.61066 12.563 0.04
3744.60461 12.411 0.042
3746.69133 13.321 0.064
3749.62802 12.828 0.055
3751.68124 12.551 0.053
3754.62064 13.158 0.06
3756.66933 12.67 0.057
3759.59139 12.875 0.049
3761.68888 13.14 0.065
3764.61071 12.595 0.05
3766.65071 12.886 0.044
3769.60159 12.654 0.046
3771.63754 12.789 0.052
3774.60708 12.763 0.057
3776.6245 12.467 0.059
3778.63354 13.151 0.059
3789.60811 13.197 0.048
3792.55455 12.961 0.044
3795.54793 12.621 0.044
3797.58754 13.14 0.043
3800.54648 12.559 0.046
3803.5488 12.783 0.065
3806.53091 12.603 0.044
3809.55468 12.654 0.053
3812.51442 12.706 0.045
3814.54041 13.264 0.041
3817.51637 12.763 0.047
3820.5091 12.635 0.042
3823.49984 12.577 0.049
3826.48695 12.572 0.043
3829.48468 12.58 0.04
3832.48928 12.768 0.044
3835.48189 12.861 0.052
4089.73243 13.168 0.062
4092.6333 12.721 0.038
4105.68628 12.561 0.043
4107.68686 12.692 0.035
4111.68822 12.624 0.04
4126.64211 13.404 0.065
4128.66035 12.755 0.036
4130.66045 12.865 0.039
4132.65612 12.891 0.049
4135.56134 12.561 0.045
4137.59568 13.015 0.035
4152.61062 12.827 0.034
4155.53505 13.174 0.058
4157.58951 12.762 0.045
4160.53307 12.617 0.038
4162.54537 12.936 0.047
4164.56904 12.655 0.046
4167.54826 12.627 0.054
4173.5535 12.718 0.039
4183.51604 12.618 0.052
4186.50842 12.618 0.05
4197.49504 12.651 0.04
4298.93566 12.967 0.074
4302.93513 12.641 0.059
4306.92024 13.584 0.061
4310.92104 12.799 0.036
4314.92746 12.695 0.053
4314.92746 12.802 0.053
4330.89906 12.644 0.043
4333.8951 12.502 0.034
4338.90304 12.843 0.03
4341.86619 12.154 0.087
4344.89814 12.541 0.05
4347.88347 12.606 0.06
4347.91363 12.621 0.064
4350.89064 12.718 0.041
4351.84415 13.889 0.07
4354.85613 13.267 0.035
4358.83084 12.443 0.038
4362.81056 13.164 0.032
4364.85911 12.589 0.036
4367.83538 12.381 0.042
4372.84516 12.327 0.05
4372.84762 13.254 0.055
4375.84307 12.684 0.046
4378.7945 12.414 0.054
4381.78783 13.008 0.053
4381.79036 12.967 0.05
4384.77859 13.001 0.038
4387.76533 13.108 0.049
4387.76799 13.373 0.034
4392.78146 12.635 0.039
4392.78405 12.698 0.033
4398.78695 12.818 0.051
4402.73605 12.604 0.041
4402.73875 12.366 0.038
4406.72864 12.648 0.06
4409.71057 13.314 0.04
4418.77909 12.673 0.047
4420.71689 12.711 0.061
4421.7206 12.971 0.039
4424.78266 12.611 0.038
4427.70923 12.377 0.043
4429.70581 13.256 0.048
4429.7817 12.848 0.049
4431.75507 12.99 0.042
4432.64982 12.607 0.032
4436.78296 13.073 0.037
4437.65258 13.174 0.031
4439.77256 13.336 0.048
4441.76004 12.777 0.043
4442.69939 12.578 0.036
4444.72848 13.121 0.04
4455.6823 13.324 0.054
4457.77273 12.496 0.056
4460.66591 13.279 0.043
4462.72905 12.698 0.042
4465.63887 12.792 0.043
4468.62544 12.951 0.043
4471.70851 12.638 0.044
4474.68863 12.774 0.057
4479.71425 12.677 0.047
4482.69526 12.767 0.057
4485.68831 12.739 0.063
4490.63039 12.482 0.038
4490.67177 12.644 0.044
4492.67864 13.233 0.036
4499.55973 12.718 0.039
4501.66061 12.668 0.058
4519.55146 13.279 0.051
4521.58803 12.485 0.037
4523.601 12.351 0.063
4526.55917 12.96 0.06
4529.54507 13.066 0.049
4532.53704 12.536 0.041
4535.53128 12.919 0.043
4538.52905 13.093 0.035
4540.54788 12.236 0.067
4543.53369 13.035 0.055
4546.52365 12.523 0.063
4548.5288 12.798 0.051
4564.48305 13.11 0.048
