1868.69488 13.395 0.028
1869.68235 13.105 0.025
1870.6901 13.352 0.029
1871.69849 13.417 0.025
1872.68996 13.635 0.026
1873.68266 13.488 0.026
1874.67888 13.581 0.026
1875.68122 13.557 0.023
1876.68003 13.691 0.025
1877.67596 13.591 0.028
1878.67231 13.493 0.027
1879.67343 13.557 0.025
1880.66029 13.991 0.033
1881.66187 13.401 0.024
1884.64097 13.421 0.029
1885.6581 13.335 0.023
1886.65919 13.332 0.026
1887.65266 13.305 0.03
1888.6499 13.174 0.032
1889.65092 13.289 0.035
1899.62566 13.138 0.026
1900.64381 13.285 0.027
1902.6171 13.079 0.022
1903.63777 13.477 0.025
1904.61334 13.2 0.025
1905.62759 13.43 0.022
1907.62761 13.453 0.024
1908.61772 13.512 0.022
1913.59199 13.7 0.024
1914.61234 13.324 0.025
1918.56526 13.39 0.03
1919.59924 13.343 0.03
1921.56609 13.363 0.022
1923.56927 13.302 0.023
1925.57041 13.181 0.026
1929.57086 13.212 0.021
1931.55941 13.093 0.027
1933.55827 13.133 0.022
1936.56227 13.355 0.021
1938.63008 13.277 0.025
1941.55947 13.463 0.025
1946.55321 13.514 0.028
1949.55015 13.19 0.027
1953.52407 13.462 0.025
1955.56915 12.952 0.027
1964.57691 13.837 0.025
1967.52108 13.326 0.028
1995.51007 13.401 0.041
2011.47127 13.44 0.051
2088.9401 13.2 0.032
2094.92948 12.998 0.038
2096.9343 13.309 0.039
2103.92472 13.463 0.036
2105.91881 13.47 0.03
2114.90419 13.375 0.04
2128.88167 13.136 0.03
2129.8818 13.006 0.03
2130.91317 13.437 0.028
2131.88587 13.295 0.031
2132.91779 13.581 0.03
2134.85533 13.02 0.033
2136.85739 13.215 0.03
2143.86668 13.258 0.041
2144.84415 13.545 0.03
2166.84226 13.642 0.03
2167.89879 13.149 0.033
2169.78604 13.103 0.04
2171.84123 13.247 0.036
2172.84847 13.012 0.032
2174.77547 13.547 0.034
2183.76607 13.805 0.039
2185.77236 13.048 0.035
2186.82148 13.272 0.035
2189.8032 13.264 0.034
2189.8032 13.277 0.034
2190.79197 13.177 0.034
2191.80333 13.411 0.033
2192.79151 13.146 0.03
2193.79995 13.361 0.032
2194.79918 13.491 0.03
2197.73563 13.298 0.029
2197.73563 13.411 0.029
2198.76216 13.228 0.032
2199.79691 13.289 0.031
2200.79967 13.471 0.032
2202.70328 13.41 0.034
2206.78139 13.347 0.034
2208.73057 13.319 0.031
2213.71257 13.504 0.039
2217.72792 13.02 0.036
2219.72174 13.254 0.041
2222.73994 13.29 0.039
2224.70447 13.156 0.038
2225.7118 13.213 0.035
2226.71245 13.208 0.036
2227.71196 13.128 0.039
2227.71196 13.148 0.039
2230.69861 13.149 0.036
2232.68939 13.541 0.037
2233.69392 13.227 0.038
2235.67951 13.553 0.035
2243.67021 13.336 0.051
2253.65423 13.402 0.05
2499.86212 13.415 0.024
2519.84786 13.192 0.025
2540.86708 13.131 0.032
2549.78799 13.225 0.031
2549.78799 13.242 0.027
2549.81758 13.17 0.035
2549.81758 13.189 0.033
2553.77973 12.871 0.029
2556.78623 13.207 0.046
2558.75654 12.969 0.027
2558.75654 12.971 0.029
2558.75654 13.045 0.029
2559.84365 13.347 0.021
2561.74237 13.149 0.026
2564.72714 13.174 0.03
2564.72714 13.249 0.03
2565.83053 13.321 0.037
2577.85784 14.059 0.028
2621.67422 13.249 0.023
2623.61003 13.089 0.03
2624.74796 13.31 0.028
2627.74492 13.246 0.029
2629.75937 13.001 0.028
2634.72256 13.225 0.023
2636.74652 13.216 0.029
2638.73555 13.203 0.024
2640.73351 13.574 0.024
2644.72715 13.589 0.022
2646.70649 13.443 0.028
2649.69588 13.339 0.02
2651.66328 12.98 0.025
2653.65869 13.502 0.026
2655.68972 13.182 0.027
2658.6726 13.388 0.03
2660.66953 13.239 0.029
2660.67237 13.194 0.033
2662.66924 13.179 0.024
2664.66046 13.037 0.023
2666.65787 13.092 0.022
2668.6635 13.267 0.023
2670.65659 13.508 0.025
2672.65717 13.31 0.022
2674.64487 13.237 0.024
2678.61636 13.314 0.025
2680.61899 13.449 0.027
2684.62732 13.244 0.031
2686.6435 13.039 0.032
2688.63421 12.948 0.032
2690.63302 13.163 0.029
2692.62774 13.103 0.029
2694.62841 13.182 0.03
2696.62142 13.12 0.027
2696.62442 13.151 0.029
2698.6214 13.087 0.033
2700.62091 13.302 0.022
2702.61178 13.417 0.025
2704.59898 13.167 0.023
2706.58074 13.218 0.036
2710.55178 13.173 0.023
2712.56311 13.159 0.027
2720.56037 13.419 0.024
2722.55726 13.178 0.027
2724.55534 13.25 0.025
2724.55534 13.26 0.025
2726.55364 13.056 0.025
2728.54481 13.217 0.026
2730.54074 13.336 0.027
2734.52575 13.128 0.027
2736.5105 13.461 0.026
2740.5019 12.934 0.026
2742.50687 12.976 0.027
2744.51815 13.608 0.034
2752.47169 13.494 0.026
2755.47415 13.472 0.024
2758.46303 13.671 0.037
2761.45983 13.251 0.036
2763.46514 13.128 0.027
2831.92964 13.426 0.026
2854.87649 13.04 0.022
2858.91606 13.425 0.026
2867.8597 13.774 0.028
2876.82681 13.39 0.02
2879.88951 13.095 0.03
2884.81873 13.255 0.039
2884.81873 13.351 0.039
2886.84991 13.075 0.032
2893.78697 13.135 0.039
2895.83434 13.451 0.027
2897.86117 13.34 0.025
2900.80095 13.574 0.027
2905.80763 13.345 0.024
2908.83913 12.925 0.022
2911.78392 13.447 0.03
2915.82966 13.396 0.03
2923.80657 13.638 0.032
2928.83844 13.116 0.036
2931.76612 13.594 0.033
2933.78901 13.355 0.027
2935.78268 13.049 0.024
2939.76999 13.045 0.021
2943.71162 13.301 0.024
2945.71163 13.068 0.046
2947.73914 13.002 0.038
2947.73914 13.038 0.027
2949.74878 13.221 0.026
2955.80529 13.71 0.03
2958.68608 13.256 0.025
2965.67525 13.233 0.027
2973.64571 13.374 0.026
2975.67872 13.024 0.026
2977.68584 13.037 0.036
2979.6968 13.153 0.053
2981.71512 12.954 0.036
2983.75829 13.745 0.038
2986.6212 13.016 0.044
2988.69587 13.276 0.025
2993.60491 12.991 0.024
2995.65515 13.415 0.026
2997.67886 13.202 0.046
3000.67266 13.5 0.025
3006.67244 13.194 0.031
3012.72405 13.539 0.053
3017.74676 12.854 0.034
3031.63084 13.082 0.031
3033.64731 13.174 0.028
3035.63659 13.14 0.034
3039.65261 13.174 0.035
3042.64902 13.161 0.039
3044.67292 13.524 0.034
3047.6103 13.606 0.036
3050.58891 13.449 0.032
3053.58836 13.591 0.044
3057.63451 13.103 0.04
3060.56539 13.352 0.033
3062.58217 13.052 0.03
3064.62293 13.265 0.033
3068.54633 13.032 0.032
3070.57933 12.873 0.04
3075.5705 13.304 0.032
3077.58589 13.385 0.042
3082.5869 13.381 0.041
3087.50339 13.635 0.028
3089.53914 13.426 0.04
3091.55958 13.278 0.065
3097.52892 13.301 0.046
3102.50859 13.101 0.036
3104.52366 13.658 0.031
3107.50767 13.236 0.027
3110.48674 13.491 0.03
3113.47736 13.24 0.03
3124.47253 13.091 0.031
3128.45952 13.126 0.044
3268.83379 13.167 0.035
3270.85675 13.195 0.036
3273.82763 13.025 0.05
3276.83818 13.427 0.044
3279.80835 13.376 0.033
3291.86137 13.058 0.028
3295.75488 13.535 0.026
3298.81397 13.094 0.026
3356.6741 13.336 0.034
3358.78392 13.482 0.04
3365.65233 12.921 0.064
3382.62099 13.22 0.056
3382.62099 13.245 0.045
3383.59963 13.164 0.044
3389.67498 12.995 0.033
3391.7005 13.235 0.046
3392.6847 12.878 0.056
3395.62945 13.06 0.043
3397.66817 13.196 0.033
3399.71646 13.821 0.045
3403.58453 13.005 0.041
3405.61271 13.482 0.041
3407.62048 13.296 0.049
3409.64268 13.981 0.033
3411.67914 13.046 0.035
3414.53683 13.065 0.039
3416.55754 13.626 0.063
3420.57501 13.041 0.048
3424.62441 13.516 0.05
3426.62201 12.932 0.039
3428.6309 12.937 0.04
3430.62731 13.067 0.069
3432.62613 13.129 0.059
3434.6245 13.424 0.037
3437.61554 13.425 0.033
3440.6076 13.227 0.036
3444.52329 13.457 0.047
3446.54086 13.394 0.039
3448.57697 13.137 0.039
3449.54053 12.982 0.061
3450.56959 13.369 0.041
3453.55106 12.956 0.048
3458.49945 13.378 0.028
3460.51305 13.032 0.034
3462.5412 13.324 0.061
3465.50262 13.066 0.029
3469.49269 13.202 0.03
3471.52182 13.44 0.05
3474.48467 13.263 0.027
3477.48902 13.514 0.054
3481.48522 13.497 0.034
3492.46264 12.956 0.042
3572.93137 13.263 0.037
3576.91354 12.976 0.035
3585.91584 13.293 0.038
3590.89246 13.349 0.03
3597.87448 13.415 0.071
3601.86611 12.977 0.037
3618.87099 13.766 0.058
3622.84836 13.346 0.03
3626.82758 13.263 0.045
3629.84206 13.07 0.036
3633.82103 13.02 0.038
3636.85614 13.27 0.045
3639.85799 13.607 0.03
3647.8282 13.513 0.026
3650.79568 13.202 0.029
3653.78757 12.992 0.044
3655.82064 13.333 0.032
3657.84364 13.332 0.038
3663.76678 13.012 0.04
3666.76275 13.102 0.036
3670.70919 13.171 0.027
3673.73517 12.935 0.028
3676.73154 13.024 0.037
3680.75135 13.776 0.026
3701.67471 13.159 0.051
3703.82171 13.012 0.031
3706.67134 12.906 0.041
3711.72827 13.51 0.029
3713.70135 13.483 0.033
3716.61755 13.148 0.033
3718.66568 13.885 0.05
3720.75434 13.811 0.045
3726.62749 13.764 0.043
3728.67763 13.199 0.041
3731.79877 13.288 0.048
3734.676 13.169 0.057
3737.65 13.084 0.038
3739.67188 13.425 0.041
3741.71479 13.184 0.032
3744.65114 13.608 0.045
3746.75333 12.764 0.06
3749.53595 12.944 0.065
3749.53959 12.979 0.064
3749.54215 12.939 0.057
3749.66729 13.199 0.053
3752.6579 13.229 0.054
3754.70276 13.053 0.057
3757.6017 13.17 0.034
3759.66516 12.752 0.055
3762.61021 13.161 0.049
3764.67653 13.449 0.046
3767.59271 13.114 0.057
3769.6686 13.629 0.052
3772.56694 12.833 0.049
3774.65811 13.444 0.058
3777.5636 12.808 0.059
3788.62851 13.238 0.057
3794.55651 13.162 0.051
3796.6125 13.463 0.042
3799.54824 11.825 0.037
3801.60178 13.821 0.044
3804.53962 13.202 0.042
3806.55371 13.639 0.037
3809.57692 13.274 0.05
3811.58707 13.13 0.051
3814.5237 13.077 0.047
3816.57586 12.997 0.044
3819.52199 13.336 0.042
3822.51315 13.4 0.037
3827.51261 13.096 0.048
3830.5052 13.477 0.036
3832.53263 13.408 0.044
3835.50115 13.19 0.051
3837.51252 13.975 0.055
3850.46733 13.633 0.052
3853.47017 13.071 0.031
3858.46666 13.157 0.05
4104.65328 13.506 0.055
4106.69583 12.928 0.05
4109.7088 12.947 0.068
4125.62855 13.121 0.035
4127.62813 13.067 0.036
4129.62855 13.098 0.032
4131.66006 13.149 0.036
4133.68137 13.059 0.046
4135.69505 12.89 0.042
4137.69669 12.948 0.042
4147.5713 13.176 0.034
4150.64516 13.01 0.042
4152.6504 13.194 0.035
4155.55073 13.053 0.056
4157.60612 13.195 0.043
4159.61919 13.236 0.061
4161.62371 13.743 0.076
4163.6289 13.666 0.052
4172.5781 12.771 0.055
4174.59 13.286 0.057
4179.52142 13.416 0.034
4182.52778 13.103 0.047
4184.55888 13.115 0.036
4189.52133 13.272 0.031
4191.54084 13.19 0.057
4205.50761 13.255 0.055
4297.93687 13.147 0.05
4301.93048 12.884 0.067
4305.91736 12.985 0.034
4310.90863 12.886 0.039
4314.92525 12.898 0.066
4330.89644 13.302 0.045
4333.88989 13.016 0.05
4338.89782 13.286 0.069
4341.86015 13.401 0.036
4348.85168 13.177 0.035
4353.83537 13.24 0.029
4357.83743 13.222 0.037
4361.8491 12.928 0.045
4364.78364 13.035 0.035
4367.85147 13.249 0.044
4373.82489 13.506 0.038
4376.82099 12.852 0.041
4379.80192 13.377 0.034
4382.7839 13.26 0.032
4385.78855 13.299 0.032
4388.77499 13.113 0.036
4399.81189 13.429 0.046
4403.75511 13.28 0.035
4407.78658 13.31 0.05
4410.72612 13.313 0.032
4413.76524 13.091 0.043
4420.75465 12.736 0.058
4423.67947 13.048 0.048
4426.75996 13.437 0.07
4428.78239 13.32 0.045
4431.66517 12.984 0.04
4433.75347 13.222 0.037
4436.66918 12.852 0.032
4438.77148 13.252 0.049
4441.66178 13.37 0.04
4444.68331 13.367 0.061
4452.68735 13.091 0.037
4457.67254 12.874 0.057
4459.79137 12.904 0.062
4462.68808 13.272 0.042
4464.78064 13.053 0.045
4467.64605 13.091 0.066
4469.74016 14.007 0.051
4473.67063 13.329 0.049
4476.66315 13.202 0.048
4478.71691 13.302 0.048
4484.74381 13.492 0.064
4487.58205 13.208 0.046
4489.61992 12.938 0.039
4491.66733 13.047 0.037
4493.69801 13.319 0.033
4497.58994 12.972 0.033
4504.67543 12.917 0.061
4507.57722 13.34 0.063
4509.66012 12.955 0.05
4512.56877 14.013 0.061
4516.56825 12.81 0.06
4518.628 13.613 0.047
4520.64005 13.035 0.043
4525.55867 13.251 0.048
4527.59226 13.887 0.05
4530.56491 13.301 0.046
4533.54532 13.361 0.037
4536.58955 13.337 0.049
4539.52059 13.306 0.066
4541.56301 13.093 0.037
4543.57241 12.919 0.05
4546.53489 13.313 0.057
4548.54084 12.933 0.049
4554.52046 13.165 0.045
4556.53943 13.119 0.053
4559.51182 13.411 0.041
4562.49542 13.033 0.042
4565.48099 13.893 0.043
4568.49988 13.397 0.036
4571.50117 13.484 0.044
4574.48756 13.173 0.051
