1949.56677 13.565 0.031
1953.54058 12.822 0.027
1959.56578 12.753 0.028
1963.52224 13.047 0.029
1966.52618 13.465 0.029
1981.50149 12.956 0.046
1999.48786 12.849 0.053
1999.48786 12.849 0.053
2136.86144 12.683 0.033
2156.86635 13.127 0.042
2166.86946 12.749 0.038
2168.82048 12.849 0.034
2171.8092 12.703 0.036
2172.85081 12.758 0.036
2177.8071 12.741 0.071
2183.78682 12.937 0.039
2185.78411 12.924 0.039
2198.78571 12.925 0.033
2202.72715 13.064 0.04
2204.72085 13.134 0.063
2206.72026 12.637 0.035
2208.74519 13.137 0.037
2212.70803 12.956 0.032
2213.72932 13.194 0.037
2219.73182 13.107 0.051
2224.72137 12.971 0.035
2235.69215 12.937 0.037
2239.68131 12.932 0.042
2247.64644 12.642 0.046
2496.88079 13.001 0.031
2498.89068 12.988 0.041
2502.87977 12.988 0.03
2519.82883 13.418 0.024
2549.82917 12.798 0.034
2549.82917 12.804 0.032
2553.79523 12.977 0.034
2560.76112 12.847 0.031
2562.74479 13.336 0.03
2566.75634 12.894 0.032
2578.72129 12.851 0.022
2621.66186 13.159 0.025
2623.62513 13.077 0.029
2627.66088 13.424 0.036
2629.65794 13.069 0.031
2634.66261 12.852 0.023
2636.69821 12.927 0.027
2638.68723 12.829 0.024
2640.68519 12.549 0.025
2642.68296 13.078 0.022
2646.65811 12.695 0.024
2649.6475 12.701 0.026
2654.70645 12.923 0.031
2658.57 12.863 0.031
2660.57478 12.708 0.033
2662.57409 13.095 0.024
2664.57009 13.14 0.03
2666.56742 12.781 0.027
2668.57305 12.967 0.03
2670.56839 12.869 0.026
2672.5713 12.83 0.03
2674.5613 12.972 0.025
2676.55468 12.943 0.026
2678.55147 12.825 0.029
2684.55397 13.066 0.032
2688.56826 13.026 0.032
2690.56696 12.736 0.026
2692.56415 12.888 0.026
2694.56828 12.966 0.025
2698.55989 12.673 0.027
2700.56449 13.082 0.025
2702.55619 12.935 0.025
2704.54476 12.895 0.025
2709.50264 13.116 0.03
2711.52264 13.215 0.03
2713.54188 12.676 0.029
2715.53947 13.265 0.031
2718.53221 12.85 0.032
2721.52509 12.828 0.053
2723.52928 13.178 0.046
2725.52837 12.77 0.023
2727.5241 12.917 0.025
2730.48623 12.852 0.028
2737.47566 12.68 0.042
2841.93404 12.751 0.034
2854.91832 13.093 0.024
2867.90809 12.854 0.029
2876.86207 12.789 0.028
2884.85346 12.782 0.032
2893.82748 12.503 0.041
2900.90896 12.906 0.043
2905.8286 12.878 0.024
2908.85543 12.801 0.027
2911.81434 12.852 0.03
2915.84157 13.5 0.026
2916.78909 12.747 0.031
2927.83723 13.63 0.029
2929.77096 13.117 0.026
2931.80111 12.675 0.03
2933.79655 13.2 0.027
2939.77545 13.03 0.022
2943.73308 13.002 0.027
2945.72851 12.796 0.038
2947.74956 13.188 0.029
2947.74956 13.203 0.035
2949.75498 12.784 0.027
2951.75572 12.758 0.037
2955.76173 12.904 0.034
2957.75088 12.512 0.053
2964.72837 12.97 0.028
2966.72921 12.791 0.036
2968.77344 12.895 0.034
2971.67123 12.874 0.026
2974.66954 12.811 0.027
2976.70597 13.387 0.033
2978.69391 12.93 0.03
2984.69082 13.054 0.032
2986.7102 12.83 0.046
2988.75702 13.258 0.037
2991.61734 12.984 0.026
2993.65817 13.096 0.027
2995.72195 13.066 0.028
2997.74516 13.581 0.032
2998.66318 12.788 0.031
3013.62437 12.724 0.051
3016.6338 12.898 0.03
3018.63292 12.73 0.027
3023.65546 13.238 0.028
3030.66838 12.833 0.028
3037.54482 13.736 0.07
3041.55258 12.741 0.067
3044.53928 12.826 0.032
3046.61052 13.481 0.033
3049.58725 13.639 0.027
3052.56757 13.97 0.04
3054.60227 13.107 0.031
3056.61882 13.045 0.045
3059.56611 13.065 0.047
3064.50744 12.964 0.038
3070.5424 13.104 0.039
3073.53989 12.858 0.033
3078.55974 13.087 0.028
3081.52385 13.037 0.034
3085.53302 12.801 0.035
3096.50672 13.324 0.037
3107.47872 13.055 0.033
3110.47145 13.141 0.033
3269.82288 12.93 0.025
3272.83781 12.866 0.034
3278.82565 12.827 0.046
3291.8129 12.861 0.027
3295.77684 12.942 0.028
3298.83628 12.714 0.025
3355.7645 12.839 0.04
3358.62266 12.699 0.031
3365.66363 13.194 0.057
3382.58631 12.797 0.067
3382.58631 12.798 0.04
3386.69259 12.917 0.048
3391.5671 12.89 0.053
3394.67534 12.89 0.043
3397.58291 12.82 0.038
3404.66853 12.983 0.033
3406.67194 12.709 0.045
3409.5612 13.572 0.035
3411.62912 12.946 0.035
3414.5299 12.97 0.042
3419.51659 12.953 0.035
3425.60926 13.05 0.047
3427.60162 12.74 0.041
3432.55432 12.448 0.047
3434.5534 12.879 0.042
3437.5439 12.928 0.035
3440.53624 12.923 0.056
3443.56034 12.881 0.035
3446.52249 12.693 0.044
3449.52517 12.58 0.052
3454.53809 13.525 0.046
3457.50178 12.99 0.041
3459.51734 13.199 0.037
3461.51828 12.715 0.041
3465.47827 13.09 0.046
3473.47379 12.876 0.038
3477.47616 13.173 0.036
3577.93408 12.624 0.042
3591.91156 12.781 0.05
3618.91006 12.708 0.041
3622.88276 13.403 0.031
3626.86531 12.779 0.033
3630.84219 12.823 0.038
3634.84617 13.752 0.047
3638.85461 12.938 0.031
3641.83778 12.843 0.039
3644.85006 12.875 0.047
3648.79624 13.152 0.068
3651.80502 13.03 0.047
3654.79651 13.16 0.035
3657.77279 13.193 0.037
3660.78652 12.928 0.046
3664.81996 13.196 0.044
3668.76799 13.105 0.029
3671.75947 13.224 0.037
3674.74987 12.844 0.036
3677.73971 13.293 0.034
3699.67751 12.809 0.042
3702.67184 12.814 0.04
3705.65982 12.679 0.041
3707.75548 13.23 0.032
3711.77238 12.791 0.032
3713.7104 13.012 0.033
3716.62865 12.863 0.039
3719.66977 12.768 0.067
3721.72051 13.078 0.047
3724.66395 13.087 0.044
3726.72482 12.806 0.039
3730.60832 13.136 0.043
3732.78378 12.871 0.051
3735.70422 12.589 0.039
3738.62612 12.958 0.04
3740.67162 12.936 0.039
3743.6293 12.777 0.038
3746.63853 12.613 0.05
3748.68513 13.102 0.049
3750.70301 13.005 0.047
3753.69408 12.834 0.049
3756.59733 13.556 0.061
3758.65971 12.947 0.037
3761.61868 13.143 0.05
3766.59493 13.022 0.05
3769.57588 12.936 0.04
3771.61197 13.594 0.05
3776.6067 12.731 0.052
3787.62298 12.778 0.041
3790.55885 12.816 0.046
3793.5512 12.941 0.053
3798.53972 13.032 0.05
3801.53298 12.575 0.045
3804.53163 12.977 0.048
3806.5459 13.08 0.055
3810.51769 12.807 0.054
3812.54406 12.927 0.05
3815.52031 13.127 0.042
3818.51118 12.878 0.04
3821.50923 12.907 0.04
3824.50172 12.977 0.04
3828.4829 12.962 0.042
3831.49295 12.672 0.042
3834.49158 12.745 0.047
3837.48212 13.507 0.059
4090.65078 13.006 0.04
4106.69465 13.135 0.033
4109.70374 13.513 0.051
4126.68678 13.855 0.06
4129.56798 12.911 0.036
4131.62288 12.675 0.047
4133.62698 12.795 0.051
4135.6514 12.889 0.055
4137.6522 12.954 0.041
4147.55871 13.122 0.041
4151.56055 12.91 0.037
4153.56595 12.743 0.053
4156.56 12.833 0.042
4158.59808 13.186 0.053
4161.52709 13.335 0.043
4163.5522 12.82 0.048
4165.58545 13.027 0.052
4174.55699 12.977 0.044
4179.51633 13.019 0.044
4183.49262 12.684 0.05
4185.53049 13.19 0.046
4192.51366 12.717 0.047
4192.51366 12.718 0.047
4197.47864 12.669 0.055
4201.48207 12.896 0.035
4302.9399 12.958 0.064
4306.92961 12.816 0.042
4311.93425 12.863 0.04
4331.88372 13.039 0.037
4334.89833 12.858 0.032
4339.88276 12.519 0.039
4342.89969 12.864 0.064
4348.86564 12.971 0.04
4353.90446 13.312 0.033
4357.89722 12.892 0.045
4361.89948 12.945 0.036
4364.82532 13.021 0.035
4367.86362 12.94 0.043
4373.83766 13.273 0.042
4376.85868 13.103 0.044
4379.81841 13.183 0.032
4382.82749 13.049 0.035
4385.80426 13.085 0.032
4388.78731 12.821 0.038
4398.842 13.016 0.057
4406.78288 12.878 0.05
4409.74549 12.828 0.042
4412.77563 12.746 0.034
4420.74668 13.685 0.055
4423.70368 13.001 0.043
4429.726 12.719 0.048
4431.78501 11.581 0.047
4436.79421 12.82 0.037
4439.65222 12.729 0.035
4441.76342 13.205 0.044
4452.68543 12.9 0.035
4457.67066 13.204 0.059
4465.62243 12.779 0.047
4467.75807 13.003 0.044
4470.6543 12.866 0.042
4473.70785 12.938 0.037
4476.69821 13.219 0.047
4479.63114 12.767 0.048
4482.63042 12.783 0.049
4490.57533 12.824 0.035
4492.63119 12.993 0.04
4494.65198 12.875 0.039
4498.64466 13.345 0.043
4501.59489 13.623 0.06
4503.64669 13.152 0.044
4506.59118 12.801 0.048
4509.5594 12.998 0.053
4511.58926 12.608 0.051
4518.56055 12.986 0.045
4520.59639 13.027 0.04
4524.60557 13.05 0.042
4527.56915 12.967 0.049
4530.5574 13.027 0.044
4533.54041 13.113 0.043
4539.49922 13.545 0.059
4541.54983 12.76 0.045
4547.51139 12.894 0.056
4555.50529 12.702 0.042
4558.49617 12.795 0.061
4561.49876 12.77 0.047
4564.48911 12.707 0.05
4569.47503 13.062 0.058
