1868.71761 12.594 0.026
1869.70772 12.404 0.027
1870.70851 12.037 0.033
1871.71459 12.661 0.028
1872.71057 12.681 0.027
1873.71257 12.574 0.025
1874.6996 12.228 0.027
1875.69964 12.046 0.024
1876.7007 12.781 0.022
1877.70109 12.617 0.024
1878.69087 12.435 0.023
1879.69418 12.049 0.023
1880.68596 12.764 0.031
1881.68047 12.562 0.022
1884.66881 11.849 0.024
1885.67902 12.75 0.022
1886.6826 12.518 0.023
1888.67513 12.101 0.027
1889.66958 12.682 0.034
1899.65107 12.638 0.023
1900.65579 12.648 0.021
1902.63798 11.922 0.022
1903.64754 12.733 0.024
1904.63061 12.638 0.021
1905.64631 12.504 0.029
1906.63694 12.264 0.02
1907.63747 11.808 0.021
1908.63423 12.846 0.022
1913.61309 12.649 0.022
1914.61993 12.648 0.02
1915.62366 12.429 0.024
1918.60003 12.571 0.029
1919.6188 12.599 0.028
1920.62072 12.269 0.025
1922.61925 12.686 0.021
1923.62439 12.621 0.021
1926.60289 12.539 0.027
1928.57941 12.574 0.023
1930.57624 12.117 0.02
1932.56445 12.654 0.019
1934.56337 12.265 0.019
1935.54745 12.531 0.021
1938.55637 12.353 0.025
1940.65046 12.1 0.022
1945.54843 12.641 0.027
1948.54041 12.199 0.025
1950.57821 12.656 0.023
1953.54772 12.054 0.024
1959.52969 12.645 0.025
1964.55951 12.658 0.027
1966.57966 12.391 0.033
1968.56477 12.828 0.038
1968.56477 12.837 0.038
1979.50178 12.397 0.042
1982.51504 12.609 0.037
1985.54813 12.043 0.043
1995.49435 13.583 0.045
1998.49409 12.471 0.051
1998.49409 12.476 0.051
2104.93128 12.388 0.032
2115.90081 12.613 0.027
2117.91186 12.487 0.03
2128.90595 12.234 0.031
2130.88484 12.673 0.028
2132.88218 12.36 0.03
2134.88404 12.635 0.028
2136.88228 12.492 0.028
2140.89334 12.579 0.047
2144.8688 12.516 0.029
2156.87929 11.845 0.035
2166.88229 12.814 0.036
2168.83335 12.339 0.03
2171.8243 12.858 0.032
2183.80888 11.919 0.033
2184.81289 12.674 0.034
2186.86033 12.596 0.034
2188.8375 11.888 0.035
2190.77112 12.69 0.031
2192.82096 12.254 0.031
2194.83113 12.79 0.032
2196.76198 12.248 0.036
2198.81941 12.52 0.031
2201.75051 12.327 0.03
2202.79119 11.971 0.032
2204.74572 12.594 0.054
2206.74018 12.114 0.033
2212.70094 12.673 0.035
2213.73981 12.549 0.033
2214.747 12.51 0.041
2215.7631 12.281 0.038
2216.74867 12.078 0.042
2217.75524 12.794 0.041
2222.66687 12.533 0.038
2224.72753 12.374 0.04
2225.76044 12.186 0.037
2226.73822 12.647 0.041
2227.74466 12.705 0.042
2228.72609 12.492 0.042
2229.72876 12.217 0.041
2230.72409 12.445 0.038
2232.71712 12.552 0.04
2233.71979 12.346 0.04
2234.71304 12.083 0.039
2235.70948 12.719 0.038
2236.70671 12.646 0.044
2237.71022 12.575 0.044
2239.69881 12.464 0.046
2240.69931 12.693 0.045
2241.7027 12.592 0.045
2242.69565 12.311 0.049
2243.69588 11.977 0.05
2244.6963 12.824 0.056
2247.689 12.153 0.051
2248.69077 12.472 0.05
2249.69005 12.766 0.047
2250.68848 12.581 0.045
2251.68058 12.486 0.048
2252.67951 11.95 0.05
2253.67774 12.685 0.051
2254.67947 12.723 0.047
2256.67242 12.224 0.053
2257.67082 12.059 0.053
2258.66565 12.751 0.052
2260.66223 12.391 0.053
2264.65455 12.68 0.058
2497.89594 12.351 0.04
2499.89103 12.586 0.031
2502.87268 12.989 0.033
2519.87211 12.243 0.025
2544.89747 12.851 0.035
2549.83355 12.656 0.029
2549.83355 12.665 0.029
2552.77371 12.755 0.02
2554.78875 12.63 0.05
2557.75488 12.768 0.027
2559.76404 12.448 0.022
2561.76254 12.595 0.021
2562.88118 12.705 0.026
2564.75229 12.286 0.028
2565.85108 12.294 0.025
2574.75495 12.125 0.04
2578.73478 12.316 0.026
2621.70454 12.306 0.022
2623.64038 12.529 0.024
2625.64206 12.173 0.024
2627.79058 12.664 0.028
2629.78281 12.415 0.028
2634.74868 12.213 0.021
2636.76346 12.839 0.025
2638.75252 12.436 0.024
2640.75046 12.437 0.025
2642.78451 12.642 0.02
2644.73486 11.868 0.026
2646.71422 12.884 0.029
2649.70364 12.547 0.019
2651.67105 12.48 0.02
2653.66646 12.01 0.023
2655.7072 12.636 0.027
2658.6804 12.185 0.031
2660.68017 12.622 0.033
2662.67705 12.139 0.021
2664.6683 12.627 0.026
2666.66568 12.282 0.021
2668.67132 12.688 0.024
2670.66443 12.537 0.029
2672.66502 12.204 0.021
2674.65269 12.679 0.025
2676.63885 12.077 0.02
2678.62418 12.611 0.024
2680.62681 12.254 0.024
2684.63511 12.416 0.03
2686.65407 12.286 0.032
2688.642 12.521 0.034
2690.6408 12.045 0.024
2692.63552 12.542 0.025
2694.63912 12.302 0.025
2698.6268 12.369 0.043
2702.61716 12.508 0.02
2704.60434 12.133 0.02
2706.5861 12.669 0.022
2710.55976 12.623 0.022
2712.5684 12.219 0.026
2714.58992 12.76 0.028
2717.58147 12.022 0.029
2720.56557 12.525 0.022
2724.56047 12.612 0.02
2726.55875 12.171 0.022
2728.5499 12.728 0.025
2730.54581 12.301 0.02
2734.53076 12.469 0.025
2736.51548 12.599 0.024
2738.5423 12.542 0.027
2740.53761 12.033 0.029
2743.49238 12.459 0.026
2745.50749 12.083 0.065
2752.4859 12.494 0.027
2755.48599 12.766 0.022
2757.48518 12.569 0.021
2760.47864 12.742 0.023
2763.45796 12.123 0.032
2854.90901 12.519 0.026
2859.90027 12.25 0.033
2862.89952 12.501 0.029
2867.89864 12.707 0.029
2876.85702 12.565 0.03
2884.8483 12.714 0.03
2886.88385 12.594 0.026
2893.81986 12.738 0.034
2900.87962 12.596 0.027
2905.84406 12.299 0.02
2908.86374 12.782 0.035
2911.83438 12.297 0.023
2915.84976 12.048 0.022
2916.78586 12.777 0.029
2916.78586 12.781 0.029
2922.74467 12.491 0.037
2927.75447 12.411 0.028
2929.78127 11.97 0.027
2931.83612 12.673 0.024
2933.81136 12.241 0.022
2935.8399 12.897 0.029
2939.80352 12.551 0.021
2943.75026 12.241 0.03
2945.7433 12.669 0.033
2947.76986 12.224 0.031
2947.76986 12.237 0.026
2949.78942 12.539 0.023
2952.73672 12.283 0.034
2954.80924 12.436 0.037
2957.72473 12.334 0.024
2962.71497 12.622 0.028
2964.75965 12.611 0.025
2966.76751 12.286 0.062
2968.80707 12.654 0.031
2971.6902 12.71 0.022
2974.68072 12.295 0.024
2976.70996 12.666 0.029
2976.72437 12.59 0.029
2978.70787 12.506 0.026
2980.72783 12.002 0.028
2982.73939 12.537 0.042
2984.79538 12.33 0.032
2987.65688 12.374 0.023
2989.71162 11.974 0.021
2991.73762 12.842 0.023
2994.6268 12.728 0.021
2998.6771 11.81 0.027
3001.67734 12.569 0.023
3005.65253 12.578 0.023
3007.65993 11.902 0.028
3009.70029 12.886 0.035
3011.69825 12.332 0.034
3016.71309 12.178 0.025
3018.7112 12.824 0.025
3025.64257 12.119 0.024
3030.58038 12.065 0.025
3034.6509 12.355 0.031
3036.72167 12.248 0.028
3041.72144 12.366 0.043
3044.60203 12.12 0.027
3046.66257 12.689 0.029
3049.6373 12.077 0.023
3052.60212 12.422 0.049
3054.6319 12.186 0.024
3056.6699 12.77 0.046
3059.5855 12.811 0.041
3061.62887 12.502 0.034
3064.55888 12.776 0.027
3067.60585 12.151 0.029
3069.63474 12.69 0.037
3072.54965 12.29 0.034
3075.55808 12.465 0.058
3077.57359 12.778 0.051
3079.60027 12.423 0.04
3082.55217 12.804 0.053
3086.58887 12.079 0.041
3089.52689 12.293 0.035
3091.53617 12.849 0.036
3093.56226 12.457 0.029
3098.51508 12.239 0.036
3100.54548 12.759 0.037
3103.50589 12.126 0.028
3108.49451 11.87 0.027
3110.50891 12.754 0.027
3113.49039 11.834 0.028
3125.4786 12.65 0.031
3128.47007 12.758 0.034
3132.46319 12.658 0.028
3266.83722 12.847 0.035
3269.8276 12.162 0.022
3272.85076 12.654 0.03
3279.81341 12.141 0.031
3295.78718 12.605 0.024
3298.84064 12.554 0.022
3355.63888 12.46 0.031
3357.76002 12.28 0.032
3363.80572 12.335 0.04
3367.63558 13.232 0.057
3367.63558 13.236 0.052
3373.70311 12.797 0.047
3373.70311 12.848 0.053
3383.6743 12.483 0.036
3390.67345 12.725 0.042
3392.75248 12.575 0.057
3392.75248 12.579 0.062
3395.67189 12.823 0.044
3397.72846 12.377 0.041
3400.67732 12.728 0.05
3403.62697 11.897 0.027
3405.6528 12.615 0.029
3407.67088 12.435 0.033
3409.68678 12.821 0.029
3412.58371 12.07 0.037
3414.59005 12.614 0.033
3416.59617 12.289 0.041
3418.60905 12.668 0.034
3422.62448 12.185 0.062
3424.65241 12.383 0.041
3426.64906 12.285 0.056
3431.5544 12.471 0.051
3433.56453 12.609 0.037
3436.56557 12.633 0.036
3439.55657 12.317 0.027
3442.54737 12.579 0.025
3444.56649 12.29 0.06
3446.56628 12.711 0.031
3449.57268 12.359 0.045
3456.50691 12.588 0.039
3458.52067 11.914 0.027
3460.52947 12.763 0.031
3462.55706 12.269 0.04
3465.50824 12.678 0.03
3468.54351 12.586 0.026
3471.50179 12.162 0.025
3473.51327 12.907 0.046
3476.49748 12.077 0.055
3480.50371 12.397 0.035
3483.48734 12.768 0.04
3492.46913 12.768 0.037
3502.454 12.797 0.043
3576.92865 12.628 0.036
3590.91161 13.036 0.03
3599.9146 12.595 0.029
3603.8927 12.686 0.036
3619.86425 12.17 0.026
3624.8799 12.15 0.025
3628.87365 12.3 0.034
3631.85037 12.622 0.035
3639.82127 12.767 0.025
3643.81268 12.942 0.036
3647.85195 11.991 0.023
3650.82778 12.407 0.029
3653.81981 12.788 0.043
3658.79112 12.804 0.027
3664.78429 12.27 0.032
3668.79859 12.52 0.025
3671.77102 12.76 0.028
3674.76999 12.082 0.033
3677.75788 12.575 0.025
3700.68856 12.654 0.036
3703.70932 12.682 0.032
3706.68866 12.284 0.047
3712.70805 12.414 0.03
3714.70772 12.607 0.042
3716.78706 12.45 0.037
3719.68929 12.462 0.054
3719.68929 12.465 0.04
3719.70449 12.269 0.051
3721.79516 12.051 0.041
3724.69599 12.389 0.04
3726.78837 12.07 0.039
3730.62211 12.67 0.043
3733.64816 12.309 0.045
3735.75395 12.01 0.027
3740.67655 12.713 0.03
3742.79078 12.894 0.038
3745.66156 12.585 0.035
3747.74098 12.506 0.045
3750.61822 12.499 0.04
3753.63478 12.583 0.037
3755.69136 12.729 0.039
3757.74899 12.382 0.033
3762.71285 12.017 0.042
3765.59926 12.383 0.042
3767.68817 11.749 0.041
3770.56252 12.094 0.042
3772.64147 12.836 0.042
3774.7072 12.521 0.044
3777.57311 12.52 0.049
3779.60699 12.783 0.05
3789.57139 12.204 0.052
3791.60373 12.649 0.037
3794.58298 12.085 0.039
3796.61852 12.617 0.028
3799.55422 12.116 0.037
3801.60766 12.701 0.044
3804.54826 12.467 0.041
3809.58873 12.484 0.042
3811.59343 12.688 0.045
3814.52795 12.698 0.04
3816.579 12.392 0.035
3819.52535 12.599 0.034
3821.57784 12.43 0.037
3824.53732 12.565 0.037
3826.54564 12.13 0.038
3829.52688 12.551 0.037
3831.54754 11.915 0.042
3834.50123 12.353 0.042
3836.51121 12.61 0.05
3850.48286 12.906 0.042
3853.47357 12.151 0.027
4089.63713 12.671 0.033
4091.70157 12.586 0.031
4104.6835 12.435 0.05
4106.72676 12.515 0.04
4109.78368 12.896 0.068
4125.67169 12.114 0.03
4127.68054 12.876 0.032
4129.65249 12.412 0.036
4131.68094 12.759 0.034
4133.69933 12.561 0.041
4136.56845 12.625 0.038
4147.57967 12.394 0.03
4152.65984 12.593 0.029
4155.55739 12.803 0.046
4157.62098 12.351 0.037
4159.62498 12.637 0.05
4161.62948 12.6 0.036
4163.63467 12.092 0.06
4166.56443 12.368 0.064
4172.58453 12.178 0.046
4174.5957 12.601 0.033
4177.59367 12.363 0.054
4180.55857 12.445 0.036
4183.53111 12.622 0.058
4185.54765 12.105 0.04
4190.52334 11.993 0.031
4192.53347 12.778 0.033
4201.53316 12.644 0.032
4205.50541 12.746 0.045
4304.93171 12.296 0.035
4311.93641 12.855 0.037
4312.92222 12.382 0.059
4331.88586 12.337 0.039
4334.90301 12.941 0.049
4334.91286 12.599 0.04
4339.87313 12.61 0.048
4342.89001 11.989 0.052
4346.86263 12.129 0.045
4349.88496 12.64 0.033
4353.89798 12.687 0.03
4357.89061 13.003 0.036
4361.89203 12.16 0.033
4364.83889 12.317 0.033
4368.85134 12.456 0.035
4382.79354 12.411 0.029
4385.80862 12.679 0.028
4388.80601 12.002 0.034
4403.81398 12.766 0.038
4407.8028 12.718 0.036
4413.79822 12.882 0.048
4424.77926 12.418 0.031
4427.75223 12.715 0.038
4430.69624 13.003 0.04
4432.73791 12.672 0.029
4435.68151 12.69 0.029
4437.74241 12.545 0.029
4440.67321 12.596 0.028
4443.68757 12.141 0.034
4448.75733 12.102 0.033
4453.72363 12.314 0.039
4456.62143 12.279 0.043
4458.69901 12.833 0.046
4461.65972 12.176 0.03
4463.74143 12.874 0.032
4466.65499 12.064 0.035
4468.77359 12.868 0.043
4471.76887 11.971 0.058
4474.72347 12.396 0.047
4477.66045 12.809 0.035
4479.77014 12.482 0.05
4482.72629 12.58 0.064
4485.69961 12.212 0.062
4487.72089 12.853 0.047
4490.59272 12.699 0.029
4492.67095 12.424 0.03
4494.69046 11.693 0.028
4498.66478 12.121 0.039
4501.61517 12.555 0.026
4503.68497 11.958 0.044
4506.60927 12.444 0.049
4508.67785 11.808 0.036
4510.65693 12.566 0.053
4516.62944 12.161 0.048
4519.55889 12.604 0.039
4521.59509 12.17 0.029
4523.60773 12.717 0.045
4525.63064 12.558 0.049
4527.64963 12.432 0.033
4530.58687 12.45 0.037
4533.55813 12.475 0.038
4536.59883 12.541 0.039
4539.52978 12.345 0.063
4541.57128 12.867 0.035
4543.58651 12.535 0.045
4546.54547 12.58 0.051
4548.54988 12.436 0.038
4554.5295 12.393 0.04
4556.54861 12.77 0.065
4558.55701 12.152 0.032
4561.53944 12.6 0.037
4564.50991 12.809 0.037
4567.50303 11.96 0.042
4570.50734 12.547 0.032
4573.50155 12.678 0.041
