1868.71265 12.673 0.027
1870.71247 12.456 0.031
1871.70961 12.606 0.031
1872.70784 12.569 0.028
1873.70984 12.59 0.028
1874.69459 12.536 0.03
1875.6969 12.314 0.026
1876.69796 12.452 0.03
1878.68587 12.89 0.028
1879.69143 12.441 0.026
1880.6833 12.459 0.033
1884.66374 12.427 0.028
1885.67395 12.509 0.025
1886.67761 12.555 0.025
1887.67066 12.577 0.029
1888.67009 12.534 0.031
1889.66456 12.282 0.038
1899.64607 12.43 0.027
1900.65302 12.504 0.026
1902.63296 12.338 0.026
1903.64478 12.281 0.024
1905.6435 12.433 0.026
1906.63417 12.548 0.025
1907.63471 12.403 0.023
1908.63147 12.46 0.024
1913.60812 12.348 0.025
1914.6172 12.506 0.026
1915.6209 12.594 0.03
1918.59728 12.386 0.031
1919.61608 12.527 0.033
1920.618 12.472 0.028
1921.61311 12.503 0.026
1922.61204 12.44 0.024
1923.60819 12.515 0.026
1925.57764 12.566 0.026
1926.60021 12.49 0.024
1928.57674 12.46 0.023
1930.57355 12.708 0.024
1931.60134 12.158 0.039
1933.5678 12.514 0.024
1936.55975 12.39 0.024
1938.57347 12.499 0.025
1940.6406 12.338 0.026
1945.54423 12.401 0.031
1948.53622 12.538 0.03
1950.56863 12.45 0.027
1953.54523 12.58 0.028
1955.54688 12.612 0.029
1959.52267 12.434 0.026
1964.55247 12.2 0.027
2104.92214 12.461 0.034
2106.93235 12.62 0.038
2114.93122 12.111 0.046
2115.92005 12.62 0.031
2116.93022 12.514 0.032
2128.90173 12.63 0.035
2130.86918 12.465 0.03
2132.87057 12.434 0.033
2133.93432 12.953 0.035
2135.8755 12.777 0.037
2140.88231 12.594 0.038
2156.85813 12.376 0.039
2166.85288 12.73 0.033
2168.80356 12.648 0.034
2171.8038 12.32 0.041
2172.86161 12.458 0.034
2185.79204 12.41 0.037
2188.82823 12.592 0.034
2190.75473 12.739 0.036
2191.84211 12.5 0.035
2192.81158 12.392 0.034
2194.82628 12.634 0.033
2196.74554 12.78 0.035
2197.83451 12.591 0.039
2198.80063 12.394 0.035
2204.72417 12.351 0.036
2206.70978 12.768 0.036
2212.71116 12.285 0.04
2499.87743 12.48 0.028
2519.86314 12.512 0.028
2540.90191 12.463 0.033
2552.77132 12.534 0.029
2558.85995 12.49 0.023
2560.77404 12.514 0.027
2562.75515 12.721 0.027
2565.75732 12.233 0.03
2578.7294 12.179 0.027
2623.63295 12.532 0.024
2625.63695 12.368 0.025
2627.7711 12.201 0.035
2629.7777 12.617 0.031
2636.74905 12.49 0.034
2638.7381 12.384 0.025
2638.7381 12.753 0.025
2640.73607 12.519 0.026
2642.77941 12.813 0.024
2642.80812 12.586 0.028
2644.72976 12.588 0.025
2646.70913 12.376 0.029
2649.69855 12.549 0.022
2651.66597 12.471 0.024
2653.6614 12.589 0.025
2655.71395 12.208 0.031
2658.67536 12.584 0.03
2660.67515 12.219 0.034
2662.67205 12.588 0.024
2664.66328 12.626 0.024
2666.6607 12.584 0.026
2668.66634 12.705 0.022
2670.65946 12.548 0.026
2672.66006 12.703 0.025
2674.64776 12.482 0.027
2676.63393 12.255 0.024
2678.61928 12.615 0.03
2680.62193 12.484 0.027
2684.63027 12.301 0.033
2686.64647 12.513 0.035
2688.63719 12.382 0.032
2690.63599 12.672 0.027
2692.63073 12.554 0.03
2694.63141 12.559 0.031
2698.62441 12.356 0.03
2700.62327 12.499 0.025
2702.6148 12.419 0.024
2704.602 12.409 0.024
2706.58376 12.713 0.027
2710.55748 12.447 0.024
2712.56613 12.568 0.027
2714.58766 12.6 0.032
2720.56336 12.627 0.026
2722.56027 12.307 0.025
2724.55832 12.826 0.024
2724.55832 12.968 0.024
2726.55661 12.494 0.025
2728.54778 12.316 0.029
2730.54371 12.573 0.024
2734.52868 12.576 0.03
2736.51344 12.441 0.027
2738.54026 12.822 0.028
2740.5356 12.744 0.03
2742.53633 11.988 0.029
2745.48919 12.701 0.042
2751.51012 12.393 0.026
2755.47236 12.439 0.026
2757.47613 12.492 0.023
2760.46961 12.382 0.023
2764.46915 12.5 0.025
2766.46583 12.474 0.028
2854.90248 12.186 0.023
2859.88651 11.995 0.028
2861.91906 11.894 0.036
2867.88942 12.113 0.028
2876.85022 12.507 0.026
2884.8346 12.374 0.031
2886.89715 12.182 0.036
2905.83698 12.155 0.025
2908.85679 12.527 0.028
2911.82251 11.859 0.035
2915.84281 12.308 0.026
2916.77882 12.112 0.033
2918.77514 12.433 0.078
2924.79932 12.122 0.034
2927.74968 12.176 0.032
2929.77644 11.806 0.027
2931.83111 12.649 0.03
2933.80658 12.489 0.029
2935.83736 12.27 0.032
2939.79873 12.378 0.024
2945.73838 12.189 0.041
2947.76715 12.304 0.027
2947.76715 12.311 0.035
2949.78144 12.411 0.028
2957.71682 12.273 0.028
2962.70679 12.345 0.026
2964.7568 12.549 0.027
2966.74989 12.341 0.038
2968.79396 12.524 0.033
2971.68486 12.434 0.026
2974.67535 12.457 0.026
2976.71907 12.228 0.043
2978.70487 12.329 0.028
2980.72481 12.372 0.051
2984.79234 12.864 0.039
2987.64619 12.429 0.025
2989.69039 12.166 0.027
2996.61449 12.205 0.029
3005.64948 12.543 0.028
3007.65185 12.356 0.027
3009.69733 12.508 0.061
3011.69524 12.433 0.07
3013.73278 12.478 0.059
3016.71019 12.425 0.029
3018.7083 12.475 0.026
3031.63695 12.21 0.035
3033.65033 12.505 0.029
3035.63974 12.519 0.032
3039.66081 12.591 0.037
3042.65513 12.661 0.04
3044.6788 12.39 0.032
3047.62201 12.286 0.032
3050.59216 12.458 0.026
3052.68787 12.313 0.077
3055.56168 12.41 0.04
3057.59944 12.435 0.065
3059.66897 12.44 0.042
3064.59806 12.521 0.038
3067.62947 12.497 0.033
3072.5521 12.517 0.038
3075.56061 12.704 0.04
3077.57607 12.498 0.031
3079.60277 12.735 0.036
3081.61316 12.183 0.061
3086.5391 12.594 0.044
3088.56095 12.534 0.046
3090.55411 12.588 0.044
3096.57298 12.224 0.055
3099.51175 12.499 0.042
3103.55542 12.594 0.037
3106.50779 12.422 0.035
3108.52305 12.544 0.028
3110.52845 12.416 0.031
3113.50123 12.469 0.028
3116.50157 12.322 0.037
3116.50157 12.326 0.042
3123.48538 12.616 0.03
3127.48079 12.498 0.043
3130.47588 12.707 0.049
3133.46458 12.732 0.032
3266.82792 12.281 0.042
3273.86749 12.197 0.034
3278.87161 12.595 0.04
3280.88047 12.288 0.04
3281.84238 12.526 0.037
3294.86868 12.9 0.037
3295.81736 12.461 0.031
3298.78361 12.475 0.024
3321.7851 12.369 0.036
3355.65476 12.513 0.045
3356.69003 12.509 0.044
3358.63991 12.99 0.044
3365.68206 12.515 0.053
3382.62981 12.808 0.036
3383.60584 12.31 0.037
3385.57638 12.312 0.037
3385.6187 12.726 0.042
3387.72186 12.562 0.039
3389.67032 12.716 0.038
3389.68394 12.469 0.049
3392.68779 12.642 0.056
3392.68779 12.679 0.054
3392.69081 12.737 0.058
3392.69081 12.782 0.057
3394.74953 12.444 0.044
3397.60836 12.271 0.038
3399.66986 12.664 0.036
3404.68876 12.417 0.032
3406.70301 12.97 0.053
3411.6076 12.431 0.034
3413.65373 12.513 0.033
3415.6588 12.575 0.039
3417.65358 12.474 0.044
3419.64546 12.085 0.068
3421.6666 13.372 0.059
3425.67933 13.112 0.051
3428.53947 12.779 0.065
3430.56296 12.552 0.042
3432.57968 13.018 0.066
3434.58069 12.234 0.043
3437.57232 12.722 0.031
3440.56148 12.461 0.046
3443.58594 12.318 0.046
3445.59362 12.577 0.033
3447.60805 12.5 0.036
3448.59582 12.483 0.045
3450.58652 12.519 0.043
3453.56874 12.489 0.059
3455.54587 13.161 0.068
3457.55544 12.31 0.042
3459.57169 12.419 0.033
3462.49637 12.483 0.063
3468.50813 12.427 0.029
3470.52517 12.816 0.035
3475.49618 12.844 0.034
3478.49768 12.516 0.034
3481.50142 12.487 0.047
3491.48405 12.412 0.034
3499.46645 12.569 0.041
3502.45699 12.741 0.037
3575.93589 12.315 0.038
3588.92709 12.647 0.033
3592.9063 12.705 0.035
3599.91161 12.488 0.03
3618.90358 12.704 0.04
3622.87618 12.57 0.033
3626.85781 12.315 0.032
3630.83631 12.699 0.037
3634.84786 12.583 0.045
3638.86398 12.581 0.03
3639.83975 12.451 0.034
3641.86321 12.564 0.044
3643.82364 12.646 0.032
3646.8443 12.533 0.031
3652.81704 12.703 0.035
3657.84559 12.459 0.041
3660.79277 12.199 0.042
3663.79062 12.455 0.043
3665.81336 12.405 0.038
3666.77686 12.638 0.036
3669.80813 12.496 0.031
3670.73909 12.428 0.029
3673.75785 12.355 0.031
3680.76707 12.658 0.028
3699.69676 12.539 0.046
3702.69013 12.406 0.035
3707.76345 12.76 0.03
3713.72099 12.844 0.034
3716.64372 12.234 0.038
3718.69516 12.691 0.041
3720.80359 12.555 0.048
3726.63867 12.369 0.045
3728.70296 12.699 0.044
3731.84256 12.653 0.058
3734.69442 12.802 0.067
3737.66198 12.561 0.031
3739.71328 12.419 0.038
3741.72726 12.214 0.034
3744.66941 12.481 0.041
3746.78089 12.42 0.056
3749.67866 12.537 0.058
3751.77497 12.969 0.059
3754.65386 12.824 0.048
3756.72818 12.452 0.057
3759.60389 12.385 0.046
3761.70367 12.653 0.051
3764.61933 13.093 0.051
3766.71254 12.544 0.051
3769.60752 12.684 0.052
3771.65111 12.44 0.052
3774.61051 12.764 0.042
3776.62809 12.238 0.046
3778.63721 12.849 0.05
3780.67582 12.118 0.057
3788.63847 12.765 0.046
3793.65804 12.35 0.058
3796.55631 12.379 0.034
3798.59768 12.4 0.042
3800.60056 12.229 0.044
3803.58228 12.636 0.049
3805.60617 13.019 0.05
3808.61412 12.511 0.058
3813.51507 12.655 0.044
3815.56979 12.378 0.061
3817.59825 12.445 0.047
3820.52778 12.415 0.038
3822.58892 12.278 0.041
3827.53165 12.558 0.044
3829.56336 12.525 0.039
3832.51941 12.42 0.041
3834.53651 12.348 0.05
3836.54075 12.457 0.057
3849.51422 12.54 0.046
3852.48391 12.51 0.039
3860.47204 12.452 0.057
3864.45855 12.368 0.045
3869.45356 12.538 0.056
4091.64209 12.375 0.038
4091.65596 12.405 0.043
4104.65687 12.365 0.06
4104.66365 12.249 0.06
4106.69867 12.383 0.034
4106.70471 12.344 0.05
4109.72111 12.749 0.045
4125.63158 12.612 0.04
4125.63454 12.498 0.04
4127.63117 12.238 0.063
4127.64446 12.354 0.043
4129.63161 12.371 0.037
4129.63461 12.532 0.038
4131.66315 12.429 0.037
4131.66616 12.508 0.044
4133.68817 12.373 0.048
4133.69121 12.787 0.049
4135.70187 12.478 0.045
4135.70492 12.122 0.042
4137.70602 12.32 0.037
4137.70908 12.578 0.039
4146.6413 12.244 0.042
4149.72025 12.359 0.06
4150.64834 12.555 0.056
4152.53307 12.293 0.034
4152.65722 12.547 0.038
4154.56758 12.438 0.048
4155.55394 12.835 0.045
4156.59397 12.754 0.046
4157.60931 12.628 0.045
4158.61768 12.538 0.059
4159.62241 12.335 0.036
4160.64906 12.652 0.047
4161.62691 12.587 0.04
4162.6499 12.263 0.054
4163.63211 12.631 0.044
4164.66602 12.436 0.047
4167.60627 12.67 0.05
4173.53402 12.878 0.038
4174.59323 12.433 0.037
4175.55794 12.491 0.041
4176.61363 12.448 0.047
4179.55083 12.521 0.053
4180.55084 12.305 0.035
4181.59454 12.452 0.068
4183.61058 12.4 0.043
4189.54389 12.458 0.034
4189.54986 12.035 0.045
4191.55793 12.61 0.04
4191.56112 12.395 0.043
4193.56765 12.558 0.044
4197.53472 12.195 0.038
4197.53871 12.395 0.041
4200.54041 12.46 0.048
4200.54358 12.854 0.059
4203.54753 12.24 0.053
4228.49026 12.648 0.04
4229.46582 12.614 0.033
4231.46643 12.296 0.035
4234.46399 12.34 0.045
4235.45379 12.533 0.044
4307.92795 12.624 0.035
4312.93113 12.53 0.059
4331.87684 12.574 0.05
4331.89461 12.383 0.039
4334.87813 12.379 0.033
4336.8854 12.518 0.042
4339.86569 12.268 0.036
4340.86382 12.501 0.042
4343.8889 12.399 0.06
4346.88748 12.538 0.042
4349.86647 12.487 0.04
4350.87413 12.954 0.048
4353.88563 12.522 0.035
4354.86465 12.383 0.038
4357.88121 12.52 0.038
4358.84819 12.309 0.042
4361.88534 12.472 0.042
4362.83525 12.407 0.04
4364.82707 12.726 0.036
4365.85442 12.305 0.035
4368.87175 12.374 0.043
4371.85341 12.414 0.042
4372.8166 12.899 0.056
4375.83796 12.265 0.046
4376.83136 12.3 0.047
4381.82891 12.425 0.053
4382.85124 12.429 0.038
4384.80456 12.678 0.042
4386.80684 12.306 0.035
4392.79555 12.893 0.042
4399.85263 12.204 0.052
4403.77464 12.465 0.039
4403.80119 12.346 0.037
4407.79986 12.483 0.043
4407.80451 12.74 0.042
4410.76883 12.474 0.045
4413.79176 12.719 0.054
4420.84082 12.711 0.068
4423.74938 12.358 0.051
4423.76427 12.37 0.048
4426.81069 12.344 0.072
4427.72869 12.249 0.045
4429.69875 12.515 0.043
4430.70944 12.332 0.054
4431.75093 12.347 0.043
4432.76492 12.262 0.036
4435.69536 12.694 0.037
4437.68026 12.308 0.032
4437.7637 12.415 0.037
4443.67931 12.301 0.035
4443.69957 12.6 0.042
4448.75181 12.616 0.036
4448.79067 12.367 0.038
4453.71412 12.537 0.061
4453.73827 12.737 0.043
4456.62598 12.797 0.051
4456.64723 12.561 0.065
4458.73412 12.428 0.059
4461.66438 12.383 0.035
4461.67381 12.344 0.039
4463.74626 12.539 0.038
4466.65956 12.512 0.052
4466.66918 12.325 0.047
4468.79095 12.597 0.044
4471.77328 12.692 0.067
4471.7994 12.423 0.065
4474.74088 12.757 0.046
4474.76128 12.694 0.053
4477.80745 12.758 0.053
4480.59077 12.276 0.057
4480.59971 12.495 0.057
4484.61875 12.144 0.045
4486.67813 12.027 0.07
4488.7133 12.718 0.06
4490.66047 12.619 0.035
4490.73167 12.092 0.044
4492.69339 12.354 0.035
4492.77362 12.329 0.044
4494.70668 12.41 0.036
4498.67367 12.799 0.041
4498.74911 12.6 0.045
4501.62254 12.341 0.038
4503.68975 12.795 0.046
4503.73222 12.35 0.052
4506.61409 12.164 0.052
4506.63602 12.362 0.052
4508.69046 12.641 0.045
4508.71933 12.472 0.046
4511.57364 12.229 0.045
4516.6803 12.749 0.071
4519.56114 12.649 0.045
4519.57754 12.747 0.053
4521.59749 12.452 0.032
4521.61213 12.388 0.038
4523.6108 12.872 0.053
4523.63462 12.721 0.056
4525.65121 12.671 0.062
4527.65903 12.429 0.039
4527.66845 12.674 0.042
4530.58926 12.414 0.042
4530.59879 12.237 0.047
4532.64916 12.574 0.055
4533.56052 12.751 0.042
4536.52224 12.167 0.045
4538.58665 12.497 0.043
4540.59899 12.406 0.07
4541.57372 12.517 0.036
4542.61001 12.401 0.06
4547.54609 12.897 0.058
4548.55235 12.251 0.048
4553.58736 12.428 0.042
4554.58079 12.577 0.05
4556.5155 12.857 0.044
4556.59658 12.299 0.064
4558.5385 12.409 0.05
4559.53058 12.22 0.046
4561.52213 12.499 0.044
4562.51413 12.373 0.046
4563.55746 12.411 0.049
4564.55771 12.274 0.048
4566.50629 12.405 0.045
4567.51569 12.493 0.049
4568.54626 12.462 0.036
4569.53921 12.665 0.048
4571.5097 12.475 0.044
4571.55513 12.456 0.053
4574.49586 12.247 0.051
4574.51345 13.187 0.061
