1868.73571 13.261 0.027
1869.72818 13.117 0.025
1870.73595 13.207 0.028
1872.73833 13.187 0.029
1873.73295 13.026 0.029
1874.73405 13.06 0.03
1875.72244 13.123 0.03
1876.72358 13.269 0.028
1877.7242 13.01 0.024
1878.72536 12.974 0.026
1879.71462 13.209 0.025
1880.70151 13.091 0.031
1881.70771 13.029 0.025
1884.68938 13.028 0.026
1885.70408 13.121 0.025
1886.69653 13.248 0.024
1887.68965 13.054 0.026
1889.69024 13.203 0.034
1899.66744 13.134 0.024
1902.65435 13.022 0.024
1904.65596 13.062 0.022
1905.65593 13.166 0.022
1906.64661 13.063 0.024
1908.6462 13.073 0.023
1913.62738 13.029 0.025
1918.62343 12.664 0.031
1928.58725 12.918 0.021
1936.56723 12.904 0.022
1949.61973 13.019 0.027
1961.57478 13.155 0.03
1966.5625 13.272 0.033
1978.60078 13.169 0.045
1982.50425 13.287 0.033
2115.93796 12.153 0.034
2129.90074 11.68 0.031
2131.90698 11.717 0.03
2133.90784 11.719 0.031
2135.9044 11.635 0.037
2140.91094 11.931 0.041
2143.90619 12.194 0.034
2156.88317 11.953 0.034
2166.89983 12.954 0.032
2168.85088 12.883 0.031
2171.84432 13.093 0.031
2173.82454 13.377 0.035
2185.88154 13.86 0.034
2191.79085 14.007 0.032
2194.78233 13.709 0.03
2196.79342 13.405 0.036
2199.7776 13.573 0.03
2201.77547 13.759 0.029
2206.7672 13.758 0.033
2213.76179 13.586 0.034
2214.76914 13.563 0.042
2224.75629 13.846 0.037
2226.75577 13.73 0.04
2229.76965 13.842 0.039
2230.74874 13.625 0.041
2232.74161 13.441 0.04
2233.7401 13.774 0.041
2234.74265 13.836 0.039
2235.7318 13.571 0.04
2240.72414 13.613 0.046
2248.71133 13.576 0.052
2249.70793 13.174 0.047
2253.69666 13.075 0.049
2254.69748 12.871 0.047
2255.68711 12.946 0.046
2258.69044 13.027 0.05
2262.6794 13.395 0.053
2265.66752 12.793 0.059
2499.9086 12.422 0.032
2502.90839 12.269 0.035
2521.87829 11.81 0.033
2556.84728 11.56 0.046
2558.80701 11.589 0.028
2560.80418 11.771 0.025
2562.7848 11.956 0.028
2564.7866 12.317 0.025
2566.78541 12.529 0.04
2578.76061 13.134 0.024
2621.71181 12.113 0.021
2623.67771 12.501 0.025
2625.66544 12.509 0.024
2630.8351 12.321 0.036
2634.77445 12.565 0.022
2636.78923 12.243 0.027
2638.77832 12.191 0.022
2643.60892 12.285 0.02
2645.65136 12.286 0.023
2647.63182 12.52 0.025
2650.61041 13.033 0.025
2651.79312 13.371 0.022
2655.74418 13.137 0.036
2662.69425 13.135 0.025
2664.6855 12.674 0.022
2666.68295 12.245 0.021
2668.68853 12.175 0.022
2670.68166 12.277 0.024
2672.68227 12.532 0.026
2674.66993 12.753 0.023
2676.6561 12.816 0.025
2678.64141 12.545 0.021
2680.63954 12.583 0.024
2684.64309 12.452 0.032
2686.65953 12.063 0.033
2688.64747 11.865 0.031
2690.64627 11.997 0.026
2692.64097 12.273 0.028
2694.64459 11.902 0.022
2696.65686 11.773 0.023
2698.63225 11.659 0.024
2700.63054 11.646 0.024
2702.62259 11.782 0.02
2704.60976 11.941 0.025
2706.5915 11.859 0.022
2710.56515 11.703 0.023
2717.58682 11.604 0.027
2720.57089 12.143 0.023
2722.56774 11.866 0.023
2724.56573 11.973 0.019
2726.56399 12.325 0.021
2728.55512 12.307 0.021
2730.55101 12.22 0.02
2734.53591 12.023 0.022
2736.52061 11.879 0.024
2738.54743 12.038 0.025
2740.54268 12.043 0.029
2742.54399 12.141 0.026
2745.49167 11.419 0.036
2750.51241 11.386 0.021
2752.51176 11.346 0.021
2758.47049 12.14 0.036
2761.4647 12.11 0.026
2763.46769 12.366 0.022
2770.46646 12.864 0.028
2776.45671 13.003 0.032
2862.92391 12.574 0.028
2877.88632 12.725 0.031
2884.87745 12.823 0.029
2893.85844 11.605 0.034
2896.84866 11.284 0.027
2899.86964 11.181 0.023
2903.89028 11.153 0.026
2910.85524 11.042 0.02
2912.86319 11.033 0.02
2916.80251 11.114 0.033
2921.85645 11.079 0.044
2923.82896 11.137 0.028
2926.83478 11.093 0.025
2931.7948 11.138 0.026
2934.80141 11.263 0.025
2939.81903 11.568 0.02
2943.7794 11.239 0.023
2946.73444 11.257 0.03
2948.78518 11.426 0.026
2950.74486 11.87 0.029
2952.81117 12.211 0.043
2955.75815 12.604 0.028
2961.73897 12.66 0.023
2963.80214 12.85 0.025
2965.81314 12.876 0.03
2968.7194 13.512 0.023
2971.70742 14.494 0.025
2978.73307 13.659 0.025
2987.72299 14.11 0.023
2989.77832 14.464 0.023
3023.6195 12.583 0.027
3025.73421 12.633 0.027
3029.73461 12.483 0.032
3034.62299 12.31 0.025
3036.67699 12.256 0.045
3043.62249 12.279 0.032
3045.65141 12.181 0.028
3048.62766 12.073 0.031
3050.70178 12.286 0.025
3053.60865 12.42 0.026
3055.67329 12.455 0.029
3057.69116 12.747 0.048
3060.57777 12.684 0.029
3064.62985 13.022 0.029
3067.63919 13.05 0.029
3070.56786 13.216 0.031
3072.61423 12.98 0.034
3075.56676 12.745 0.032
3077.58214 12.745 0.027
3081.61647 12.852 0.026
3086.49796 12.882 0.031
3088.5459 12.683 0.028
3090.54163 12.919 0.038
3092.55685 12.934 0.026
3101.5441 13.092 0.032
3103.55064 12.934 0.033
3108.50545 12.988 0.027
3112.53542 12.572 0.028
3115.48798 12.602 0.025
3122.46807 11.799 0.027
3125.48482 12.042 0.03
3128.47278 12.68 0.037
3265.84516 12.845 0.032
3269.84063 13.194 0.023
3272.8731 13.064 0.031
3279.84407 13.028 0.029
3279.84407 13.125 0.029
3294.87991 11.542 0.032
3298.82941 11.469 0.025
3355.77382 11.907 0.045
3358.66184 11.813 0.031
3365.69239 12.045 0.05
3373.70311 12.117 0.047
3373.70311 12.128 0.053
3373.807 12.048 0.053
3386.67266 11.575 0.067
3388.72703 11.583 0.035
3391.58768 11.839 0.061
3394.6886 12.125 0.04
3396.71939 12.267 0.043
3399.58778 12.326 0.031
3404.65115 11.742 0.052
3406.64684 11.901 0.041
3408.66091 11.835 0.048
3411.58476 11.825 0.033
3413.62856 11.837 0.056
3415.62249 12.169 0.033
3417.63055 12.318 0.036
3419.62095 12.674 0.034
3421.648 12.787 0.044
3425.66104 12.235 0.047
3428.52716 12.26 0.053
3430.5539 12.069 0.042
3432.57029 11.703 0.044
3434.57058 11.586 0.035
3437.55965 11.631 0.026
3440.55194 11.561 0.042
3443.57315 11.637 0.04
3445.58408 11.704 0.038
3447.59844 11.898 0.039
3450.52493 12.244 0.058
3453.52037 12.319 0.05
3455.54137 12.508 0.041
3457.5509 12.739 0.032
3459.56674 13.03 0.03
3462.49165 13.075 0.039
3464.55374 12.797 0.048
3468.5033 13.009 0.028
3470.51568 12.839 0.028
3472.5433 12.91 0.036
3475.49296 13.098 0.039
3478.49527 12.796 0.026
3481.49888 12.832 0.044
3490.48015 12.522 0.039
3499.47479 12.572 0.039
3502.45933 12.439 0.032
3591.93032 12.472 0.041
3603.90567 12.142 0.038
3619.89307 12.666 0.032
3625.90087 12.758 0.033
3629.85187 12.984 0.036
3633.84752 12.914 0.035
3636.87984 13.141 0.039
3640.84637 12.842 0.03
3644.84589 12.457 0.042
3648.83585 11.709 0.041
3651.851 11.584 0.041
3654.84145 11.292 0.031
3657.82707 11.2 0.034
3660.82415 11.088 0.037
3663.81893 11.153 0.038
3666.81419 11.205 0.037
3670.76868 11.132 0.03
3673.78483 11.106 0.029
3680.78589 11.436 0.027
3700.72608 11.483 0.033
3703.7278 11.364 0.029
3706.7094 11.1 0.039
3711.74282 11.03 0.029
3713.71596 10.998 0.029
3716.66884 11.002 0.034
3718.71027 11.014 0.038
3720.81315 10.934 0.05
3726.65997 11.019 0.03
3728.73989 11.09 0.051
3732.66884 11.023 0.038
3735.6703 11.03 0.034
3737.79541 11.077 0.032
3740.61518 11.053 0.03
3742.72487 11.11 0.032
3745.64384 11.163 0.035
3747.71151 11.071 0.046
3750.62161 11.191 0.043
3752.73834 11.154 0.051
3752.76775 11.164 0.048
3753.63813 11.218 0.046
3755.69886 11.178 0.044
3757.75576 11.232 0.04
3760.6355 11.196 0.039
3762.72057 11.278 0.044
3765.60269 11.248 0.046
3767.69165 11.122 0.046
3770.57287 11.195 0.039
3772.65098 11.031 0.048
3774.7223 11.161 0.05
3777.57994 11.179 0.045
3779.61412 11.186 0.052
3787.56386 12.01 0.053
3789.62618 12.191 0.037
3791.65165 12.3 0.036
3794.6066 11.974 0.041
3796.63564 11.649 0.03
3799.56879 12.268 0.039
3801.61635 12.338 0.042
3804.55787 12.241 0.047
3806.57162 12.128 0.055
3809.59862 12.224 0.043
3811.60274 12.318 0.049
3813.6111 12.124 0.043
3816.55253 11.758 0.037
3818.58416 12.057 0.035
3820.59981 11.796 0.038
3823.53867 11.592 0.042
3825.56923 11.586 0.052
3828.49349 11.587 0.042
3830.56523 11.736 0.039
3833.50679 11.79 0.05
3835.52828 11.777 0.052
3837.54416 11.595 0.048
3848.47805 12.132 0.042
3850.50727 12.111 0.035
3853.48543 11.994 0.028
3860.48307 12.094 0.045
3864.4609 12.123 0.04
3868.45837 12.032 0.042
3871.45219 12.12 0.04
3983.87541 11.307 0.029
4090.66892 10.978 0.032
4103.71165 11.062 0.044
4105.78499 11.021 0.047
4109.6089 11.052 0.037
4126.59916 11.59 0.033
4130.63175 11.845 0.041
4132.63625 11.916 0.049
4134.65737 11.568 0.044
4136.6773 11.587 0.056
4147.65499 11.273 0.05
4153.60504 11.227 0.035
4155.61946 11.447 0.033
4157.65753 11.241 0.038
4159.64942 11.304 0.039
4161.65123 11.248 0.068
4164.55757 11.324 0.042
4166.63202 11.503 0.051
4172.60284 11.907 0.047
4174.61319 11.822 0.052
4177.60999 11.408 0.052
4180.56704 11.439 0.039
4184.59841 12.161 0.069
4189.49652 12.619 0.029
4191.52921 12.649 0.034
4193.54582 12.302 0.052
4197.52072 11.178 0.048
4200.5268 11.105 0.062
4203.5223 11.112 0.06
4216.47679 11.905 0.033
4228.46089 12.669 0.034
4231.45731 12.469 0.043
4305.937 12.581 0.04
4331.91687 11.621 0.055
4339.90361 12.062 0.033
4343.877 12.658 0.045
4354.88026 13.227 0.031
4358.866 13.381 0.035
4362.85648 13.192 0.041
4365.86886 13.505 0.03
4369.83133 13.865 0.042
4372.86637 12.859 0.046
4376.85193 12.714 0.042
4379.87178 12.975 0.038
4383.83893 12.569 0.046
4386.84154 12.698 0.032
4398.85257 13.642 0.048
4402.81679 12.739 0.036
4406.83142 12.325 0.058
4409.78916 12.466 0.041
4412.82614 12.229 0.035
4418.80029 12.222 0.034
4421.779 12.203 0.039
4424.82477 12.199 0.033
4427.81111 12.353 0.044
4430.72548 12.724 0.039
4432.78094 12.993 0.033
4435.71105 13.485 0.03
4438.6989 14.146 0.054
4459.64175 13.447 0.043
4461.73214 13.221 0.034
4464.62919 13.633 0.038
4466.73034 13.515 0.039
4469.64352 13.511 0.038
4475.62186 13.673 0.035
4478.63224 14.105 0.04
4488.73926 13.678 0.059
4493.64024 13.221 0.032
4499.63298 13.576 0.035
4504.66606 13.236 0.053
4518.56957 13.343 0.04
4520.60572 13.86 0.031
4522.61195 13.23 0.047
4524.61221 13.31 0.03
4526.64397 13.79 0.057
4529.56952 13.487 0.055
4532.56179 13.102 0.038
4535.55483 13.551 0.039
4537.61766 13.251 0.04
4554.54452 12.884 0.043
4556.5638 13.012 0.048
4558.57055 12.97 0.035
4561.55231 13.377 0.04
4564.52166 12.975 0.039
4566.54495 13.265 0.05
4571.53302 13.503 0.04
4574.51053 13.135 0.049
