2621.73544 11.549 0.022
2623.69232 11.081 0.028
2625.69596 11.069 0.036
2629.70502 11.142 0.029
2634.73847 11.078 0.046
2637.64846 11.08 0.02
2639.66729 11.624 0.022
2641.66998 11.056 0.023
2643.67951 11.053 0.02
2645.65672 11.058 0.021
2647.64635 11.051 0.026
2650.6272 11.053 0.022
2652.63087 11.081 0.026
2657.62548 11.345 0.034
2659.63945 11.089 0.025
2663.63526 11.067 0.022
2665.63023 11.058 0.02
2667.62954 11.635 0.021
2669.62136 11.068 0.021
2673.61472 11.066 0.021
2675.60238 11.081 0.022
2677.58125 11.104 0.021
2679.57133 11.068 0.023
2684.551 11.122 0.032
2686.56527 11.255 0.031
2688.56531 11.094 0.025
2690.56401 11.048 0.02
2692.56122 11.619 0.021
2694.56767 11.276 0.02
2698.55928 11.055 0.022
2700.56389 11.054 0.021
2702.55557 11.071 0.022
2706.53282 11.07 0.02
2712.50903 11.133 0.027
2714.52365 11.13 0.028
2717.5234 11.05 0.031
2723.49816 11.264 0.024
2725.49956 11.096 0.025
2727.49754 11.058 0.022
2733.48738 11.084 0.026
2911.88296 11.085 0.035
2916.86654 11.084 0.028
2922.84634 11.125 0.035
2930.87524 11.054 0.026
2933.82736 11.155 0.029
2939.84207 11.058 0.026
2943.81866 11.095 0.028
2946.78519 11.069 0.039
2948.80713 11.104 0.032
2951.78477 11.422 0.03
2957.8044 11.118 0.034
2963.75734 11.026 0.024
2965.78719 11.051 0.031
2971.73606 11.058 0.022
2974.72892 11.164 0.027
2978.73881 11.404 0.025
2985.72604 11.106 0.03
2987.74535 11.114 0.023
2992.67798 11.04 0.023
2996.70475 11.133 0.024
3001.70235 11.06 0.023
3005.67189 11.101 0.024
3012.65237 11.048 0.036
3017.66229 11.084 0.025
3019.65811 11.05 0.025
3041.58991 11.054 0.037
3044.56309 11.142 0.025
3049.59901 11.062 0.031
3052.57708 11.445 0.041
3057.55174 11.074 0.041
3060.5366 11.073 0.034
3067.53333 11.069 0.032
3072.53364 11.135 0.037
3268.88243 11.066 0.029
3271.87174 11.478 0.027
3273.88628 11.068 0.026
3274.86275 11.037 0.03
3279.87128 11.051 0.031
3280.84444 11.365 0.034
3295.80334 11.06 0.025
3295.82684 11.031 0.027
3298.79484 11.162 0.024
3343.69792 11.082 0.047
3343.69792 11.089 0.051
3343.70859 10.989 0.05
3343.70859 11.074 0.05
3343.80652 11.003 0.05
3343.80652 11.034 0.052
3344.73662 11.04 0.053
3344.73662 11.051 0.045
3344.75829 11.022 0.051
3344.75829 11.041 0.045
3344.76099 11.019 0.055
3344.76369 10.96 0.055
3344.76369 11.013 0.044
3345.65321 11.624 0.047
3345.65321 11.63 0.037
3345.65598 11.567 0.055
3345.65598 11.573 0.034
3345.66099 11.57 0.057
3345.66099 11.579 0.036
3347.70946 11.052 0.043
3347.71988 10.993 0.038
3347.71988 10.997 0.04
3347.78951 11.082 0.056
3347.79218 11.04 0.058
3347.79481 10.97 0.06
3347.79481 11.023 0.051
3348.68646 11.013 0.04
3348.72143 10.98 0.054
3348.72143 11.05 0.043
3348.72409 11.034 0.046
3348.7291 11.394 0.042
3348.7291 11.401 0.043
3348.73584 11.072 0.04
3348.73584 11.146 0.056
3348.74085 11.037 0.054
3348.74085 11.059 0.054
3349.66968 11.047 0.041
3349.66968 11.057 0.039
3349.67231 11.07 0.041
3349.7429 11.042 0.057
3349.7429 11.089 0.057
3351.66409 11.178 0.058
3351.66687 11.065 0.048
3351.66965 11.093 0.046
3351.66965 11.104 0.047
3351.68096 10.995 0.057
3351.6839 11.032 0.049
3351.6839 11.11 0.056
3351.70057 11.032 0.042
3351.70057 11.054 0.047
3352.66609 11.064 0.04
3352.66609 11.068 0.038
3352.66879 11.069 0.053
3352.66879 11.098 0.037
3352.67661 11.019 0.045
3352.67661 11.058 0.041
3352.67924 10.984 0.042
3352.67924 11.078 0.039
3352.68183 11.065 0.035
3352.68183 11.066 0.048
3352.75034 11.017 0.054
3352.75034 11.039 0.048
3352.75293 11.007 0.055
3352.75293 11.042 0.047
3352.77922 11.015 0.058
3352.77922 11.021 0.058
3354.6476 11.578 0.043
3354.65177 11.591 0.036
3354.65177 11.664 0.051
3354.65452 11.534 0.041
3354.65452 11.537 0.04
3354.66214 11.545 0.043
3354.66214 11.547 0.037
3357.63757 11.082 0.032
3357.65955 11.045 0.033
3624.90342 11.025 0.03
3628.89239 11.124 0.03
3631.88203 11.048 0.036
3640.86459 11.068 0.03
3643.85444 11.184 0.029
3647.84488 11.34 0.029
3650.8325 11.054 0.029
3653.82503 11.033 0.043
3655.82507 11.109 0.03
3657.81469 11.446 0.033
3660.80481 11.05 0.04
3668.78546 11.078 0.027
3671.7773 11.074 0.031
3674.76749 11.085 0.029
3677.76585 11.069 0.029
3704.68795 11.052 0.036
3707.6783 11.047 0.03
3712.66893 11.631 0.028
3714.66756 11.079 0.03
3717.6623 11.049 0.045
3726.62692 11.061 0.033
3730.61948 11.481 0.048
3734.60733 11.06 0.041
3737.60092 11.07 0.028
3740.58717 11.382 0.029
3743.59256 11.066 0.031
3750.56823 11.034 0.04
3754.55812 11.019 0.041
3757.54851 11.155 0.04
3760.54126 11.103 0.037
4089.64099 11.156 0.03
4089.65876 11.193 0.03
4092.62889 11.062 0.051
4092.64679 11.079 0.049
4105.58698 11.055 0.039
4106.60679 11.282 0.036
4109.57944 11.093 0.028
4125.55626 11.563 0.051
4128.54887 10.992 0.032
4354.90011 11.534 0.034
4358.8924 11.079 0.042
4362.88035 11.107 0.034
4362.90186 11.058 0.034
4364.88818 11.147 0.035
4365.89785 11.077 0.032
4367.87545 11.05 0.036
4372.88321 11.29 0.046
4373.85295 11.178 0.037
4378.84712 11.098 0.053
4378.86406 10.944 0.051
4381.8354 11.469 0.047
4381.86081 11.575 0.047
4384.82548 11.018 0.037
4384.84303 11.001 0.042
4387.83408 11.011 0.036
4406.78412 11.015 0.056
4409.75551 11.603 0.037
4409.77668 11.441 0.035
4412.77953 11.031 0.03
4413.74844 11.094 0.035
4420.73074 11.058 0.048
4421.74805 11.025 0.031
4427.70664 11.383 0.036
4427.73668 11.145 0.039
4433.69847 11.061 0.033
4433.71599 11.02 0.032
4436.68798 11.288 0.032
4436.70687 11.122 0.035
4439.67692 11.056 0.031
4439.69622 11.034 0.031
4448.70056 11.072 0.033
4462.67804 11.074 0.035
4465.64832 11.455 0.039
4465.66841 11.491 0.049
4468.65694 11.069 0.038
4468.6766 10.996 0.036
4474.69749 11.425 0.054
4474.70453 11.268 0.043
4477.6472 11.027 0.04
4477.65682 11.016 0.037
4479.72442 11.134 0.067
4480.61525 11.038 0.049
4482.70058 11.063 0.041
4487.6135 11.075 0.047
4487.64079 10.953 0.048
4489.64177 11.056 0.04
4489.66369 10.995 0.039
4491.70139 11.015 0.05
4492.5972 11.393 0.035
4494.59475 11.023 0.035
4494.62783 11.027 0.045
4498.5993 11.045 0.038
4498.62277 11.026 0.039
4501.58771 11.176 0.051
4503.59355 11.047 0.036
4503.64244 11.283 0.043
4506.58249 11.249 0.039
4506.59022 11.137 0.046
4508.63144 11.064 0.047
4509.55848 11.05 0.047
4517.62681 11.003 0.041
4518.54809 11.067 0.041
4520.57972 11.319 0.034
4520.59242 11.249 0.036
4522.59201 11.053 0.047
4523.54068 11.085 0.047
4524.59752 11.039 0.036
4526.54391 11.073 0.05
4527.56814 11.053 0.045
4529.5307 11.455 0.045
4530.55704 11.509 0.047
4532.5234 11.029 0.035
4535.51703 11.07 0.041
4537.52303 11.082 0.04
4541.51053 11.026 0.043
4542.50852 10.982 0.048
4547.50169 11.138 0.05
4547.51633 11.049 0.049
4553.49886 11.065 0.037
4553.50152 11.053 0.044
4557.4913 11.347 0.039
4560.48542 11.095 0.043
4562.48166 11.379 0.042
4564.47595 11.059 0.04
