1868.72406 13.33 0.025
1869.71648 13.383 0.025
1870.72412 13.271 0.026
1871.75144 13.327 0.021
1872.72857 13.264 0.025
1873.72118 13.364 0.024
1874.71972 13.193 0.025
1875.72408 13.12 0.024
1876.71156 13.082 0.025
1877.71236 13.069 0.021
1878.71577 12.866 0.026
1879.70502 13.001 0.02
1880.69258 12.839 0.026
1881.69579 12.879 0.021
1884.67744 12.608 0.023
1886.70244 12.47 0.025
1887.68438 12.44 0.022
1888.68603 12.467 0.026
1889.67674 12.347 0.025
1889.68274 12.391 0.03
1899.66212 11.791 0.023
1900.6781 11.757 0.025
1902.64684 11.586 0.023
1903.66999 11.559 0.02
1904.65521 11.522 0.02
1905.66195 11.454 0.019
1906.65045 11.434 0.024
1907.66002 11.345 0.021
1908.65452 11.342 0.021
1913.62221 11.16 0.019
1914.64504 11.115 0.02
1915.6489 11.069 0.023
1918.62511 10.981 0.023
1919.63707 10.941 0.024
1920.6368 10.931 0.025
1921.62967 10.936 0.022
1922.63385 10.887 0.021
1923.62929 10.845 0.02
1924.622 10.865 0.04
1925.62894 10.866 0.021
1926.62143 10.856 0.022
1929.58859 10.821 0.02
1930.61412 10.817 0.02
1931.61142 10.784 0.025
1933.61006 10.771 0.02
1934.61178 10.782 0.022
1936.59243 10.785 0.021
1938.58721 10.766 0.021
1945.56661 10.762 0.024
1947.56987 10.777 0.023
1949.6089 10.785 0.028
1952.5499 10.777 0.028
1954.55647 10.777 0.029
1958.53617 10.795 0.03
1961.56002 10.826 0.028
1963.64096 10.825 0.03
1965.56135 10.778 0.025
1967.5718 10.799 0.029
1978.56875 10.824 0.039
1978.56875 10.849 0.039
1981.51919 10.862 0.034
1994.51902 11.197 0.041
1996.54394 11.257 0.044
1998.54561 11.376 0.046
2016.51097 12.207 0.046
2027.46497 12.544 0.021
2032.46396 12.768 0.023
2056.4507 13.531 0.027
2106.9361 12.774 0.028
2114.93018 12.709 0.044
2116.92912 12.568 0.027
2128.89563 12.037 0.026
2130.88137 12.019 0.029
2132.87348 12.018 0.028
2134.88043 12.021 0.028
2136.87857 11.997 0.028
2140.89167 11.921 0.039
2143.88694 11.908 0.032
2144.86456 11.935 0.031
2156.86775 11.634 0.032
2166.87036 11.274 0.025
2168.82129 11.161 0.025
2171.81211 11.142 0.031
2183.80302 11.211 0.03
2184.80477 10.686 0.029
2189.81712 10.588 0.031
2190.83394 10.572 0.026
2191.87071 10.575 0.029
2193.76212 10.598 0.026
2194.85011 10.596 0.032
2196.77402 10.593 0.028
2197.87049 10.604 0.026
2199.75605 10.679 0.028
2201.75335 10.679 0.028
2208.72407 10.786 0.026
2212.70339 10.872 0.031
2212.73225 10.92 0.034
2213.7512 10.933 0.031
2214.75169 10.9 0.032
2215.80862 10.952 0.035
2216.7577 10.933 0.035
2217.81068 10.979 0.031
2222.76293 11.071 0.036
2224.7477 11.096 0.032
2225.77859 11.113 0.033
2226.75159 11.163 0.033
2227.78853 11.153 0.038
2228.74179 11.193 0.037
2229.74717 11.213 0.035
2230.73534 11.276 0.036
2232.73047 11.305 0.033
2233.72867 11.379 0.034
2234.73356 11.354 0.034
2235.72523 11.404 0.032
2236.71334 11.441 0.037
2237.7285 11.521 0.036
2239.71213 11.547 0.041
2240.71042 11.603 0.038
2241.71381 11.631 0.038
2242.70451 11.702 0.039
2243.70695 11.803 0.044
2244.73283 11.772 0.044
2248.70682 11.943 0.043
2249.70339 12.027 0.043
2252.6929 12.171 0.044
2253.68987 12.277 0.048
2254.6929 12.314 0.044
2255.68928 12.319 0.044
2258.67913 12.437 0.048
2260.68029 12.542 0.049
2495.90553 12.089 0.053
2497.88742 12.393 0.031
2499.88488 12.534 0.026
2502.87571 12.549 0.03
2519.86757 13.114 0.025
2521.8626 13.067 0.039
2521.8626 13.08 0.035
2545.7615 13.688 0.018
2552.8138 13.623 0.027
2559.77615 13.704 0.024
2561.77466 13.687 0.024
2565.76755 13.702 0.023
2578.74436 13.307 0.03
2621.72245 11.314 0.028
2623.66557 11.333 0.022
2625.65084 11.321 0.024
2628.64339 11.352 0.032
2630.80402 11.278 0.025
2634.76234 11.236 0.031
2634.76234 11.478 0.031
2636.77718 11.205 0.024
2638.76627 11.12 0.025
2640.76424 11.082 0.029
2642.80391 11.03 0.025
2644.74646 11.027 0.028
2646.72591 10.941 0.027
2649.71541 10.927 0.029
2651.6852 10.917 0.029
2653.6715 10.914 0.026
2655.70992 10.902 0.032
2658.69018 10.906 0.021
2659.81812 10.881 0.031
2661.77911 10.891 0.033
2663.77261 10.883 0.027
2665.76532 10.884 0.023
2667.76487 10.849 0.025
2669.76993 10.889 0.024
2671.75333 10.906 0.026
2673.74956 10.924 0.025
2675.7363 10.963 0.026
2677.71763 10.976 0.026
2679.69816 10.98 0.024
2681.67969 10.99 0.024
2683.67057 11.017 0.021
2685.64263 11.084 0.029
2689.63364 11.048 0.031
2691.62769 11.025 0.026
2693.64009 11.046 0.023
2697.63419 11.026 0.028
2699.62457 11.03 0.023
2701.62255 11.061 0.024
2703.61831 11.085 0.021
2707.60864 11.125 0.026
2709.59293 11.197 0.021
2713.60696 11.341 0.022
2715.61168 11.402 0.027
2719.53492 11.529 0.027
2721.57545 11.593 0.034
2727.56774 11.898 0.021
2729.56576 12.096 0.025
2733.55364 12.227 0.023
2735.54919 12.375 0.023
2737.54105 12.39 0.025
2739.56365 12.536 0.025
2741.53881 12.638 0.025
2743.54597 12.71 0.029
2745.55388 12.782 0.046
2751.50727 13.108 0.025
2754.5103 13.171 0.024
2756.51204 13.325 0.028
2760.52753 13.506 0.021
2762.5264 13.713 0.042
2764.51096 13.562 0.024
2776.49898 13.697 0.024
2784.46645 14.023 0.025
2786.46904 13.723 0.019
2789.46787 13.975 0.022
2792.45575 13.559 0.024
2795.45536 13.715 0.024
2840.93491 11.532 0.033
2854.90114 11.184 0.021
2859.89193 11.104 0.024
2862.88416 11.118 0.029
2867.89461 11.025 0.025
2876.84809 11.003 0.021
2884.83217 11.014 0.025
2893.81716 10.954 0.027
2898.81656 10.838 0.044
2905.84081 10.677 0.029
2908.86956 10.689 0.025
2915.85979 10.682 0.026
2916.79388 10.693 0.025
2918.78119 10.734 0.048
2922.74754 10.781 0.028
2924.81101 10.836 0.027
2927.77209 10.964 0.035
2929.78919 10.971 0.023
2932.79748 11.051 0.025
2934.83167 11.118 0.022
2939.82171 11.292 0.021
2943.76158 11.459 0.025
2945.76807 11.526 0.029
2949.80228 11.684 0.036
2955.74605 11.92 0.023
2957.85119 12.056 0.029
2962.78812 12.253 0.028
2965.71786 12.356 0.022
2967.81563 12.43 0.022
2970.78129 12.471 0.023
2973.76897 12.696 0.025
2975.69825 12.65 0.021
2976.7386 12.786 0.024
2977.70521 12.766 0.037
2979.71788 12.846 0.022
2981.7351 12.791 0.032
2993.64503 13.321 0.02
2994.74405 13.26 0.024
2995.70874 13.319 0.022
2997.72715 13.442 0.024
2998.73581 13.751 0.024
3000.73677 13.432 0.022
3006.78064 13.927 0.023
3010.72421 13.471 0.03
3015.78193 14.037 0.028
3017.78107 14.128 0.024
3025.61437 13.856 0.019
3029.61569 13.887 0.021
3031.65788 13.903 0.025
3033.68195 13.848 0.022
3035.6467 14.137 0.025
3039.64744 13.74 0.024
3042.64376 13.904 0.027
3044.66797 13.456 0.023
3047.60526 13.951 0.022
3049.70782 13.257 0.042
3052.64815 13.17 0.022
3054.67831 13.17 0.025
3056.71522 12.979 0.025
3059.61099 12.752 0.031
3067.57162 12.303 0.041
3069.5958 12.294 0.029
3071.60436 12.281 0.029
3073.64027 12.227 0.03
3073.64027 12.239 0.03
3075.66317 12.158 0.028
3077.67815 12.135 0.049
3080.54472 12.041 0.036
3082.60464 11.978 0.024
3086.60579 11.897 0.023
3088.61147 11.863 0.034
3090.6164 11.868 0.025
3092.61246 11.788 0.025
3096.6041 11.768 0.025
3098.62066 11.799 0.032
3101.52719 11.77 0.028
3103.53604 11.674 0.027
3107.54914 11.498 0.024
3109.55761 11.442 0.025
3111.55499 11.368 0.025
3113.57209 11.246 0.024
3115.57772 11.163 0.025
3122.51871 10.941 0.023
3125.51697 10.879 0.025
3128.49776 10.837 0.029
3130.51945 10.856 0.031
3133.48034 10.822 0.025
3144.48442 10.891 0.024
3356.80206 10.644 0.033
3362.6921 10.551 0.033
3365.72606 10.568 0.032
3365.75524 10.578 0.047
3373.76939 10.714 0.044
3373.76939 10.751 0.043
3385.75026 10.793 0.04
3386.70073 10.837 0.037
3387.73497 10.861 0.043
3389.79044 10.882 0.03
3392.69831 11.005 0.042
3393.82323 11.036 0.039
3393.82323 11.047 0.036
3394.74574 11.038 0.031
3397.60173 11.087 0.025
3399.66064 11.122 0.033
3399.76192 11.166 0.028
3404.68018 11.26 0.023
3406.68606 11.355 0.028
3408.69885 11.43 0.034
3411.60188 11.479 0.025
3413.64818 11.518 0.025
3415.65327 11.598 0.026
3417.64814 11.68 0.033
3419.63916 11.683 0.027
3421.66309 11.759 0.037
3423.65339 11.895 0.052
3425.67671 11.834 0.03
3427.69995 11.837 0.032
3431.66118 11.933 0.05
3433.68358 12.144 0.032
3436.67173 12.093 0.049
3439.66283 12.349 0.023
3443.50984 12.583 0.028
3445.54545 12.634 0.044
3447.55866 12.714 0.027
3449.62839 12.762 0.037
3452.55834 12.676 0.034
3455.63727 13.128 0.035
3458.50895 13.136 0.027
3460.52291 13.138 0.024
3462.55523 13.327 0.035
3464.60566 13.263 0.024
3468.52597 13.217 0.024
3470.54964 13.166 0.036
3472.56777 13.355 0.028
3475.5089 13.339 0.028
3477.55741 13.097 0.031
3479.57762 12.921 0.035
3484.56419 13.263 0.036
3489.49993 13.68 0.024
3490.52992 13.237 0.035
3492.53775 13.507 0.05
3497.52587 13.247 0.026
3501.47044 13.292 0.025
3503.51286 13.456 0.034
3512.46769 13.525 0.028
3575.93377 11.46 0.03
3590.91815 10.993 0.034
3599.90868 10.78 0.027
3603.88286 10.701 0.034
3618.90673 10.818 0.038
3622.87919 11.11 0.026
3626.8607 10.954 0.027
3630.83808 11.031 0.033
3638.87804 11.169 0.026
3641.86804 11.268 0.049
3646.87043 11.372 0.026
3650.80259 11.459 0.025
3653.83381 11.52 0.052
3659.80632 11.644 0.03
3662.80852 11.727 0.038
3665.80887 11.882 0.03
3669.8025 11.94 0.025
3672.79181 11.966 0.028
3675.78427 12.035 0.031
3680.78712 12.181 0.026
3700.70969 12.71 0.033
3703.71334 12.818 0.031
3706.69273 13.057 0.035
3711.80268 13.103 0.024
3713.72843 13.087 0.025
3716.6717 13.184 0.032
3718.72202 13.196 0.034
3721.64359 13.274 0.032
3726.65444 13.404 0.038
3728.73431 13.185 0.043
3732.66934 13.271 0.031
3735.67083 13.48 0.028
3737.80034 13.138 0.034
3740.60638 13.163 0.027
3742.69152 13.206 0.03
3745.64727 12.834 0.029
3747.71125 12.656 0.032
3749.80162 12.721 0.037
3752.74974 12.312 0.031
3755.60968 12.377 0.04
3757.67155 12.168 0.028
3759.7302 12.196 0.036
3762.64813 12.219 0.043
3764.72921 11.958 0.034
3767.6255 12.057 0.032
3769.72455 12.046 0.041
3772.58148 12.031 0.035
3774.67566 12.077 0.033
3776.72296 11.952 0.037
3778.703 12.153 0.036
3780.74926 12.075 0.037
3788.59852 12.174 0.036
3790.65661 12.132 0.032
3792.72853 12.264 0.044
3795.5588 12.447 0.033
3797.60045 12.164 0.031
3799.66661 12.091 0.032
3802.56428 12.064 0.039
3804.63064 12.021 0.036
3806.62727 12.022 0.033
3809.63736 11.942 0.038
3811.64287 11.833 0.033
3813.65486 11.877 0.043
3816.56646 11.706 0.03
3818.601 11.559 0.028
3820.61434 11.51 0.034
3823.55202 11.464 0.038
3825.58476 11.326 0.04
3827.5987 11.212 0.032
3830.5323 11.141 0.029
3832.54772 11.093 0.038
3834.5568 11.103 0.03
3836.5617 10.984 0.036
3849.51095 10.815 0.031
3851.53589 10.812 0.028
3853.54215 10.763 0.025
3856.50213 10.765 0.029
3861.51772 10.798 0.029
3863.52673 10.869 0.029
3865.52704 10.859 0.032
3868.50547 10.884 0.034
3871.48724 10.94 0.027
3876.48104 11.08 0.025
3880.47127 11.193 0.031
3883.46216 11.309 0.027
3890.45752 11.657 0.026
4091.65728 10.622 0.037
4104.66494 11.134 0.039
4106.70605 11.206 0.034
4109.7217 11.372 0.042
4125.64745 12.026 0.031
4127.66608 12.1 0.031
4129.63945 12.111 0.029
4131.66719 12.285 0.041
4133.6923 12.227 0.032
4135.72049 12.237 0.039
4137.71908 12.271 0.031
4146.64276 12.614 0.035
4149.7218 12.463 0.035
4152.53552 12.665 0.029
4154.56929 12.36 0.031
4156.59649 12.446 0.038
4158.62034 12.465 0.03
4160.65099 12.232 0.046
4162.65189 12.235 0.048
4164.66807 12.402 0.032
4167.60844 12.469 0.028
4172.65157 12.461 0.036
4174.66508 12.275 0.055
4182.61077 12.726 0.03
4184.60869 12.95 0.037
4188.61658 12.803 0.028
4190.62818 12.779 0.033
4201.56811 13.069 0.037
4204.56765 13.223 0.032
4216.53942 13.162 0.03
4228.48946 12.922 0.033
4230.50188 12.742 0.034
4232.51797 12.675 0.04
4235.46872 12.691 0.032
4238.49378 12.645 0.041
4246.47758 12.375 0.028
4297.93979 10.967 0.041
4301.93651 10.98 0.036
4301.94149 10.948 0.035
4305.92569 10.916 0.028
4305.93317 10.862 0.027
4310.93577 10.798 0.03
4311.93066 10.9 0.045
4314.9349 10.881 0.046
4330.9202 10.699 0.031
4330.92408 10.762 0.032
4334.86434 10.794 0.025
4334.89478 10.795 0.028
4339.87888 10.933 0.027
4341.88506 10.98 0.03
4345.87836 11.057 0.035
4349.8587 11.277 0.03
4353.88188 11.462 0.026
4353.90071 11.416 0.025
4354.86987 11.561 0.029
4357.87813 11.683 0.033
4357.89241 11.665 0.033
4358.85866 11.667 0.035
4361.88784 11.82 0.031
4361.89455 11.914 0.028
4362.84897 11.947 0.03
4364.82962 12.14 0.029
4364.84403 12.034 0.026
4365.86121 12.035 0.028
4368.84441 12.2 0.032
4368.84684 12.253 0.03
4369.82354 12.581 0.038
4371.85808 12.113 0.031
4375.8596 12.336 0.032
4378.86047 12.406 0.048
4382.80525 12.509 0.026
4385.86071 12.761 0.029
4399.84806 12.531 0.035
4403.79651 12.785 0.028
4407.80898 12.618 0.032
4410.76397 12.92 0.046
4413.81865 13.03 0.033
4423.76912 12.778 0.035
4427.72351 12.774 0.032
4430.70423 12.799 0.034
4432.75966 13.108 0.031
4437.80148 13.376 0.027
4443.71116 13.611 0.036
4454.63964 13.303 0.036
4459.62624 13.353 0.038
4461.72402 13.456 0.031
4464.61884 13.308 0.034
4469.64648 13.126 0.033
4480.74552 13.324 0.048
4484.63505 12.737 0.029
4493.64042 12.507 0.026
4499.59378 12.381 0.033
4501.72393 12.395 0.038
4504.62939 12.389 0.042
4509.59245 12.021 0.036
4511.61471 11.828 0.033
4518.74167 11.345 0.036
4521.56737 11.121 0.025
4523.58688 11.011 0.044
4525.61671 10.894 0.04
4527.63671 10.85 0.036
4532.60857 10.668 0.033
4535.68006 10.628 0.037
4538.55912 10.611 0.025
4540.5751 10.615 0.045
4542.58879 10.638 0.036
4546.61326 10.696 0.045
4548.6091 10.723 0.037
4555.62549 10.825 0.033
4558.52468 10.919 0.035
4560.58947 10.926 0.028
4563.53121 11.013 0.037
4565.55817 11.058 0.03
4567.59252 11.12 0.039
4570.5159 11.223 0.028
4572.54468 11.349 0.034
4575.51241 11.46 0.031
