1868.74734 12.53 0.03
1869.74202 12.483 0.026
1870.74986 12.767 0.029
1872.75241 13.074 0.031
1873.76367 12.789 0.026
1874.75718 12.907 0.029
1875.75227 12.768 0.026
1876.74211 12.889 0.026
1877.75756 12.6 0.027
1878.73347 12.594 0.026
1879.72648 12.836 0.026
1880.71886 12.771 0.032
1881.72616 12.597 0.027
1884.70547 12.657 0.027
1885.71803 12.571 0.027
1886.71939 12.43 0.025
1887.7058 12.667 0.031
1888.7097 12.671 0.03
1889.70043 12.419 0.035
1899.68606 12.661 0.025
1900.69534 12.713 0.03
1902.67069 12.556 0.024
1903.68954 12.972 0.025
1904.67243 12.701 0.026
1905.67466 13.103 0.024
1907.67956 12.95 0.023
1908.67176 12.827 0.024
1913.64624 12.621 0.024
1914.66454 12.61 0.026
1915.66402 12.527 0.024
1918.64343 12.476 0.029
1919.65216 12.37 0.028
1920.65187 12.496 0.027
1921.6496 12.471 0.026
1922.64897 12.456 0.025
1923.64206 12.524 0.025
1924.63938 12.466 0.027
1925.64474 12.506 0.027
1926.63656 12.652 0.025
1929.6357 12.593 0.025
1930.63373 12.856 0.028
1931.62431 12.628 0.04
1932.62575 12.904 0.021
1933.62521 12.816 0.024
1934.6179 12.861 0.023
1935.57018 12.569 0.023
1937.60806 12.711 0.023
1937.60806 12.828 0.023
1939.59507 12.778 0.023
1939.59507 12.866 0.023
1941.59655 12.818 0.023
1945.58992 12.506 0.027
1947.59135 12.474 0.029
1949.58139 12.401 0.026
1950.5858 12.446 0.024
1952.5762 12.451 0.028
1958.55324 12.387 0.03
1961.54548 12.586 0.032
1963.54896 12.705 0.035
1963.54896 12.756 0.035
1965.53549 12.76 0.03
1967.53691 12.912 0.035
1977.5095 12.504 0.052
1980.57386 12.614 0.047
1985.52793 12.644 0.047
1996.53997 12.65 0.052
1998.5416 12.752 0.053
2016.49949 12.955 0.053
2115.94119 12.698 0.041
2129.89896 12.53 0.036
2131.90514 12.57 0.033
2133.90593 12.809 0.03
2135.90242 13.173 0.052
2156.88732 12.529 0.033
2166.89462 12.477 0.028
2168.84798 12.64 0.03
2171.84138 12.484 0.036
2173.82154 12.674 0.031
2183.82771 12.468 0.035
2184.8294 12.603 0.034
2185.88553 12.902 0.036
2189.84182 12.772 0.033
2191.79211 12.515 0.031
2192.86072 12.508 0.031
2194.78802 12.813 0.029
2196.81088 12.868 0.049
2198.77162 12.935 0.03
2199.88026 12.484 0.044
2201.79042 12.538 0.032
2203.77052 12.611 0.035
2208.75631 12.418 0.054
2212.72646 12.353 0.039
2213.76969 12.527 0.038
2215.71742 12.484 0.041
2216.76935 12.442 0.044
2217.82056 12.717 0.042
2222.78199 12.71 0.045
2224.7663 12.732 0.038
2225.80019 12.556 0.039
2226.78216 12.498 0.042
2227.79843 12.492 0.046
2228.78126 12.415 0.047
2229.78693 12.483 0.046
2230.75202 12.494 0.042
2232.75396 12.426 0.039
2233.7826 12.452 0.045
2234.76025 12.502 0.041
2235.74183 12.482 0.038
2236.74856 12.474 0.043
2237.74768 12.436 0.047
2239.72655 12.364 0.049
2240.7322 12.489 0.046
2241.73332 12.57 0.044
2242.72609 12.71 0.051
2243.71921 12.541 0.054
2244.75004 12.754 0.058
2247.71917 12.617 0.054
2248.71916 13.062 0.052
2249.71574 12.795 0.049
2251.71305 12.938 0.05
2252.70531 13.008 0.048
2254.70311 12.801 0.05
2255.69947 12.911 0.048
2256.6983 12.772 0.054
2257.69939 12.706 0.056
2260.68828 12.72 0.057
2265.68504 12.417 0.058
2497.91615 12.548 0.043
2499.91122 12.371 0.034
2502.91093 12.68 0.037
2521.8757 12.428 0.045
2529.86773 12.473 0.043
2529.86773 12.483 0.053
2539.82382 13.136 0.06
2556.8414 12.451 0.045
2558.8146 12.45 0.027
2560.80499 12.51 0.027
2562.7973 12.582 0.023
2564.79404 12.55 0.031
2566.80019 12.655 0.041
2578.77763 12.385 0.035
2621.74647 12.865 0.024
2623.70329 12.553 0.023
2625.68653 12.689 0.027
2628.66307 13.001 0.042
2628.66307 13.019 0.035
2631.79786 12.46 0.028
2635.65647 12.644 0.02
2639.66953 12.488 0.021
2641.6791 12.416 0.032
2643.6887 12.461 0.022
2645.67508 12.49 0.033
2650.62971 12.479 0.022
2654.63922 12.601 0.026
2657.67256 12.739 0.029
2659.68431 12.449 0.026
2661.68146 12.591 0.025
2665.67065 12.346 0.025
2667.67011 12.48 0.024
2669.6595 12.519 0.023
2671.65859 12.383 0.024
2673.65305 12.472 0.022
2675.6408 12.488 0.026
2677.62252 12.529 0.025
2681.60442 12.605 0.023
2684.64745 12.626 0.045
2689.65342 12.437 0.026
2691.63836 12.383 0.029
2693.65073 12.447 0.02
2695.63866 12.363 0.044
2697.64476 12.602 0.022
2699.6351 12.45 0.026
2701.63306 12.662 0.023
2705.62094 12.791 0.029
2707.61905 12.975 0.023
2709.60329 12.786 0.025
2711.6003 12.788 0.024
2713.61242 12.639 0.026
2715.62897 12.445 0.028
2719.54025 12.674 0.023
2723.58266 12.403 0.024
2725.57933 12.418 0.024
2727.57287 12.361 0.027
2729.57084 12.447 0.026
2733.55864 12.632 0.022
2735.55413 12.709 0.025
2737.54591 12.691 0.026
2739.56847 12.764 0.029
2741.54358 12.735 0.024
2745.55854 12.254 0.048
2752.53425 12.455 0.021
2755.52981 12.386 0.025
2757.52662 12.521 0.023
2760.5062 12.508 0.022
2762.50729 12.475 0.03
2764.49629 12.601 0.022
2764.49629 12.661 0.022
2770.48476 12.616 0.024
2776.47254 12.516 0.026
2783.47487 12.363 0.021
2785.48118 12.535 0.023
2787.48103 12.548 0.023
2791.47364 12.851 0.034
2791.47364 12.906 0.034
2794.46785 12.846 0.024
2859.91647 13.081 0.029
2884.87947 13.078 0.035
2884.87947 13.124 0.035
2893.86016 12.888 0.039
2896.85027 12.543 0.029
2899.87117 12.553 0.024
2903.8825 12.653 0.034
2906.83974 12.414 0.021
2910.84727 12.584 0.024
2912.85748 12.75 0.021
2921.85734 12.279 0.047
2923.82981 12.461 0.028
2931.81742 12.388 0.025
2934.80875 12.552 0.022
2939.8534 12.851 0.029
2946.74199 12.746 0.025
2948.81181 12.471 0.031
2951.77732 12.613 0.027
2956.77342 12.419 0.033
2962.75401 12.47 0.032
2964.8094 12.705 0.031
2967.74454 12.683 0.031
2970.78958 12.581 0.027
2973.7819 12.639 0.026
2975.71384 13.013 0.026
2977.7206 12.832 0.047
2979.73362 12.52 0.026
2981.75067 12.439 0.036
2984.69392 12.683 0.026
2986.74208 12.479 0.027
2988.78358 12.714 0.03
2991.67905 12.377 0.027
2995.78356 12.581 0.025
2998.65634 12.491 0.032
3001.69425 12.784 0.024
3005.70051 12.008 0.024
3007.70872 12.519 0.032
3009.73915 12.485 0.032
3011.75288 12.556 0.034
3013.80358 12.975 0.034
3017.59916 12.092 0.025
3019.64597 12.304 0.039
3023.65249 12.513 0.023
3025.77154 12.404 0.028
3034.63505 12.934 0.025
3036.7014 12.461 0.028
3037.59512 13.233 0.033
3040.7094 12.658 0.047
3043.63911 12.389 0.037
3045.66967 12.58 0.029
3048.64292 12.557 0.039
3050.73982 12.626 0.028
3053.62145 12.59 0.025
3055.68616 12.725 0.062
3057.72784 12.39 0.044
3060.58318 12.964 0.04
3062.59979 12.432 0.053
3064.63758 12.407 0.039
3067.64937 12.399 0.03
3069.66231 12.426 0.05
3071.69323 12.824 0.047
3074.60829 12.462 0.029
3076.63505 12.718 0.028
3078.64109 12.638 0.033
3080.64847 12.662 0.04
3082.68061 12.373 0.028
3087.5004 12.539 0.029
3089.53884 12.644 0.039
3091.54576 12.763 0.034
3097.57252 12.404 0.029
3099.59496 12.367 0.037
3101.6005 12.885 0.038
3103.60719 12.845 0.032
3103.60719 13.171 0.032
3105.60433 12.446 0.041
3107.60456 12.796 0.028
3109.60963 12.604 0.03
3112.49557 12.484 0.028
3114.52467 13.0 0.026
3122.49263 12.746 0.027
3124.5362 12.365 0.028
3127.50824 12.341 0.034
3129.52519 12.383 0.04
3132.49164 12.401 0.038
3134.52089 12.55 0.029
3146.4529 12.672 0.028
3154.46813 12.392 0.029
3158.46397 12.504 0.037
3163.45027 12.382 0.03
3265.84681 12.748 0.035
3272.87475 12.573 0.037
3279.84562 12.483 0.035
3355.68863 12.662 0.04
3358.67806 12.569 0.028
3365.71239 12.641 0.04
3382.66403 12.642 0.06
3385.59565 12.884 0.041
3387.64425 12.495 0.044
3389.68725 12.554 0.04
3391.70965 12.562 0.035
3394.75292 12.782 0.036
3397.61182 12.599 0.038
3399.67336 12.964 0.037
3404.64242 12.929 0.034
3406.6413 12.961 0.041
3408.6497 12.552 0.04
3410.70719 12.599 0.038
3413.56564 12.864 0.039
3415.57356 12.947 0.035
3417.59038 12.694 0.044
3419.58794 12.591 0.042
3421.60753 12.329 0.051
3427.65087 12.736 0.04
3431.63746 12.921 0.041
3433.63047 12.636 0.04
3436.63668 12.496 0.04
3439.62671 12.634 0.028
3442.62876 12.292 0.03
3444.62185 12.609 0.042
3446.63035 12.641 0.049
3449.58603 12.696 0.045
3454.57715 12.354 0.037
3455.6084 12.948 0.044
3457.62365 12.554 0.035
3459.61768 12.584 0.035
3460.56717 12.872 0.027
3461.62561 12.571 0.043
3462.57309 12.874 0.04
3464.52984 12.806 0.049
3466.55755 12.567 0.029
3469.56525 12.504 0.026
3471.57278 12.533 0.029
3472.57428 12.641 0.044
3473.56872 12.477 0.042
3476.51076 12.397 0.047
3478.54316 12.393 0.03
3480.56503 12.528 0.039
3490.49919 12.892 0.039
3492.51268 12.597 0.06
3497.49408 12.538 0.032
3500.49922 12.76 0.069
3502.5278 12.405 0.039
3511.48003 12.559 0.033
3520.45988 13.047 0.033
3523.46253 12.728 0.046
3528.45708 12.46 0.039
3592.92261 12.399 0.035
3603.90806 12.823 0.039
3619.89529 12.218 0.033
3629.85636 12.341 0.034
3633.85726 12.709 0.037
3639.85071 12.792 0.028
3643.83818 12.539 0.028
3647.8719 12.41 0.025
3647.87402 12.501 0.029
3651.81191 12.549 0.045
3654.85085 12.629 0.029
3655.78367 12.577 0.034
3657.83905 12.625 0.031
3661.8387 13.074 0.043
3663.83258 12.886 0.038
3666.82576 12.714 0.039
3670.77409 12.89 0.03
3673.80737 12.454 0.027
3680.80958 12.462 0.027
3680.81161 12.504 0.032
3701.73164 12.932 0.055
3701.73932 12.662 0.059
3704.72193 12.5 0.028
3704.7321 12.466 0.034
3707.71517 12.627 0.027
3707.72223 12.438 0.032
3713.7414 12.546 0.039
3713.74725 12.551 0.034
3716.68897 12.438 0.037
3718.75448 12.583 0.041
3718.76195 12.731 0.046
3721.6761 12.702 0.036
3724.70233 12.964 0.034
3724.70679 12.824 0.041
3726.79379 12.608 0.04
3726.82959 13.54 0.046
3730.67528 12.723 0.045
3733.71175 12.521 0.036
3736.68925 12.584 0.038
3736.69796 12.532 0.049
3739.62676 12.453 0.036
3741.70662 12.522 0.03
3743.7873 12.467 0.036
3744.67443 12.33 0.039
3746.79324 13.066 0.05
3748.77153 12.388 0.052
3749.68802 13.07 0.05
3751.78053 12.453 0.041
3753.73809 12.323 0.043
3755.7886 12.631 0.039
3756.73374 12.445 0.044
3761.66134 12.463 0.052
3763.74765 12.607 0.042
3765.70276 12.552 0.03
3766.62405 12.533 0.041
3771.57505 12.692 0.045
3772.71678 12.892 0.04
3775.67882 12.655 0.05
3779.75011 12.324 0.052
3783.60599 12.997 0.054
3787.61183 12.781 0.048
3789.67774 12.541 0.044
3790.70852 12.64 0.039
3792.57562 12.433 0.05
3794.63515 12.58 0.039
3795.66056 12.479 0.03
3796.65541 12.592 0.027
3797.66772 12.783 0.031
3798.71065 12.488 0.04
3801.54938 12.441 0.049
3802.68186 12.664 0.051
3803.62698 12.974 0.044
3805.65029 12.581 0.044
3808.66597 12.228 0.045
3810.67856 12.685 0.046
3813.52504 13.02 0.045
3814.59552 12.652 0.042
3815.57657 12.778 0.042
3816.63188 12.467 0.039
3817.60944 12.552 0.044
3819.63073 12.56 0.04
3822.55876 12.559 0.039
3823.61585 12.671 0.046
3824.59744 12.413 0.038
3825.62919 12.488 0.055
3826.5977 12.741 0.048
3828.60759 12.834 0.037
3830.57393 12.732 0.032
3831.51713 12.572 0.039
3833.54817 12.71 0.05
3835.55891 13.024 0.052
3837.57042 12.783 0.049
3848.51885 12.432 0.061
3850.55668 12.391 0.039
3853.54639 12.544 0.029
3854.55323 12.509 0.033
3860.50963 12.682 0.032
3862.5079 12.717 0.036
3864.53638 12.634 0.037
3867.52675 12.461 0.046
3870.4763 12.967 0.035
3872.50172 12.55 0.036
3877.4549 12.573 0.03
3881.45678 12.332 0.032
3887.45544 12.488 0.042
3891.45775 12.594 0.035
3983.87245 12.752 0.03
4090.69311 12.494 0.043
4091.67385 12.511 0.034
4103.7251 12.318 0.051
4104.69737 12.487 0.049
4106.73246 12.442 0.04
4109.63559 12.643 0.035
4109.78626 12.607 0.037
4125.68269 12.962 0.031
4127.68358 12.654 0.031
4128.72239 12.415 0.039
4129.65869 12.78 0.032
4131.68813 12.481 0.044
4132.74057 12.464 0.049
4133.70255 12.491 0.039
4134.77982 12.856 0.052
4137.58851 12.804 0.035
4137.72655 12.722 0.039
4146.67272 12.671 0.033
4150.61686 12.592 0.036
4151.61893 12.605 0.035
4152.63093 12.638 0.03
4153.62045 13.042 0.051
4155.63197 12.822 0.044
4156.66853 12.318 0.047
4158.67204 12.455 0.042
4159.67917 12.484 0.042
4160.69021 12.655 0.036
4161.67415 12.39 0.044
4162.69386 12.278 0.049
4163.68732 12.366 0.047
4165.57823 12.664 0.037
4172.59222 12.377 0.049
4173.58897 12.45 0.029
4174.60266 12.478 0.039
4175.5929 12.62 0.047
4176.61787 12.951 0.052
4179.57882 12.501 0.034
4181.6053 13.149 0.061
4183.62884 12.519 0.038
4184.51788 12.524 0.041
4185.62252 12.685 0.04
4188.56674 12.724 0.035
4189.59067 12.41 0.032
4190.56627 12.532 0.039
4191.60907 12.458 0.054
4192.57885 12.575 0.043
4193.61871 12.46 0.045
4194.62277 12.502 0.055
4197.55299 12.436 0.033
4197.61246 12.504 0.055
4200.5619 12.461 0.029
4200.58547 12.477 0.037
4203.56368 12.676 0.035
4203.5881 12.92 0.039
4205.56992 12.695 0.044
4205.59891 12.734 0.05
4216.50026 12.751 0.037
4216.54626 12.518 0.037
4227.49929 12.402 0.034
4228.49326 12.351 0.032
4229.51887 12.454 0.041
4230.50315 12.421 0.037
4231.52699 12.325 0.058
4233.48505 12.474 0.027
4234.48614 12.569 0.035
4235.48976 12.514 0.03
4247.47654 12.651 0.032
4256.46012 12.475 0.03
4332.89346 13.066 0.043
4339.90092 12.624 0.034
4343.87422 12.473 0.045
4347.88588 12.656 0.045
4355.8648 12.643 0.031
4363.83903 13.047 0.039
4366.88048 12.479 0.04
4373.83794 12.232 0.038
4377.83249 12.357 0.046
4380.85746 12.656 0.042
4383.84001 12.845 0.049
4383.86107 12.933 0.037
4386.85859 12.738 0.03
4400.77655 12.29 0.056
4403.82264 12.452 0.033
4407.81577 12.567 0.033
4410.78339 12.482 0.041
4413.84339 12.549 0.039
4420.82195 12.33 0.058
4420.84292 12.356 0.056
4423.77961 12.478 0.044
4423.78405 12.399 0.048
4427.74773 12.298 0.039
4430.73989 12.609 0.04
4432.7918 12.447 0.041
4433.73187 12.361 0.04
4435.72851 12.416 0.028
4438.71445 12.658 0.038
4441.70269 12.577 0.034
4444.74715 12.881 0.04
4448.69206 12.889 0.039
4452.80473 12.38 0.046
4453.81282 12.631 0.043
4455.66982 12.779 0.045
4456.66932 12.526 0.065
4458.77225 12.44 0.05
4461.69033 12.391 0.038
4462.74234 12.691 0.037
4463.78281 12.933 0.041
4464.83214 12.633 0.04
4466.68742 12.678 0.043
4467.67907 12.548 0.043
4469.6657 12.403 0.047
4470.6644 12.454 0.043
4472.74222 13.005 0.056
4473.71826 12.482 0.033
4475.64925 12.671 0.064
4478.66042 12.876 0.037
4478.76937 12.538 0.056
4481.62205 13.253 0.06
4484.65621 12.415 0.045
4484.76395 12.506 0.048
4486.71541 12.386 0.051
4486.78152 12.662 0.041
4488.76879 12.548 0.061
4491.64252 12.362 0.032
4493.65096 12.317 0.036
4493.6677 12.575 0.035
4499.64107 12.859 0.045
4499.66008 13.057 0.038
4504.64354 13.248 0.054
4504.67171 12.708 0.05
4506.73114 12.493 0.044
4509.60331 12.687 0.059
4509.65842 12.33 0.042
4511.62504 12.454 0.042
4511.74293 12.789 0.037
4517.68188 12.589 0.061
4519.59115 12.326 0.043
4519.68651 12.952 0.047
4521.62635 12.421 0.034
4521.7035 12.739 0.037
4523.64782 12.636 0.035
4524.55543 12.339 0.038
4525.67222 12.629 0.051
4526.63038 12.545 0.047
4527.692 12.481 0.047
4528.67467 12.475 0.048
4530.61048 13.171 0.042
4531.58611 13.0 0.038
4536.53751 12.703 0.04
4537.53503 12.744 0.037
4538.60203 12.36 0.04
4540.60996 12.459 0.053
4541.5905 12.515 0.037
4542.62117 12.547 0.059
4543.6104 12.212 0.049
4546.6438 12.673 0.049
4548.64117 12.435 0.049
4553.58622 12.932 0.034
4555.61356 12.784 0.034
4555.63189 12.682 0.04
4557.61964 12.725 0.039
4557.63717 12.291 0.045
4560.53982 12.829 0.038
4560.54547 13.008 0.044
4562.56436 12.912 0.037
4562.56995 12.509 0.045
4565.49987 12.987 0.044
4567.53781 12.458 0.044
4569.55788 12.226 0.043
4571.56736 12.473 0.039
4571.57421 12.468 0.042
4573.59395 12.735 0.05
4574.52056 12.43 0.044
