2526.89022 12.76 0.043
2549.84189 12.687 0.048
2549.84189 12.73 0.047
2557.81848 12.723 0.032
2559.83269 12.411 0.027
2623.70786 12.527 0.026
2625.69336 12.592 0.032
2634.70772 12.551 0.026
2636.73642 12.738 0.03
2638.72552 12.466 0.027
2640.72354 12.711 0.028
2642.73157 12.435 0.031
2644.71728 12.6 0.03
2646.69672 12.632 0.028
2649.68617 12.651 0.027
2651.66106 12.499 0.027
2657.64437 12.719 0.045
2659.65609 12.392 0.032
2661.65321 12.747 0.027
2663.65196 12.539 0.025
2665.64471 12.625 0.024
2667.64405 12.311 0.025
2669.63347 12.387 0.028
2671.63245 12.365 0.028
2673.62689 12.41 0.026
2675.61458 12.464 0.028
2677.59624 12.643 0.027
2679.58634 12.408 0.029
2686.5846 12.586 0.038
2688.58223 12.604 0.033
2690.58095 12.545 0.028
2694.58002 12.489 0.026
2696.57752 12.728 0.027
2698.5744 12.314 0.026
2700.57625 12.607 0.031
2702.56795 12.465 0.027
2704.55653 12.805 0.026
2706.54044 12.462 0.026
2712.5029 12.824 0.048
2714.51751 12.492 0.04
2717.51731 12.77 0.033
2720.51072 12.662 0.028
2722.5147 12.597 0.032
2724.51516 12.376 0.025
2728.51146 12.349 0.031
2730.50733 12.904 0.031
2734.49675 12.791 0.032
2741.51029 12.438 0.033
2743.50778 12.676 0.038
2745.52016 12.746 0.047
2751.49183 12.373 0.027
2754.49468 12.45 0.043
2756.4963 12.671 0.038
2758.48939 12.898 0.048
2761.47902 12.801 0.029
2885.89858 12.608 0.03
2894.87141 12.828 0.039
2896.9084 12.471 0.037
2906.86479 12.493 0.029
2908.88637 12.862 0.037
2910.86394 12.271 0.03
2916.83766 12.704 0.027
2921.88091 13.034 0.059
2923.86732 12.511 0.034
2934.81903 12.768 0.033
2939.85026 12.68 0.024
2943.81564 12.804 0.027
2946.7672 12.897 0.032
2948.81586 12.642 0.033
2951.80378 13.146 0.038
2957.82109 12.96 0.043
2957.82109 13.077 0.043
2960.78618 12.836 0.046
2963.76692 12.641 0.03
2965.80116 13.071 0.039
2968.74749 12.805 0.042
2974.74066 12.467 0.037
2976.73971 12.472 0.039
2978.7481 12.553 0.032
2980.74835 12.464 0.037
2984.83699 12.628 0.049
2987.69727 12.535 0.03
2989.75421 12.537 0.028
2990.58134 12.701 0.038
2991.76327 12.864 0.032
2994.67726 12.872 0.028
2996.71197 12.231 0.054
2998.71924 12.581 0.037
3001.7073 12.512 0.029
3005.68224 12.234 0.031
3007.68868 12.838 0.043
3012.67459 12.603 0.07
3015.69394 12.392 0.043
3017.69095 12.726 0.031
3019.68431 12.663 0.029
3023.76935 12.686 0.034
3028.74801 12.646 0.032
3031.59122 12.678 0.035
3042.61979 13.024 0.045
3044.6533 12.6 0.037
3047.59753 12.55 0.039
3050.58392 12.843 0.031
3052.68188 12.588 0.033
3055.56122 12.476 0.077
3057.59894 12.406 0.039
3059.66289 12.391 0.035
3062.54089 12.611 0.031
3067.52157 12.688 0.037
3069.56578 12.517 0.044
3070.51847 12.611 0.041
3071.58211 12.608 0.05
3073.62362 12.688 0.044
3074.55042 12.333 0.038
3076.5909 12.456 0.044
3078.59128 12.814 0.032
3085.56625 12.535 0.033
3087.56967 12.741 0.078
3089.59039 12.662 0.064
3096.54023 12.513 0.039
3099.5025 12.476 0.074
3101.54212 12.435 0.042
3103.54865 12.86 0.051
3106.50599 12.738 0.042
3108.52117 12.999 0.033
3110.52647 12.399 0.033
3113.49914 12.502 0.033
3123.47934 12.517 0.036
3127.47817 12.281 0.072
3133.46175 12.795 0.035
3272.86667 12.446 0.044
3276.86752 12.472 0.052
3296.83633 12.393 0.035
3296.83633 12.486 0.035
3355.70207 12.439 0.037
3358.69692 12.602 0.042
3367.70311 12.399 0.061
3387.60657 12.658 0.05
3389.65739 12.631 0.053
3394.63072 12.466 0.05
3396.64165 12.38 0.057
3398.66483 12.714 0.05
3400.70861 12.407 0.047
3403.69889 12.5 0.056
3405.6999 12.317 0.041
3408.56396 12.511 0.048
3410.60397 12.754 0.052
3412.66024 12.462 0.039
3414.65708 12.264 0.042
3416.65477 12.96 0.049
3421.55072 12.425 0.075
3425.60892 12.333 0.052
3427.60135 12.341 0.046
3431.60932 12.581 0.058
3433.60858 12.75 0.044
3436.60822 12.334 0.049
3439.59858 12.378 0.037
3442.59009 12.491 0.04
3444.60604 12.497 0.055
3454.53272 12.678 0.055
3456.53697 12.308 0.045
3458.53006 12.954 0.04
3460.53907 12.423 0.038
3462.56417 12.428 0.046
3465.5154 12.41 0.044
3469.49777 12.362 0.037
3471.52587 12.54 0.037
3476.47468 12.461 0.058
3478.52488 12.389 0.047
3491.47806 12.348 0.048
3499.4608 12.3 0.048
3504.4527 12.569 0.05
3622.89749 12.665 0.036
3630.8899 12.533 0.044
3640.87169 12.551 0.04
3644.87329 12.718 0.047
3648.87505 12.887 0.07
3652.86384 12.437 0.044
3659.88128 12.581 0.043
3663.82544 12.379 0.051
3668.84758 12.433 0.04
3671.82476 12.444 0.039
3674.82233 12.65 0.037
3677.82042 12.347 0.042
3700.74872 12.739 0.046
3703.6357 12.361 0.037
3703.66294 12.591 0.036
3703.69355 12.812 0.036
3703.72231 12.644 0.036
3703.74495 12.433 0.034
3703.75139 12.332 0.038
3703.78271 12.359 0.038
3703.80928 12.395 0.037
3703.83755 12.505 0.038
3704.63934 12.475 0.043
3704.66757 12.414 0.04
3704.69694 12.336 0.052
3704.72599 12.611 0.036
3704.75526 12.615 0.037
3704.78223 12.372 0.039
3704.81428 12.303 0.038
3704.84732 12.409 0.041
3705.62286 12.623 0.044
3705.65375 12.26 0.044
3705.6853 12.406 0.044
3705.71625 12.1 0.049
3705.7454 12.291 0.055
3705.77395 12.927 0.048
3705.80433 12.577 0.05
3705.83872 12.432 0.05
3706.61764 12.955 0.049
3706.64652 12.638 0.05
3706.67759 12.406 0.047
3706.70721 12.609 0.045
3706.73668 12.348 0.047
3706.76624 12.694 0.049
3706.79683 12.617 0.051
3706.82477 12.945 0.05
3706.85283 12.582 0.051
3707.6248 12.421 0.042
3707.65373 12.642 0.036
3707.68066 12.755 0.037
3707.70994 12.422 0.038
3707.74128 12.376 0.034
3707.77404 12.354 0.036
3707.80344 12.443 0.038
3707.83492 12.758 0.034
3707.86414 12.525 0.042
3708.63761 12.424 0.038
3708.66596 12.489 0.038
3708.69449 12.753 0.036
3708.72151 13.019 0.037
3708.75051 12.582 0.035
3708.78044 12.592 0.047
3708.80989 12.367 0.04
3708.83962 12.478 0.037
3711.6234 12.519 0.035
3711.65119 12.66 0.035
3711.67859 12.546 0.036
3711.70747 12.408 0.036
3711.73824 12.415 0.038
3711.76681 12.502 0.04
3711.78978 12.5 0.037
3711.79518 12.421 0.041
3711.82257 12.726 0.04
3711.85171 12.54 0.039
3713.74623 12.582 0.043
3716.70949 12.495 0.047
3722.73011 12.711 0.06
3727.75474 12.83 0.048
3731.70931 12.908 0.053
3734.68761 12.415 0.061
3737.67329 12.205 0.042
3739.72051 12.407 0.039
3741.73476 12.548 0.04
3744.67919 12.606 0.045
3749.65404 12.312 0.059
3751.75117 12.297 0.064
3754.63651 12.245 0.053
3756.70419 12.566 0.063
3758.7265 12.7 0.041
3761.64757 12.902 0.059
3763.73902 13.077 0.069
3766.61253 12.433 0.061
3768.71522 12.583 0.051
3771.57899 12.477 0.052
3776.58124 12.385 0.061
3778.60615 12.709 0.055
3780.66273 12.554 0.06
3783.68988 12.254 0.072
3788.58962 12.408 0.046
3790.64303 12.533 0.052
3793.5995 12.441 0.062
3795.64163 12.323 0.04
3798.57772 12.543 0.048
3804.50318 12.405 0.048
3806.54297 12.327 0.045
3809.56675 12.468 0.054
3811.58094 12.296 0.056
3813.60085 12.482 0.057
3816.54738 12.482 0.047
3818.57972 12.728 0.042
3820.58793 12.325 0.058
3823.53385 12.401 0.058
3825.56482 12.408 0.062
3831.48295 12.379 0.055
3833.51437 12.122 0.063
3835.53131 13.439 0.066
3849.48979 12.48 0.045
3852.48071 12.945 0.05
3858.46104 12.559 0.052
3862.46522 12.409 0.048
3865.46143 12.764 0.053
4091.68126 12.464 0.06
4104.68241 12.555 0.07
4106.72571 12.344 0.054
4109.78193 12.388 0.049
4125.66183 12.798 0.041
4127.67725 12.412 0.042
4131.64654 12.181 0.054
4133.65924 12.497 0.054
4135.6818 12.596 0.047
4137.68421 12.41 0.042
4146.67122 12.29 0.044
4150.61274 12.567 0.048
4152.62677 12.597 0.042
4154.65341 12.334 0.046
4159.53124 12.576 0.047
4161.54278 12.453 0.043
4163.56715 12.389 0.059
4165.59574 12.382 0.058
4168.6244 12.283 0.046
4173.60074 12.768 0.057
4175.6038 12.132 0.061
4179.58465 12.373 0.051
4182.55045 12.411 0.044
4186.49582 12.412 0.04
4190.5004 12.229 0.041
4192.5243 12.382 0.051
4196.52254 12.171 0.079
4198.53065 12.751 0.077
4201.53166 12.362 0.04
4204.53032 12.576 0.044
4229.46302 12.75 0.044
4234.45401 12.546 0.049
4342.91293 12.313 0.056
4346.91217 12.549 0.048
4355.89992 12.239 0.04
4363.87726 12.455 0.048
4367.88159 12.732 0.049
4382.84258 12.351 0.043
4386.83842 12.28 0.04
4408.78719 12.383 0.047
4420.81718 12.678 0.066
4423.78351 12.609 0.049
4427.76578 12.911 0.048
4432.78374 12.748 0.049
4435.73798 12.501 0.039
4438.72615 12.475 0.046
4441.71676 12.389 0.042
4444.73695 12.415 0.038
4453.68213 12.613 0.043
4455.77638 12.782 0.052
4459.7117 12.547 0.06
4461.79997 12.299 0.054
4464.65943 12.365 0.042
4466.76031 12.273 0.051
4469.67636 12.471 0.047
4472.75361 12.565 0.078
4475.64808 12.521 0.039
4478.65253 12.331 0.048
4487.6358 12.504 0.058
4489.6536 12.537 0.048
4491.69127 12.365 0.045
4493.7195 12.375 0.041
4497.60889 12.517 0.038
4499.69143 12.356 0.05
4504.69529 12.259 0.067
4507.59459 12.359 0.053
4509.67822 12.22 0.059
4516.67423 12.597 0.072
4519.56906 12.452 0.055
4521.60482 12.363 0.044
4523.62796 12.422 0.06
4525.64384 12.526 0.065
4528.56978 12.13 0.058
4530.6351 12.486 0.053
4533.56862 12.577 0.048
4536.60838 12.528 0.052
4541.58282 12.892 0.05
4543.59981 12.31 0.063
4546.55206 12.648 0.066
4548.55636 12.512 0.056
4554.53423 12.819 0.051
4556.55256 12.338 0.062
4558.56082 12.846 0.04
4561.54416 12.555 0.049
4564.51373 12.529 0.051
4569.48003 12.997 0.079
4571.52492 12.693 0.052
4574.50161 12.638 0.061
