1868.75969 11.297 0.025
1869.74531 11.325 0.028
1870.75572 11.319 0.024
1871.78331 11.331 0.025
1872.76963 11.327 0.025
1873.77879 11.306 0.023
1874.76044 11.335 0.026
1875.76034 11.398 0.024
1876.74997 11.675 0.024
1877.76101 11.482 0.023
1878.74269 11.345 0.027
1879.75727 11.313 0.022
1880.72879 11.312 0.028
1880.73033 11.274 0.032
1881.72704 11.311 0.022
1884.70633 11.295 0.023
1885.71888 11.301 0.023
1886.72024 11.321 0.022
1887.70891 11.308 0.023
1888.71054 11.327 0.027
1889.70956 11.304 0.031
1899.68688 11.628 0.024
1899.68688 11.668 0.024
1900.69616 11.313 0.026
1902.6715 11.303 0.022
1903.69035 11.331 0.023
1904.67331 11.322 0.022
1905.68002 11.31 0.023
1906.67111 11.323 0.022
1907.68038 11.284 0.019
1908.67264 11.31 0.021
1913.64709 11.353 0.02
1914.66539 11.293 0.021
1915.66491 11.304 0.024
1920.65505 11.297 0.022
1921.65051 11.33 0.023
1922.64989 11.307 0.022
1923.64977 11.321 0.021
1924.64256 11.284 0.033
1925.64569 11.343 0.034
1926.63751 11.467 0.021
1928.64607 11.453 0.021
1929.63669 11.314 0.02
1930.63473 11.331 0.025
1931.62754 11.294 0.03
1933.62626 11.302 0.022
1936.60445 11.294 0.021
1938.59929 11.317 0.022
1940.60088 11.26 0.023
1945.60195 11.428 0.024
1947.59654 11.29 0.027
1949.58494 11.359 0.025
1950.58935 11.318 0.024
1952.58238 11.305 0.027
1953.59158 11.32 0.025
1955.54946 11.32 0.03
1958.5661 11.308 0.028
1961.55154 11.626 0.029
1963.55283 11.307 0.03
1965.5439 11.336 0.026
1967.54313 11.281 0.031
1977.51375 11.501 0.043
1979.61547 11.707 0.043
1981.59686 11.375 0.039
1984.54637 11.297 0.034
1994.49903 11.4 0.039
1996.52666 11.691 0.043
1998.52819 11.264 0.046
1998.54561 11.288 0.046
2000.54379 11.27 0.049
2016.48651 11.361 0.045
2016.51097 11.32 0.046
2026.51814 11.319 0.024
2031.51296 11.607 0.026
2055.45346 11.351 0.039
2131.9039 11.252 0.031
2133.90466 11.313 0.031
2135.89175 11.347 0.04
2140.89866 11.292 0.04
2143.88694 11.608 0.032
2166.88334 11.308 0.029
2168.83661 11.303 0.032
2171.83186 11.333 0.036
2173.81192 11.246 0.036
2184.81746 11.28 0.036
2185.86845 11.291 0.04
2189.81472 11.345 0.034
2189.8297 11.305 0.032
2191.7823 11.336 0.035
2191.86822 11.295 0.031
2192.82983 11.375 0.034
2193.75964 11.738 0.027
2194.77337 11.596 0.032
2194.8315 11.569 0.03
2196.77601 11.281 0.032
2196.7937 11.317 0.044
2197.86798 11.439 0.028
2197.8791 11.306 0.032
2199.74875 11.322 0.028
2199.77777 11.305 0.029
2201.74603 11.255 0.029
2201.78023 11.306 0.035
2202.85162 11.303 0.032
2206.74254 11.353 0.03
2212.72279 11.373 0.037
2213.74629 11.323 0.034
2213.77049 11.249 0.043
2214.75796 11.308 0.035
2215.73686 11.248 0.039
2215.81265 11.36 0.038
2216.75273 11.303 0.04
2216.77681 11.343 0.039
2217.78941 11.348 0.036
2222.70289 11.29 0.039
2222.77635 11.26 0.038
2224.74267 11.358 0.035
2225.78955 11.415 0.037
2225.82966 11.28 0.039
2226.74654 11.296 0.036
2227.78573 11.307 0.038
2228.73673 11.639 0.038
2229.76478 11.742 0.036
2229.79885 11.693 0.043
2230.73696 11.309 0.038
2233.73969 11.266 0.035
2234.72146 11.307 0.036
2235.71546 11.267 0.034
2236.71945 11.258 0.039
2237.72337 11.349 0.042
2239.70699 11.284 0.044
2240.71904 11.268 0.041
2241.71092 11.274 0.044
2242.69936 11.295 0.043
2243.70177 11.235 0.046
2244.76185 11.261 0.05
2247.73098 11.324 0.051
2248.75229 11.363 0.048
2249.72718 11.303 0.047
2250.72587 11.329 0.044
2251.72217 11.281 0.045
2252.71444 11.25 0.05
2253.7114 11.277 0.046
2254.72355 11.328 0.046
2256.71003 11.293 0.053
2257.71797 11.295 0.049
2258.71264 11.291 0.053
2260.69745 11.267 0.051
2261.69758 11.252 0.053
2264.691 11.382 0.055
2488.93274 11.236 0.051
2492.9194 11.318 0.054
2492.9194 11.322 0.03
2496.90446 11.636 0.032
2497.88742 11.311 0.031
2498.90705 11.311 0.04
2499.88488 11.275 0.026
2502.87571 11.322 0.03
2502.90273 11.322 0.029
2521.8626 11.337 0.039
2521.8626 11.344 0.035
2539.80997 11.354 0.051
2545.78962 11.334 0.024
2550.89057 11.289 0.048
2553.81676 11.278 0.046
2556.83654 11.278 0.04
2558.80972 11.326 0.026
2560.79771 11.323 0.024
2562.79227 11.396 0.025
2564.78902 11.802 0.022
2566.79281 11.326 0.039
2578.77453 11.355 0.033
2621.74964 11.314 0.034
2623.70873 11.275 0.031
2625.68736 11.289 0.028
2628.64339 11.315 0.032
2630.80402 11.304 0.025
2631.81274 11.303 0.023
2635.66417 11.326 0.029
2637.67729 11.317 0.023
2639.68188 11.308 0.02
2641.67996 11.307 0.021
2643.68956 11.306 0.024
2645.67598 11.312 0.024
2647.6565 11.305 0.028
2650.63982 11.664 0.019
2652.65293 11.283 0.025
2657.68052 11.309 0.022
2659.69229 11.298 0.023
2661.68947 11.309 0.021
2663.6859 11.314 0.021
2665.67872 11.283 0.02
2667.67822 11.431 0.022
2669.66763 11.339 0.022
2671.66674 11.291 0.02
2673.66123 11.282 0.022
2675.64901 11.323 0.022
2677.63077 11.279 0.02
2678.80103 11.291 0.022
2679.69816 11.296 0.024
2680.64511 11.299 0.021
2685.64263 11.789 0.029
2690.70131 11.296 0.024
2692.67972 11.298 0.027
2694.68405 11.31 0.021
2696.69913 11.28 0.02
2700.67749 11.308 0.023
2702.66231 11.415 0.021
2706.62615 11.288 0.024
2710.59779 11.338 0.02
2711.69584 11.266 0.028
2713.65879 11.304 0.026
2715.66851 11.331 0.03
2719.53492 11.688 0.027
2719.58688 11.724 0.023
2721.57545 11.308 0.034
2721.60783 11.319 0.026
2723.60822 11.318 0.023
2725.60487 11.32 0.021
2727.56774 11.323 0.021
2727.59848 11.323 0.021
2729.56576 11.308 0.025
2729.59631 11.316 0.024
2733.55364 11.33 0.023
2733.58451 11.325 0.023
2735.54919 11.337 0.023
2735.57998 11.277 0.024
2737.54105 11.458 0.025
2739.56365 11.338 0.025
2739.58959 11.332 0.026
2741.53881 11.303 0.025
2741.56476 11.308 0.023
2743.54597 11.276 0.029
2743.58398 11.269 0.025
2745.55388 11.279 0.046
2745.59162 11.345 0.04
2751.50727 11.309 0.025
2751.51026 11.292 0.025
2754.5103 11.455 0.024
2754.51327 11.563 0.022
2756.51204 11.362 0.028
2756.515 11.299 0.027
2758.50523 11.376 0.054
2758.50817 11.268 0.045
2760.52753 11.292 0.021
2760.53046 11.27 0.02
2762.5264 11.318 0.042
2762.52932 11.301 0.026
2764.51096 11.285 0.024
2764.51386 11.255 0.02
2776.49898 11.274 0.024
2776.51394 11.334 0.028
2784.46645 11.306 0.025
2784.46917 11.344 0.026
2786.46904 11.339 0.019
2786.47174 11.32 0.025
2789.46787 11.398 0.022
2789.47053 11.403 0.023
2792.45575 11.307 0.024
2792.45838 11.328 0.021
2795.45536 11.31 0.024
2795.45797 11.317 0.024
2860.89987 11.402 0.024
2877.87228 11.329 0.02
2884.83217 11.31 0.025
2884.87313 11.33 0.027
2893.81716 11.289 0.027
2893.85125 11.313 0.034
2896.83871 11.302 0.024
2903.8731 11.309 0.032
2906.83744 11.255 0.026
2908.86956 11.305 0.025
2912.85027 11.282 0.024
2916.79388 11.534 0.025
2921.84313 11.316 0.041
2923.82258 11.323 0.03
2924.81101 11.353 0.027
2931.80948 11.315 0.021
2932.79748 11.309 0.025
2934.80137 11.624 0.026
2934.83167 11.456 0.022
2943.80164 11.284 0.025
2946.73883 11.298 0.025
2948.81563 11.35 0.034
2951.78863 11.469 0.052
2954.7661 11.3 0.025
2957.75684 11.283 0.025
2960.77804 11.308 0.034
2962.78812 11.282 0.028
2963.75854 11.285 0.022
2965.71786 11.305 0.022
2965.80513 11.374 0.028
2967.81563 11.327 0.022
2968.7366 11.556 0.022
2970.78129 11.517 0.023
2971.74173 11.294 0.02
2973.76897 11.294 0.025
2974.73471 11.334 0.025
2976.7386 11.303 0.024
2977.70521 11.318 0.037
2979.71788 11.31 0.022
2980.75206 11.276 0.023
2982.76192 11.257 0.033
2985.69499 11.59 0.025
2987.74639 11.517 0.021
2989.78801 11.295 0.023
2992.6789 11.318 0.02
2994.74405 11.274 0.024
2995.70874 11.301 0.022
2996.73097 11.325 0.021
2997.72715 11.314 0.024
2998.73581 11.293 0.024
3001.71963 11.33 0.019
3005.71202 11.331 0.022
3006.78064 11.287 0.023
3007.71223 11.325 0.026
3009.7477 11.303 0.027
3010.72421 11.322 0.03
3011.76753 11.278 0.045
3012.76989 11.303 0.03
3013.81212 11.346 0.028
3015.78193 11.331 0.028
3017.60025 11.328 0.021
3017.78107 11.326 0.024
3019.66273 11.34 0.022
3020.83195 11.296 0.039
3025.61437 11.323 0.019
3028.78959 11.326 0.025
3029.61569 11.302 0.021
3031.59091 11.293 0.023
3031.65788 11.287 0.025
3033.62692 11.298 0.022
3033.68195 11.296 0.022
3035.62599 11.303 0.024
3035.6467 11.279 0.025
3039.63017 11.519 0.025
3039.64744 11.745 0.024
3042.63078 11.3 0.044
3042.64376 11.345 0.027
3044.65875 11.31 0.024
3044.66797 11.317 0.023
3046.75992 11.29 0.029
3047.60526 11.311 0.022
3049.67422 11.331 0.023
3049.70782 11.351 0.042
3052.64085 11.351 0.024
3052.64815 11.314 0.022
3054.67103 11.401 0.036
3054.67831 11.279 0.025
3056.70795 11.741 0.024
3056.71522 11.624 0.025
3059.61099 11.311 0.031
3061.56237 11.327 0.025
3063.58729 11.304 0.038
3067.57162 11.286 0.041
3068.63464 11.341 0.027
3069.5958 11.261 0.029
3070.66242 11.355 0.031
3071.60436 11.405 0.029
3073.5959 11.438 0.027
3073.64027 11.65 0.03
3075.62741 11.312 0.029
3075.66317 11.307 0.028
3077.65522 11.367 0.026
3077.67815 11.3 0.049
3079.66911 11.327 0.026
3080.54472 11.309 0.036
3081.68481 11.288 0.03
3082.60464 11.332 0.024
3085.68465 11.3 0.026
3086.60579 11.318 0.023
3087.6871 11.332 0.029
3088.61147 11.31 0.034
3090.51042 11.348 0.038
3090.6164 11.801 0.025
3092.53977 11.273 0.024
3092.61246 11.292 0.025
3096.5542 11.302 0.025
3096.6041 11.301 0.025
3098.59481 11.375 0.034
3098.62066 11.234 0.032
3100.59982 11.316 0.029
3101.52719 11.303 0.028
3102.60664 11.393 0.028
3103.53604 11.251 0.027
3104.61793 11.716 0.037
3106.61227 11.31 0.029
3107.54914 11.623 0.024
3108.61584 11.638 0.025
3109.55761 11.277 0.025
3110.60891 11.296 0.024
3111.55499 11.3 0.025
3113.5203 11.299 0.023
3113.57209 11.303 0.024
3115.53874 11.306 0.022
3115.57772 11.289 0.025
3122.51871 11.274 0.023
3122.52195 11.302 0.026
3124.55072 11.762 0.024
3125.51697 11.34 0.025
3126.5785 11.372 0.027
3128.49776 11.347 0.029
3129.5081 11.332 0.033
3130.51945 11.298 0.031
3131.53464 11.287 0.029
3133.48034 11.301 0.025
3133.54101 11.223 0.026
3144.48442 11.332 0.024
3144.48749 11.285 0.024
3159.46478 11.424 0.043
3163.46717 11.312 0.022
3167.46307 11.28 0.024
3279.82869 11.278 0.027
3355.69259 11.533 0.025
3358.69038 11.327 0.032
3365.7221 11.347 0.034
3365.75524 11.395 0.047
3373.76939 11.301 0.043
3373.76939 11.318 0.044
3373.76939 11.532 0.043
3373.76939 11.55 0.044
3385.59652 11.334 0.034
3387.65349 11.298 0.044
3389.6913 11.287 0.046
3391.73481 11.588 0.031
3393.82323 11.753 0.036
3393.82323 11.77 0.039
3394.76892 11.302 0.038
3399.68005 11.306 0.04
3404.6935 11.316 0.025
3406.68606 11.349 0.028
3406.71978 11.298 0.034
3410.78454 11.874 0.031
3413.56721 11.358 0.028
3415.57592 11.333 0.023
3417.59203 11.331 0.046
3419.58963 11.299 0.026
3425.64242 11.796 0.032
3427.65279 11.307 0.029
3427.69995 11.548 0.032
3433.68358 11.351 0.032
3436.63883 11.312 0.032
3439.62894 11.296 0.022
3442.63106 11.543 0.022
3444.62417 11.421 0.036
3445.54545 11.284 0.044
3446.63323 11.314 0.025
3447.55866 11.313 0.027
3449.62839 11.294 0.037
3450.53616 11.298 0.035
3452.55834 11.276 0.034
3452.66035 11.352 0.034
3452.66035 11.36 0.034
3453.59168 11.329 0.041
3455.61097 11.321 0.032
3455.63727 11.371 0.035
3457.62628 11.307 0.028
3458.50895 11.708 0.027
3459.62051 11.358 0.025
3460.52291 11.374 0.024
3461.62844 11.651 0.033
3462.55523 11.332 0.035
3463.65853 11.306 0.032
3464.60566 11.309 0.024
3466.53046 11.284 0.036
3468.52597 11.31 0.024
3469.53573 11.303 0.027
3470.54964 11.309 0.036
3471.54663 11.323 0.025
3472.56777 11.341 0.028
3473.53783 11.334 0.041
3475.5089 11.422 0.028
3475.58021 11.325 0.029
3477.55741 11.742 0.031
3477.61515 11.486 0.03
3479.57762 11.28 0.035
3481.61018 11.3 0.03
3484.5623 11.354 0.039
3484.56419 11.282 0.036
3489.49993 11.318 0.024
3490.52992 11.278 0.035
3490.53687 11.322 0.036
3492.53775 11.328 0.05
3492.54405 11.348 0.03
3497.52587 11.318 0.026
3500.52984 11.319 0.032
3501.47044 11.338 0.025
3503.48539 11.363 0.031
3503.51286 11.365 0.034
3506.53907 11.393 0.059
3511.5164 11.657 0.027
3512.46769 11.309 0.028
3526.46421 11.323 0.031
3529.4657 11.51 0.028
3592.92635 11.352 0.034
3603.90065 11.314 0.034
3619.88254 11.355 0.042
3624.9066 11.703 0.026
3628.89791 11.356 0.028
3631.87804 11.305 0.031
3636.83678 11.317 0.035
3640.8275 11.666 0.027
3644.8229 11.341 0.039
3648.82086 11.301 0.037
3651.83739 11.276 0.038
3655.78073 11.31 0.031
3658.77819 11.424 0.03
3661.82912 11.337 0.034
3665.78729 11.297 0.031
3669.83133 11.275 0.028
3672.84853 11.307 0.026
3675.8147 11.766 0.028
3680.82563 11.314 0.025
3701.74142 11.364 0.041
3704.73412 11.324 0.03
3707.72441 11.321 0.026
3711.80508 11.473 0.026
3713.75472 11.308 0.028
3716.70333 11.341 0.033
3719.71453 11.234 0.041
3722.68115 11.321 0.037
3725.72619 11.348 0.032
3727.79653 11.599 0.038
3731.71749 11.309 0.037
3734.70155 11.339 0.042
3737.67722 11.316 0.026
3739.72793 11.322 0.028
3742.63225 11.622 0.024
3744.71505 11.732 0.033
3747.62464 11.335 0.035
3749.72155 11.414 0.037
3751.79099 11.316 0.034
3756.74425 11.362 0.036
3758.82043 11.32 0.033
3761.66342 11.69 0.041
3763.74898 11.464 0.035
3764.72921 11.342 0.034
3766.62643 11.247 0.046
3768.72694 11.288 0.03
3771.57999 11.301 0.038
3773.68593 11.348 0.035
3775.69784 11.291 0.039
3778.703 11.392 0.036
3779.77696 11.248 0.043
3783.6085 11.301 0.044
3788.59852 11.396 0.036
3788.60267 11.317 0.038
3790.65976 11.322 0.03
3792.72853 11.336 0.044
3792.73175 11.341 0.037
3795.56201 11.515 0.033
3797.6111 11.32 0.034
3799.66661 11.294 0.032
3799.67795 11.249 0.03
3802.56428 11.351 0.039
3802.56836 11.342 0.038
3804.63737 11.369 0.04
3806.63078 11.346 0.033
3809.65015 11.38 0.04
3811.65461 11.292 0.035
3813.66951 11.555 0.04
3815.68719 11.451 0.036
3816.56646 11.349 0.03
3818.54271 11.361 0.028
3820.58257 11.297 0.031
3820.61434 11.291 0.034
3822.6604 11.32 0.037
3823.55202 11.35 0.038
3825.52731 11.32 0.051
3827.53967 11.288 0.046
3830.5323 11.424 0.029
3831.57279 11.376 0.029
3832.54772 11.314 0.038
3833.58117 11.351 0.04
3834.5568 11.324 0.03
3835.59355 11.32 0.044
3836.5617 11.314 0.036
3849.51095 11.319 0.031
3849.51411 11.366 0.031
3851.53589 11.358 0.028
3851.53906 11.324 0.027
3853.54533 11.308 0.025
3856.50213 11.347 0.029
3858.5287 11.304 0.037
3860.55636 11.308 0.04
3861.51772 11.249 0.029
3862.54455 11.344 0.031
3863.52673 11.375 0.029
3865.48493 11.346 0.03
3865.52704 11.448 0.032
3867.5415 11.271 0.039
3868.50547 11.32 0.034
3869.54946 11.318 0.041
3871.48724 11.32 0.027
3872.48484 11.283 0.024
3876.48104 11.327 0.025
3876.4866 11.296 0.026
3880.47127 11.491 0.031
3880.47675 11.469 0.029
3883.46216 11.363 0.027
3883.46749 11.374 0.029
3887.47125 11.36 0.048
3890.45752 11.296 0.026
3890.47954 11.308 0.027
3893.4682 11.348 0.041
3898.46246 11.774 0.034
3901.45877 11.346 0.028
4091.67508 11.337 0.035
4104.72747 11.36 0.041
4106.78219 11.346 0.037
4125.70057 11.31 0.029
4127.69029 11.36 0.043
4129.66222 11.33 0.031
4131.69562 11.739 0.033
4133.70618 11.353 0.036
4135.73236 11.341 0.032
4137.73029 11.337 0.028
4149.72492 11.657 0.038
4151.76881 11.562 0.046
4154.5437 11.259 0.044
4156.58147 11.3 0.046
4158.61111 11.3 0.039
4160.64415 11.274 0.035
4162.64504 11.325 0.032
4164.66044 11.349 0.034
4167.60008 11.322 0.028
4172.64898 11.292 0.039
4174.6625 11.718 0.034
4176.69631 11.301 0.034
4179.67943 11.329 0.04
4182.56529 11.815 0.041
4184.57841 11.332 0.04
4188.6325 11.312 0.028
4190.65668 11.3 0.036
4192.65936 11.327 0.047
4196.55865 11.314 0.054
4201.5574 11.342 0.028
4204.55616 11.324 0.029
4216.54259 11.469 0.029
4227.56692 11.294 0.032
4230.47888 11.296 0.028
4232.50157 11.3 0.028
4234.5108 11.74 0.026
4247.48288 11.317 0.038
4250.48147 11.325 0.033
4256.47201 11.3 0.027
4308.93203 11.343 0.05
4331.89997 11.31 0.045
4336.90668 11.311 0.031
4340.88668 11.314 0.033
4343.90858 11.437 0.034
4347.87601 11.415 0.037
4351.8705 11.319 0.056
4355.86011 11.35 0.029
4363.82977 11.594 0.031
4366.87803 11.312 0.031
4372.86002 11.283 0.044
4376.84699 11.302 0.036
4379.86675 11.309 0.034
4383.83348 11.291 0.042
4386.8487 11.326 0.03
4400.77856 11.341 0.05
4404.76387 11.316 0.031
4408.75259 11.323 0.033
4411.80844 11.294 0.036
4420.83012 11.355 0.049
4423.78704 11.305 0.035
4427.76582 11.287 0.036
4430.74888 11.324 0.035
4433.73399 11.361 0.026
4436.73763 11.33 0.028
4448.69398 11.55 0.03
4456.79711 11.277 0.037
4459.66656 11.259 0.039
4461.76299 11.34 0.031
4464.65326 11.325 0.032
4466.75029 11.366 0.035
4469.67632 11.313 0.035
4472.7528 11.81 0.043
4475.65118 11.336 0.029
4480.8004 11.329 0.04
4484.65824 11.521 0.032
4486.71659 11.276 0.046
4488.77004 11.367 0.042
4493.65878 11.319 0.027
4499.65012 11.318 0.035
4501.75591 11.361 0.035
4504.64853 11.346 0.04
4506.73905 11.283 0.037
4509.60985 11.31 0.044
4518.75368 11.258 0.037
4521.57745 11.313 0.027
4523.59675 11.32 0.042
4525.62594 11.329 0.039
4527.64325 11.322 0.038
4529.69875 11.296 0.035
4532.61431 11.35 0.035
4535.6989 11.342 0.036
4538.56484 11.29 0.034
4540.58081 11.376 0.043
4542.59452 11.328 0.039
4546.61967 11.361 0.043
4548.61477 11.31 0.039
4553.56034 11.444 0.045
4555.58609 11.314 0.039
4557.59177 11.327 0.032
4559.62561 11.295 0.035
4562.54468 11.263 0.036
4564.60489 11.295 0.031
4566.61269 11.285 0.031
4573.56973 11.31 0.038
4575.60495 11.351 0.042
