2621.77408 11.737 0.026
2623.71029 11.378 0.02
2625.70731 11.386 0.024
2630.79365 11.345 0.029
2634.75475 11.361 0.022
2636.76958 11.374 0.022
2638.75867 11.33 0.022
2640.75665 11.388 0.024
2642.79351 11.378 0.021
2644.74114 11.353 0.021
2646.72056 11.352 0.023
2649.71002 11.369 0.02
2651.67513 11.344 0.027
2657.64675 11.36 0.033
2659.65847 11.328 0.023
2661.65558 11.625 0.021
2663.65432 11.35 0.022
2665.64706 11.368 0.02
2667.64642 11.356 0.022
2669.63582 11.553 0.022
2671.6348 11.36 0.02
2673.62924 11.321 0.02
2675.61692 11.364 0.021
2677.59859 11.527 0.022
2679.58867 11.364 0.022
2685.5676 11.591 0.036
2689.58006 11.387 0.043
2691.5741 11.365 0.022
2695.57421 11.369 0.021
2697.5747 11.393 0.027
2699.57292 11.352 0.02
2701.57077 11.334 0.02
2705.5557 11.37 0.021
2707.55367 11.373 0.024
2712.50748 11.743 0.03
2714.52209 11.402 0.031
2720.51527 11.748 0.022
2722.51925 11.358 0.022
2726.51763 11.355 0.023
2728.51598 11.639 0.023
2730.51184 11.368 0.021
2734.49892 11.334 0.022
2740.48946 11.337 0.023
2742.49183 11.379 0.025
2744.49256 11.384 0.027
2752.47486 11.391 0.023
2755.47718 11.716 0.032
2885.9129 11.435 0.025
2894.89028 11.385 0.028
2897.89679 11.337 0.029
2906.89695 11.372 0.021
2910.89452 11.364 0.034
2916.86081 11.355 0.023
2922.84069 11.362 0.031
2925.88777 11.589 0.03
2931.8329 11.342 0.027
2934.83529 11.368 0.027
2944.78548 11.455 0.042
2946.82623 11.395 0.023
2948.82077 11.352 0.025
2951.80628 11.396 0.03
2954.83869 11.414 0.046
2958.81998 11.323 0.028
2961.77841 11.301 0.025
2964.7672 11.323 0.032
2973.76983 11.367 0.023
2975.72936 11.363 0.024
2977.72781 11.354 0.04
2979.74095 11.339 0.026
2985.74732 11.388 0.03
2987.7875 11.374 0.023
2990.70779 11.345 0.024
2994.70783 11.375 0.026
2995.67704 11.388 0.025
2997.70814 11.341 0.024
2998.73226 11.325 0.027
3000.7061 11.659 0.024
3006.71417 11.373 0.025
3015.69908 11.397 0.036
3019.69181 11.696 0.023
3025.6259 11.347 0.024
3029.62958 11.37 0.027
3033.70041 11.388 0.03
3043.59334 11.74 0.031
3045.61468 11.349 0.026
3048.59742 11.33 0.033
3050.67485 11.379 0.027
3053.59917 11.368 0.023
3055.65047 11.338 0.034
3060.63197 11.387 0.033
3067.52863 11.74 0.03
3069.56832 11.368 0.035
3071.58468 11.339 0.035
3074.58747 11.57 0.038
3077.53255 11.343 0.025
3079.56723 11.39 0.038
3081.58901 11.36 0.037
3086.55358 11.743 0.042
3089.52058 11.355 0.038
3097.53854 11.401 0.034
3100.50833 11.406 0.031
3103.49909 11.382 0.03
3108.48758 11.397 0.027
3110.50109 11.755 0.026
3113.48101 11.38 0.033
3125.46348 11.308 0.053
3269.88671 11.37 0.029
3273.88893 11.413 0.03
3277.87215 11.35 0.034
3295.83868 11.385 0.025
3298.85082 11.362 0.023
3321.76461 11.339 0.034
3321.78858 11.39 0.03
3321.81736 11.382 0.039
3321.81736 11.382 0.041
3321.82795 11.363 0.053
3321.83843 11.342 0.056
3321.841 11.253 0.043
3321.841 11.377 0.038
3326.80669 11.345 0.039
3326.80669 11.382 0.045
3326.81256 11.4 0.047
3326.81256 11.404 0.046
3326.81521 11.34 0.044
3326.81521 11.384 0.043
3326.81825 11.349 0.046
3326.81825 11.363 0.045
3326.82134 11.422 0.043
3326.82134 11.428 0.046
3326.82403 11.519 0.041
3326.84021 11.509 0.048
3327.74593 11.342 0.033
3327.75629 11.371 0.034
3327.75629 11.376 0.032
3327.76116 11.275 0.043
3327.76116 11.405 0.038
3328.79256 11.415 0.047
3329.72165 11.364 0.041
3329.72466 11.356 0.041
3329.72466 11.39 0.047
3329.72719 11.354 0.057
3329.72719 11.37 0.038
3329.72977 11.264 0.039
3329.73533 11.372 0.037
3329.74864 11.337 0.036
3329.74864 11.344 0.055
3329.75139 11.369 0.051
3329.75139 11.408 0.053
3329.76732 11.289 0.038
3329.76732 11.297 0.036
3329.80002 11.406 0.052
3329.80002 11.448 0.057
3329.81169 11.25 0.048
3329.81169 11.374 0.042
3330.80203 11.367 0.034
3334.7726 11.356 0.042
3335.76413 11.335 0.042
3335.7696 11.43 0.048
3335.7723 11.283 0.042
3335.7723 11.324 0.058
3335.77504 11.387 0.043
3335.77504 11.428 0.061
3335.77768 11.391 0.039
3335.77768 11.44 0.057
3335.79043 11.316 0.047
3335.79043 11.331 0.048
3335.79298 11.262 0.05
3335.79298 11.391 0.045
3337.7139 11.334 0.049
3338.72105 11.299 0.049
3338.72354 11.284 0.051
3338.72354 11.326 0.05
3338.72916 11.379 0.05
3338.72916 11.386 0.053
3338.73182 11.344 0.054
3338.73182 11.363 0.053
3338.73935 11.239 0.055
3338.73935 11.357 0.053
3339.77918 11.448 0.047
3339.77918 11.498 0.046
3340.78554 11.297 0.046
3340.78554 11.311 0.045
3340.8165 11.402 0.045
3341.71093 11.383 0.046
3341.71624 11.359 0.053
3341.71624 11.392 0.056
3341.71894 11.355 0.044
3341.72164 11.358 0.044
3341.72164 11.365 0.041
3341.72432 11.274 0.049
3341.72432 11.369 0.041
3341.72929 11.296 0.045
3341.72929 11.359 0.043
3341.73713 11.35 0.041
3341.73713 11.359 0.041
3344.75829 11.327 0.045
3344.75829 11.354 0.051
3344.76099 11.352 0.055
3344.76369 11.376 0.044
3344.76369 11.379 0.055
3344.77441 11.384 0.052
3344.77441 11.402 0.046
3344.80401 11.225 0.05
3344.80401 11.329 0.041
3345.67932 11.304 0.041
3345.67932 11.352 0.038
3347.70946 11.602 0.043
3347.71988 11.591 0.038
3347.71988 11.596 0.04
3347.7683 11.43 0.047
3347.77891 11.405 0.052
3347.77891 11.431 0.056
3347.78951 11.365 0.056
3347.79218 11.348 0.058
3347.79481 11.289 0.051
3347.79481 11.295 0.06
3347.80292 11.364 0.06
3347.80292 11.383 0.054
3347.80551 11.268 0.055
3347.80551 11.374 0.046
3348.68646 11.309 0.04
3348.73787 11.292 0.062
3348.74085 11.309 0.054
3348.74085 11.331 0.054
3348.74333 11.316 0.051
3348.74333 11.372 0.046
3348.74862 11.338 0.047
3348.74862 11.509 0.048
3348.75129 11.353 0.045
3348.75129 11.359 0.044
3348.75389 11.386 0.045
3348.75389 11.405 0.051
3349.75347 11.321 0.043
3349.75347 11.372 0.05
3350.70589 11.424 0.061
3350.71111 11.436 0.048
3351.68096 11.298 0.057
3351.69777 11.36 0.04
3351.70057 11.382 0.042
3351.70057 11.391 0.047
3351.70626 11.35 0.04
3351.76858 11.358 0.056
3352.64185 11.325 0.039
3352.67351 11.363 0.059
3352.68183 11.368 0.035
3352.68183 11.381 0.048
3352.73038 11.367 0.057
3352.75034 11.35 0.048
3352.75034 11.383 0.054
3352.75293 11.394 0.047
3352.75293 11.434 0.055
3352.75808 11.363 0.047
3352.75808 11.37 0.04
3352.76086 11.369 0.049
3352.76366 11.226 0.052
3352.76366 11.334 0.046
3352.77922 11.26 0.058
3352.77922 11.276 0.058
3352.79151 11.308 0.044
3353.63597 11.353 0.039
3353.71928 11.303 0.049
3353.74877 11.376 0.043
3353.80769 11.37 0.055
3354.62753 11.352 0.043
3354.69143 11.276 0.045
3354.69143 11.321 0.043
3354.69425 11.373 0.043
3354.69425 11.388 0.046
3354.74534 11.36 0.045
3354.81196 11.335 0.055
3354.81469 11.356 0.053
3354.81749 11.406 0.052
3355.68324 11.488 0.029
3357.65955 11.358 0.033
3363.6532 11.514 0.04
3386.58795 11.35 0.04
3386.58795 11.361 0.037
3389.58029 11.332 0.037
3389.58029 11.341 0.032
3396.55814 11.321 0.042
3396.55814 11.323 0.039
3399.54893 11.339 0.039
3399.54893 11.34 0.036
3403.65743 11.399 0.03
3405.67403 11.342 0.036
3408.55035 11.36 0.037
3410.62335 11.334 0.035
3412.66365 11.314 0.047
3414.65962 11.368 0.03
3416.6573 11.272 0.043
3424.61592 11.443 0.048
3426.61424 11.358 0.035
3428.61924 11.305 0.04
3430.62146 11.369 0.03
3433.55317 11.744 0.041
3436.55667 11.402 0.036
3442.54107 11.379 0.034
3444.56204 11.369 0.043
3454.53768 11.337 0.049
3456.54202 11.367 0.042
3458.5351 11.362 0.034
3460.54427 11.425 0.03
3463.50336 11.425 0.04
3466.50014 11.386 0.031
3469.5098 11.325 0.028
3477.47175 11.355 0.042
3481.48018 11.393 0.036
3631.88659 11.388 0.033
3641.87666 11.353 0.027
3641.88298 11.317 0.028
3646.86393 11.74 0.035
3650.87129 11.411 0.042
3652.85252 11.397 0.033
3653.85732 11.284 0.039
3655.84329 11.391 0.029
3658.83417 11.406 0.032
3659.83558 11.416 0.032
3661.82371 11.31 0.041
3662.8441 11.848 0.041
3668.82335 11.359 0.026
3671.7964 11.42 0.031
3671.80573 11.376 0.03
3674.79505 11.309 0.03
3674.79858 11.322 0.038
3677.78722 11.311 0.028
3677.79931 11.342 0.029
3701.72653 11.344 0.049
3704.71694 11.36 0.031
3707.7075 11.352 0.026
3708.69713 11.366 0.03
3712.72042 11.363 0.029
3714.71386 11.333 0.029
3716.80318 11.388 0.036
3722.76933 11.39 0.042
3725.77016 11.377 0.034
3728.65728 11.35 0.034
3731.79201 11.493 0.042
3734.73658 11.368 0.045
3737.72927 11.433 0.032
3740.61859 11.357 0.027
3742.73167 11.391 0.034
3745.63079 11.688 0.038
3749.69701 11.482 0.053
3751.59129 11.37 0.043
3752.68821 11.333 0.039
3755.60174 11.355 0.041
3757.66893 11.358 0.037
3759.72417 11.34 0.042
3762.65761 11.342 0.044
3765.64799 11.365 0.033
3768.63724 11.323 0.037
3779.6452 11.344 0.049
3783.59615 11.364 0.043
3789.58452 11.403 0.048
3791.61786 11.398 0.042
3794.59047 11.354 0.043
3796.62586 11.497 0.036
3799.56107 11.352 0.045
3804.54481 11.644 0.045
3806.5589 11.333 0.043
3809.58207 11.397 0.042
3812.52561 11.587 0.048
3814.5547 11.363 0.042
3817.52812 11.376 0.043
3819.56223 11.354 0.04
3822.52999 11.403 0.034
3825.51438 11.315 0.054
3831.48807 11.693 0.039
3833.51669 11.433 0.05
3836.4958 11.362 0.044
3850.47149 11.376 0.046
3854.46136 11.347 0.036
4089.65876 11.268 0.03
4091.66893 11.376 0.032
4092.64679 11.664 0.049
4104.71977 11.296 0.05
4106.77443 11.341 0.041
4111.63514 11.646 0.036
4126.56886 11.343 0.03
4128.58318 11.322 0.029
4132.64637 11.406 0.036
4134.67378 11.365 0.042
4136.69017 11.363 0.033
4145.63888 11.352 0.034
4149.63616 11.335 0.04
4151.6312 11.348 0.036
4153.64167 11.381 0.041
4159.56331 11.378 0.041
4161.5656 11.387 0.042
4163.57664 11.316 0.045
4165.60074 11.371 0.045
4172.56483 11.368 0.052
4174.58064 11.445 0.041
4179.53114 11.356 0.037
4186.49336 11.788 0.031
4190.51696 11.335 0.034
4362.90186 11.361 0.034
4365.89785 11.354 0.032
4372.87679 11.492 0.043
4372.88321 11.339 0.046
4378.86406 11.357 0.051
4378.87168 11.388 0.052
4381.86081 11.346 0.047
4384.84303 11.315 0.042
4387.83408 11.354 0.036
4392.85429 11.397 0.03
4399.83539 11.71 0.042
4406.78412 11.309 0.056
4406.81641 11.267 0.054
4409.77668 11.384 0.035
4409.79157 11.354 0.031
4421.74805 11.385 0.031
4421.75737 11.372 0.029
4424.8471 11.363 0.031
4427.73668 11.318 0.039
4428.72906 11.371 0.045
4432.8267 11.37 0.042
4433.71599 11.351 0.032
4435.72269 11.355 0.028
4436.70687 11.359 0.035
4438.70938 11.352 0.033
4439.69622 11.442 0.031
4441.69771 11.389 0.03
4444.74635 11.354 0.034
4452.72026 11.295 0.042
4455.68631 11.322 0.053
4460.70863 11.382 0.042
4462.77384 11.385 0.035
4465.65907 11.36 0.04
4467.78115 11.417 0.047
4470.66966 11.326 0.032
4473.72251 11.322 0.03
4476.72209 11.402 0.054
4479.64322 11.368 0.033
4489.66123 11.329 0.038
4489.66369 11.308 0.039
4491.69894 11.326 0.032
4491.70139 11.298 0.05
4494.59153 11.358 0.036
4498.59675 11.429 0.033
4503.59102 11.318 0.036
4505.66373 11.38 0.043
4508.59296 11.368 0.047
4510.60437 11.335 0.049
4517.59147 11.848 0.033
4519.6116 11.337 0.046
4521.6384 11.328 0.036
4524.54074 11.342 0.038
4526.61238 11.337 0.049
4529.55645 11.374 0.043
4532.54923 11.353 0.037
4535.54251 11.329 0.04
4542.49999 11.36 0.046
4546.56586 11.41 0.054
4548.56695 11.323 0.042
4555.49918 11.368 0.038
4557.52777 11.372 0.039
4560.51449 11.78 0.04
4563.50109 11.352 0.042
4569.48764 11.346 0.043
4572.4814 11.339 0.044
4575.47507 11.349 0.039
