1868.74734 8.967 0.056
1869.74202 8.972 0.049
1870.74986 9.043 0.059
1872.75241 9.024 0.064
1873.76367 9.14 0.051
1874.75718 8.959 0.065
1875.75227 9.083 0.046
1876.74211 9.012 0.034
1877.75756 9.182 0.036
1878.74174 9.027 0.042
1879.72648 9.004 0.043
1880.72719 9.074 0.058
1881.72616 9.085 0.044
1884.70547 9.083 0.043
1885.71803 8.974 0.034
1886.71939 9.015 0.037
1887.7058 9.08 0.039
1888.7097 9.086 0.042
1889.70873 9.143 0.048
1899.68606 9.055 0.034
1900.69534 9.029 0.037
1902.67069 9.059 0.034
1903.68954 8.924 0.042
1904.67243 8.982 0.041
1905.67466 9.105 0.033
1907.67956 9.078 0.035
1908.67176 9.078 0.032
1913.64624 9.042 0.029
1914.66454 9.059 0.029
1915.66402 8.956 0.033
1918.64343 9.144 0.031
1919.65216 8.995 0.029
1920.65187 8.988 0.033
1921.6496 9.021 0.031
1922.64897 9.063 0.031
1923.64206 9.237 0.032
1924.63938 9.002 0.029
1925.64474 9.05 0.033
1926.63656 8.994 0.032
1929.6357 9.072 0.035
1930.63373 9.022 0.033
1931.62431 9.0 0.039
1932.62575 9.05 0.03
1933.62521 9.037 0.033
1934.6179 9.01 0.028
1935.57018 9.005 0.036
1937.60806 9.007 0.03
1939.59507 9.022 0.031
1941.59655 9.05 0.032
1945.58992 9.055 0.033
1947.59135 9.123 0.032
1949.58139 9.031 0.032
1950.5858 9.071 0.033
1952.5762 9.314 0.035
1954.56194 9.065 0.051
1958.55324 9.058 0.039
1961.54548 9.046 0.041
1963.54896 9.041 0.043
1965.53549 9.064 0.039
1967.53691 9.036 0.041
1977.5095 9.044 0.058
1980.57386 9.036 0.053
1985.52793 9.044 0.06
1994.51022 9.046 0.06
1996.53997 9.032 0.074
1998.5416 9.071 0.07
2000.5375 9.173 0.085
2016.49949 9.066 0.072
2019.52854 9.06 0.083
2115.94119 8.991 0.051
2129.89896 9.05 0.064
2131.90514 9.077 0.068
2133.90593 9.027 0.046
2135.90064 9.064 0.064
2135.90242 9.026 0.07
2143.89142 9.245 0.062
2167.811 9.091 0.051
2168.89485 8.984 0.052
2171.84574 9.019 0.055
2173.8259 9.055 0.055
2183.82964 9.017 0.053
2184.83387 9.14 0.054
2184.83628 9.08 0.061
2185.88744 9.063 0.052
2189.84369 9.045 0.051
2191.79396 9.083 0.052
2193.77863 8.992 0.051
2194.87942 9.068 0.051
2196.83082 9.144 0.053
2198.77342 9.014 0.051
2201.79911 9.068 0.052
2203.77458 9.064 0.051
2208.76727 9.145 0.066
2212.73042 9.041 0.055
2213.77587 9.177 0.052
2215.72609 9.067 0.053
2216.77326 9.042 0.054
2222.71079 9.046 0.056
2224.7679 9.095 0.055
2225.82851 9.059 0.056
2227.70556 9.019 0.057
2228.75768 9.042 0.059
2229.79076 9.042 0.062
2230.76066 9.194 0.057
2232.76682 9.15 0.054
2233.80784 9.027 0.059
2234.77338 9.038 0.059
2235.75235 9.037 0.054
2236.78004 9.015 0.065
2237.75376 9.288 0.064
2239.73705 9.052 0.062
2240.7427 9.055 0.062
2241.74183 9.029 0.057
2242.7321 9.092 0.064
2243.73219 9.039 0.068
2244.76095 9.142 0.077
2247.7301 9.046 0.076
2248.72296 9.056 0.074
2249.72407 9.209 0.068
2250.72499 9.049 0.071
2251.72132 9.056 0.077
2252.71133 9.035 0.072
2253.71057 9.032 0.072
2254.71138 9.24 0.074
2256.70665 9.049 0.087
2257.71714 9.061 0.079
2260.69664 9.075 0.078
2264.69016 9.068 0.084
2497.91615 9.088 0.049
2499.91122 9.025 0.04
2502.91093 9.06 0.042
2521.8757 8.958 0.044
2539.82382 9.105 0.08
2556.8414 9.176 0.059
2558.8146 9.044 0.033
2560.80499 9.016 0.032
2562.7973 8.995 0.032
2564.79404 8.979 0.028
2566.80019 9.014 0.039
2578.77763 8.998 0.035
2621.74647 9.294 0.026
2623.70329 9.022 0.026
2625.68653 8.993 0.029
2628.66307 8.987 0.051
2628.66307 9.031 0.035
2631.79786 8.99 0.038
2635.65647 8.979 0.029
2639.66953 9.029 0.027
2641.6791 9.015 0.025
2643.6887 9.039 0.027
2645.67508 9.028 0.029
2650.62971 9.034 0.026
2654.63922 9.037 0.032
2657.67256 9.715 0.03
2659.68431 9.001 0.029
2661.68146 9.014 0.031
2665.67065 8.979 0.029
2667.67011 9.133 0.03
2669.6595 9.051 0.028
2671.65859 9.015 0.03
2673.65305 8.966 0.03
2675.6408 9.005 0.028
2677.62252 9.028 0.03
2679.61267 9.249 0.033
2681.60442 9.021 0.025
2684.64745 9.057 0.043
2689.65342 9.023 0.025
2691.63836 9.227 0.051
2693.65073 9.0 0.022
2695.63866 9.03 0.042
2697.64476 8.991 0.031
2699.6351 8.986 0.029
2701.63306 9.027 0.033
2705.62094 8.971 0.029
2707.61905 9.01 0.03
2709.60329 9.04 0.027
2711.6003 9.017 0.037
2713.61242 9.005 0.028
2715.62897 9.175 0.029
2719.54025 9.064 0.031
2723.58266 8.981 0.029
2725.57933 9.007 0.034
2727.57287 9.005 0.038
2729.57084 9.0 0.033
2733.55864 8.963 0.033
2735.55413 9.038 0.032
2737.54591 9.171 0.039
2739.56847 8.992 0.035
2741.54358 8.99 0.032
2745.55854 9.002 0.036
2752.53425 8.966 0.026
2755.52981 9.008 0.024
2757.52662 9.021 0.033
2760.5062 9.02 0.031
2762.50729 9.031 0.034
2764.49629 9.017 0.035
2770.48476 9.028 0.029
2776.47254 9.005 0.027
2783.47487 8.987 0.027
2785.48118 9.199 0.031
2787.48103 9.012 0.023
2791.47364 9.022 0.035
2794.46785 9.015 0.032
2859.91647 9.018 0.027
2877.89081 9.025 0.027
2884.87947 9.007 0.03
2893.86016 8.996 0.032
2896.85027 9.006 0.026
2899.87117 9.263 0.023
2903.8825 9.004 0.029
2906.83974 9.036 0.023
2910.84727 9.004 0.022
2912.85748 9.002 0.022
2921.85734 8.997 0.035
2923.82981 9.097 0.026
2931.81742 9.03 0.025
2934.80875 8.981 0.02
2939.8534 9.036 0.038
2946.74199 9.024 0.024
2947.77972 9.005 0.029
2947.77972 9.005 0.031
2948.81181 8.965 0.033
2951.77732 8.992 0.026
2953.79213 8.983 0.044
2956.77342 8.999 0.03
2962.75401 9.015 0.027
2964.8094 9.259 0.028
2967.74454 9.016 0.028
2970.78958 9.02 0.032
2973.7819 9.009 0.035
2975.71384 9.009 0.026
2977.7206 9.005 0.029
2979.73362 9.026 0.026
2981.75067 9.288 0.034
2984.69392 8.985 0.025
2986.74208 9.028 0.027
2988.78358 9.158 0.027
2991.67905 9.095 0.025
2995.78356 9.027 0.026
2998.65634 9.16 0.03
3001.69425 9.01 0.023
3005.70051 9.146 0.034
3007.70872 9.025 0.038
3009.73915 9.005 0.029
3011.75288 9.011 0.028
3013.80358 8.983 0.027
3017.59916 9.022 0.022
3019.64597 8.966 0.041
3023.65249 9.025 0.022
3025.77154 8.982 0.025
3034.63505 9.044 0.029
3036.7014 9.014 0.027
3040.7094 9.052 0.035
3043.63911 9.005 0.031
3045.66967 9.027 0.025
3048.64292 8.97 0.037
3050.73982 9.005 0.026
3053.62145 9.013 0.025
3055.68616 9.007 0.077
3057.72784 9.014 0.034
3060.58318 9.005 0.032
3062.59979 9.011 0.037
3064.63758 8.944 0.036
3067.64937 9.011 0.028
3069.66231 9.005 0.035
3071.69323 9.045 0.035
3074.60829 9.001 0.031
3076.63505 9.003 0.026
3078.64109 9.007 0.028
3080.64847 9.019 0.033
3082.68061 9.18 0.025
3087.5004 8.996 0.027
3089.53884 8.992 0.03
3091.54576 9.002 0.027
3097.57252 9.033 0.03
3099.59496 9.097 0.029
3101.6005 9.039 0.029
3103.60719 9.013 0.03
3105.60433 9.0 0.031
3107.60456 9.029 0.028
3109.60963 9.01 0.027
3112.49557 8.991 0.023
3114.52467 9.039 0.024
3122.49263 8.994 0.027
3124.5362 9.021 0.029
3127.50824 9.036 0.028
3129.52519 9.026 0.03
3132.49164 9.026 0.033
3134.52089 9.039 0.024
3146.4529 9.008 0.025
3154.46813 9.003 0.028
3158.46397 8.99 0.031
3163.45027 9.015 0.027
3265.84681 8.998 0.042
3272.87475 8.945 0.05
3279.84562 9.083 0.044
3355.68863 9.044 0.066
3358.68788 9.169 0.057
3365.72046 9.184 0.047
3382.65796 9.03 0.088
3382.65796 9.072 0.093
3388.75982 9.016 0.035
3391.59543 9.112 0.071
3394.69645 9.275 0.052
3396.73843 9.064 0.045
3398.80525 9.015 0.054
3404.64242 8.965 0.077
3406.6413 9.005 0.063
3408.6497 8.969 0.054
3410.70719 8.942 0.037
3413.56564 9.0 0.034
3415.57356 8.974 0.079
3417.59038 9.404 0.088
3419.58794 8.897 0.074
3421.60753 9.021 0.086
3425.64058 9.057 0.056
3427.65087 9.031 0.044
3431.63746 9.016 0.048
3433.63047 8.971 0.073
3436.63668 9.019 0.032
3439.62671 9.027 0.037
3442.62876 9.131 0.063
3444.62185 9.017 0.033
3446.63035 8.955 0.091
3450.62508 8.98 0.074
3453.58915 9.048 0.076
3455.6084 8.96 0.07
3457.62365 8.996 0.033
3459.61768 9.217 0.049
3461.62561 9.062 0.047
3464.52984 9.083 0.047
3466.55755 9.042 0.039
3469.56525 9.069 0.031
3471.57278 9.053 0.033
3473.56872 9.017 0.036
3476.51076 9.035 0.042
3478.54316 9.064 0.034
3480.56503 9.01 0.043
3490.49919 8.977 0.033
3492.51268 8.943 0.104
3497.49408 8.974 0.032
3500.49922 8.933 0.081
3502.5278 8.911 0.066
3511.48003 9.016 0.031
3520.45988 9.001 0.031
3523.46253 9.031 0.07
3528.45708 8.961 0.055
3592.91957 8.984 0.038
3603.91076 8.969 0.05
3619.88996 9.197 0.043
3625.90293 9.207 0.043
3633.84926 9.434 0.038
3639.86256 9.055 0.04
3643.84054 9.297 0.047
3647.87402 8.991 0.034
3651.814 8.989 0.061
3655.78367 9.05 0.04
3658.78395 8.965 0.049
3661.8387 9.008 0.039
3669.82647 9.025 0.038
3672.84581 9.06 0.049
3675.80939 9.004 0.052
3680.81161 8.936 0.049
3701.73932 9.227 0.058
3704.7321 9.013 0.05
3707.72223 9.001 0.047
3713.7414 9.023 0.066
3716.68897 8.998 0.034
3718.75448 9.035 0.05
3721.6761 9.069 0.04
3724.70679 8.886 0.077
3726.82959 9.013 0.067
3730.67528 9.149 0.068
3733.71175 8.983 0.039
3736.69796 8.968 0.054
3739.62676 9.102 0.071
3741.70662 9.046 0.037
3744.67443 9.293 0.053
3746.79324 9.052 0.071
3749.68802 9.033 0.046
3751.78053 9.078 0.039
3756.73374 9.037 0.041
3758.81169 9.028 0.043
3761.66134 8.979 0.07
3763.74765 9.024 0.039
3766.62405 8.956 0.052
3771.57505 9.035 0.037
3775.67882 9.111 0.062
3779.75011 9.094 0.052
3783.60599 9.307 0.069
3787.61183 8.955 0.088
3789.67774 9.075 0.076
3792.57562 9.154 0.085
3794.63515 9.034 0.033
3796.65541 9.038 0.031
3798.71065 8.982 0.073
3801.54938 9.037 0.092
3803.62698 9.027 0.046
3805.65029 8.966 0.058
3808.66597 8.986 0.045
3810.67856 9.036 0.04
3813.52504 8.989 0.037
3815.57657 9.003 0.054
3817.60944 9.044 0.036
3819.63073 9.143 0.048
3822.55876 8.975 0.046
3824.59744 9.314 0.06
3826.5977 9.042 0.058
3828.60759 9.019 0.073
3831.51713 8.953 0.058
3833.54817 9.023 0.074
3835.55891 9.091 0.065
3837.57042 8.947 0.046
3848.51885 9.129 0.06
3850.55668 9.094 0.079
3854.55323 8.988 0.037
3860.50963 8.925 0.053
3862.5079 8.942 0.064
3864.53638 9.047 0.059
3867.52675 9.005 0.045
3870.4763 9.143 0.044
3872.50172 8.947 0.064
3877.4549 9.119 0.034
3881.45678 9.041 0.043
3887.45544 9.037 0.04
3891.45775 9.06 0.049
3983.86997 8.994 0.037
4090.69311 9.264 0.06
4103.7251 8.993 0.077
4105.83417 8.879 0.067
4109.63559 8.972 0.044
4126.71357 9.228 0.074
4128.72239 8.978 0.043
4132.74057 8.963 0.075
4134.77982 9.069 0.067
4137.58851 9.08 0.061
4145.73133 9.203 0.048
4147.75177 9.111 0.067
4151.61893 8.958 0.041
4153.62045 9.075 0.079
4155.63197 9.147 0.068
4159.67917 9.114 0.064
4161.67415 8.916 0.063
4163.68732 9.124 0.046
4172.59222 9.119 0.047
4174.60266 9.124 0.047
4176.61787 8.902 0.076
4179.64502 9.112 0.051
4181.66144 9.03 0.044
4184.51788 9.035 0.059
4188.56674 9.034 0.035
4190.56627 9.065 0.042
4192.57885 9.018 0.06
4194.62277 8.91 0.059
4197.61246 9.079 0.066
4200.58547 9.022 0.046
4203.5881 9.976 0.039
4205.59891 9.05 0.043
4216.50026 8.984 0.04
4227.49929 9.054 0.036
4229.51887 8.967 0.055
4231.52699 9.126 0.07
4234.48614 9.066 0.049
4247.47654 9.091 0.044
4256.46012 9.072 0.046
4303.93796 9.032 0.058
4308.93597 9.02 0.053
4332.89118 9.044 0.07
4339.89857 9.165 0.043
4343.87183 8.959 0.053
4347.88343 9.088 0.068
4355.86227 9.019 0.041
4359.85434 9.022 0.054
4363.83554 9.19 0.048
4366.88048 9.042 0.04
4372.86778 9.008 0.056
4376.85318 9.016 0.049
4379.88714 9.017 0.044
4383.84001 9.042 0.042
4386.8541 9.023 0.043
4400.78941 9.002 0.047
4403.83089 9.008 0.041
4407.81761 9.038 0.052
4410.79198 9.058 0.064
4420.82195 9.006 0.047
4423.78405 8.999 0.051
4427.75952 9.061 0.047
4430.74169 9.031 0.04
4433.73187 9.159 0.05
4436.71628 9.009 0.047
4439.72258 8.989 0.048
4448.69206 8.967 0.045
4453.81282 8.914 0.059
4456.66932 9.105 0.06
4458.77225 9.013 0.051
4461.69033 8.991 0.039
4463.78281 8.982 0.05
4466.68742 9.064 0.057
4469.6657 9.112 0.06
4472.74222 8.914 0.051
4475.64925 9.151 0.072
4478.66042 9.014 0.045
4480.79393 8.977 0.053
4484.65621 9.006 0.059
4486.71541 9.21 0.062
4488.76879 9.016 0.057
4493.65096 9.076 0.05
4499.64107 8.87 0.069
4501.75101 9.024 0.044
4504.64354 8.925 0.051
4506.73114 8.934 0.063
4509.60331 9.127 0.07
4511.62504 9.008 0.05
4519.59115 8.94 0.052
4521.62635 8.948 0.038
4523.64782 9.02 0.036
4525.67222 9.076 0.047
4527.692 9.135 0.069
4530.61048 8.974 0.039
4532.66857 9.013 0.042
4536.53751 8.962 0.045
4538.60203 8.983 0.037
4540.60996 8.98 0.047
4542.62117 8.968 0.048
4546.6438 9.056 0.039
4548.64117 9.023 0.039
4555.63189 8.996 0.04
4557.63717 9.048 0.044
4560.54547 8.872 0.059
4562.56995 9.026 0.063
4565.49987 8.97 0.048
4567.53781 9.085 0.048
4569.55788 8.998 0.038
4571.57421 9.034 0.037
4573.59395 9.048 0.043
