1868.76113 13.083 0.034
1869.75808 12.953 0.031
1870.77105 13.488 0.034
1871.78921 12.811 0.034
1873.69273 12.974 0.034
1874.75732 13.024 0.035
1875.76634 12.785 0.032
1876.78848 13.42 0.029
1877.77137 12.97 0.029
1878.74859 12.86 0.033
1879.76315 13.184 0.03
1880.74789 13.277 0.044
1881.74444 13.021 0.029
1884.71676 12.967 0.03
1885.72479 12.866 0.028
1886.72615 13.113 0.029
1887.71959 13.397 0.031
1888.71647 12.89 0.032
1889.72017 13.366 0.038
1899.69727 13.121 0.029
1900.70655 13.226 0.029
1902.68199 12.868 0.026
1903.70567 13.18 0.029
1904.67926 12.901 0.028
1905.69273 13.015 0.029
1906.68382 13.625 0.028
1907.69081 12.958 0.028
1908.68309 12.96 0.028
1913.65982 13.395 0.027
1914.67592 12.771 0.027
1915.67547 12.954 0.03
1918.65483 13.248 0.033
1919.66616 13.52 0.034
1920.66566 12.796 0.03
1921.66113 12.992 0.031
1922.66049 13.292 0.027
1923.65591 12.973 0.033
1925.65627 13.134 0.031
1926.64818 13.475 0.027
1928.65452 12.898 0.028
1929.64514 13.376 0.028
1930.64546 13.054 0.027
1931.63825 13.509 0.041
1932.63755 13.333 0.026
1933.63699 13.12 0.027
1934.63194 12.927 0.026
1936.61689 13.352 0.026
1938.61177 13.03 0.027
1940.61812 13.049 0.027
1945.61449 13.494 0.028
1947.60697 12.897 0.034
1949.59484 13.461 0.031
1952.5934 13.259 0.032
1953.59578 12.944 0.029
1954.59697 13.124 0.04
1955.59337 13.791 0.03
1958.57718 13.237 0.03
1959.59142 13.13 0.03
1961.57866 13.238 0.031
1963.56401 13.151 0.033
1965.55509 13.48 0.029
1967.55432 13.048 0.031
1977.54094 12.994 0.046
1979.60881 13.13 0.044
1981.58341 13.594 0.039
1994.48805 13.45 0.047
1996.50748 13.506 0.052
2026.50523 13.61 0.028
2031.49543 12.716 0.031
2033.5071 12.984 0.031
2057.46073 13.2 0.049
2070.45962 13.28 0.033
2128.9344 12.975 0.039
2134.91216 13.529 0.038
2136.90417 12.88 0.037
2144.8945 13.383 0.035
2156.89011 13.008 0.043
2166.8969 13.481 0.041
2168.85246 12.945 0.038
2172.81106 12.77 0.041
2183.83362 13.461 0.043
2185.88907 13.607 0.045
2189.84517 13.444 0.04
2191.79537 13.008 0.041
2193.78721 13.519 0.037
2197.79216 13.779 0.054
2199.7863 13.112 0.049
2201.79559 13.052 0.037
2203.77103 13.396 0.043
2212.74017 12.937 0.044
2213.78105 13.13 0.044
2215.74306 13.151 0.043
2216.8459 13.457 0.045
2221.74696 13.058 0.048
2224.79097 13.728 0.041
2232.78544 12.898 0.042
2234.79463 14.06 0.045
2235.75707 13.427 0.043
2236.79858 13.521 0.047
2237.76999 14.413 0.046
2241.77891 13.28 0.047
2242.74815 13.047 0.053
2249.7474 14.174 0.051
2440.45022 12.98 0.03
2445.44847 13.482 0.04
2521.86945 13.191 0.05
2521.86945 13.206 0.042
2526.8747 13.122 0.035
2545.79378 13.651 0.03
2553.8276 13.437 0.051
2558.8208 12.993 0.027
2560.80853 13.282 0.03
2562.80336 12.966 0.026
2564.79745 13.449 0.035
2578.7851 13.19 0.042
2621.77168 13.548 0.04
2623.7215 12.888 0.031
2625.70943 13.63 0.03
2628.66314 12.989 0.046
2628.6904 12.825 0.043
2631.81645 12.799 0.031
2635.67018 13.378 0.031
2637.69017 13.069 0.034
2639.69017 13.03 0.033
2641.69518 13.536 0.026
2643.7047 13.035 0.028
2645.6889 13.075 0.027
2647.67403 12.986 0.03
2650.65052 12.944 0.03
2652.66822 12.824 0.031
2654.66725 13.351 0.033
2657.70068 13.428 0.034
2659.71936 13.464 0.029
2661.71656 12.821 0.026
2663.71297 13.218 0.027
2667.70536 13.11 0.024
2669.69477 13.078 0.028
2671.69388 12.865 0.025
2675.67624 12.998 0.025
2677.65814 13.075 0.027
2678.82118 12.976 0.032
2679.77109 12.936 0.045
2680.65158 13.474 0.025
2683.69156 13.053 0.028
2685.65166 13.023 0.033
2686.79659 13.457 0.043
2688.70217 13.52 0.033
2689.80234 13.256 0.038
2691.73478 13.383 0.032
2693.75382 13.207 0.028
2695.70046 13.1 0.03
2697.70918 13.28 0.03
2699.70184 12.766 0.029
2701.69984 13.486 0.026
2703.69567 12.922 0.025
2705.68801 13.047 0.031
2707.68448 12.948 0.035
2709.64238 13.174 0.026
2711.61412 12.962 0.027
2713.61935 12.945 0.027
2715.6337 12.824 0.038
2719.54513 13.104 0.024
2720.68749 13.318 0.03
2722.613 13.093 0.026
2724.611 13.122 0.023
2726.60939 13.007 0.026
2728.60069 13.412 0.028
2730.59667 13.003 0.027
2733.64312 13.282 0.03
2735.63888 12.928 0.028
2737.62608 13.601 0.028
2739.61866 12.801 0.029
2741.5861 13.393 0.029
2743.5937 13.061 0.035
2745.60637 12.888 0.054
2750.50548 12.847 0.025
2751.62091 12.923 0.026
2754.58861 13.004 0.027
2756.58808 13.453 0.029
2759.47549 13.348 0.033
2761.49863 13.218 0.023
2763.49457 12.826 0.024
2766.49718 12.911 0.026
2770.49823 12.976 0.028
2775.50499 13.067 0.037
2784.53296 12.988 0.028
2787.46224 13.59 0.026
2790.51611 13.051 0.028
2793.4522 13.077 0.031
2796.46091 12.888 0.03
2804.47928 13.146 0.052
2810.45451 13.076 0.029
2813.45437 13.281 0.041
2860.91227 13.209 0.028
2867.92944 13.158 0.036
2877.89876 13.033 0.025
2884.88707 12.825 0.036
2893.85578 13.019 0.041
2899.8735 13.261 0.029
2903.89162 12.859 0.052
2907.8408 13.031 0.073
2911.82513 13.224 0.032
2915.86334 13.058 0.032
2922.77554 13.23 0.04
2927.80081 13.07 0.032
2929.81164 13.662 0.045
2932.82851 12.747 0.03
2935.80664 13.253 0.036
2939.86849 13.355 0.03
2943.81025 13.25 0.027
2946.75925 13.035 0.038
2951.81242 12.92 0.032
2954.78805 12.918 0.049
2957.78505 13.504 0.041
2960.79693 13.404 0.035
2963.77044 13.705 0.029
2966.75381 13.036 0.047
2970.77267 13.279 0.03
2973.79429 13.247 0.035
2975.71648 12.901 0.029
2979.74854 12.955 0.035
2981.76276 12.914 0.04
2984.70721 13.1 0.029
2986.77131 13.11 0.029
2989.70282 13.17 0.027
2991.75118 12.85 0.034
2994.68522 12.966 0.029
2996.73769 12.927 0.035
2998.74 13.15 0.035
3001.73161 12.87 0.027
3007.72368 12.798 0.05
3009.7588 12.928 0.038
3011.78008 13.273 0.038
3015.64837 12.74 0.046
3019.68276 13.473 0.029
3023.68934 12.849 0.028
3030.69663 13.057 0.03
3032.71859 12.865 0.044
3034.74214 13.174 0.045
3036.81065 13.026 0.034
3040.81758 13.015 0.045
3043.67682 13.037 0.039
3045.72235 12.904 0.034
3048.6879 12.905 0.042
3051.62123 13.955 0.039
3053.67038 13.787 0.049
3057.75679 13.066 0.033
3060.62022 13.022 0.03
3064.66614 12.845 0.032
3067.68653 12.976 0.034
3069.7028 13.098 0.06
3071.72135 13.274 0.05
3074.62509 12.821 0.046
3076.65101 13.385 0.032
3078.65615 13.155 0.054
3080.66994 12.831 0.044
3082.70161 12.658 0.072
3086.69591 12.765 0.046
3088.7014 13.523 0.065
3090.70173 13.115 0.049
3092.69553 12.964 0.035
3096.65694 13.033 0.035
3098.67158 12.72 0.05
3101.53699 12.977 0.037
3105.55032 13.14 0.051
3107.55825 12.99 0.032
3109.56669 13.332 0.037
3111.56411 12.922 0.03
3113.5812 12.806 0.032
3115.58693 13.272 0.03
3121.5168 12.925 0.03
3123.54321 12.81 0.031
3125.57438 13.311 0.034
3128.5217 13.654 0.043
3130.53897 12.732 0.043
3132.55064 12.788 0.037
3134.57058 13.606 0.033
3144.53542 13.447 0.031
3156.50483 13.019 0.037
3160.48931 13.354 0.05
3164.47561 13.386 0.031
3168.47801 13.002 0.03
3175.45903 13.041 0.053
3180.45202 13.703 0.045
3265.8418 12.801 0.046
3333.77782 13.498 0.05
3355.70548 13.1 0.034
3358.69534 13.423 0.035
3365.72938 12.637 0.064
3374.71486 12.956 0.055
3374.71486 12.961 0.054
3382.68433 12.943 0.048
3382.68433 12.991 0.042
3383.73624 12.913 0.044
3385.81828 12.755 0.038
3390.65683 13.461 0.043
3395.72745 13.313 0.042
3397.77084 13.352 0.037
3399.83043 13.718 0.041
3402.79001 13.377 0.04
3405.56541 13.141 0.039
3407.61776 13.304 0.069
3409.64005 13.328 0.033
3411.67673 13.173 0.034
3413.72697 13.448 0.042
3417.77874 12.754 0.035
3420.54987 13.373 0.043
3424.6109 12.796 0.065
3426.61023 13.249 0.038
3428.61537 13.33 0.042
3430.61698 12.798 0.05
3432.61984 12.932 0.037
3437.60947 13.174 0.03
3440.6017 12.803 0.035
3443.6572 13.472 0.035
3447.62554 13.526 0.04
3449.64804 12.973 0.055
3452.57075 13.013 0.048
3454.63267 12.941 0.043
3456.62963 13.468 0.038
3458.61625 12.85 0.035
3460.61796 13.235 0.031
3462.62584 13.06 0.044
3464.66822 12.947 0.033
3466.66687 12.974 0.032
3469.65979 12.905 0.032
3472.51899 12.947 0.037
3474.5484 13.143 0.027
3476.63683 13.263 0.042
3478.62555 13.489 0.036
3480.62477 13.066 0.041
3483.52442 13.339 0.049
3491.50741 12.995 0.035
3495.50764 12.921 0.03
3497.57978 12.902 0.031
3500.56702 12.834 0.06
3506.54888 13.126 0.047
3511.46339 12.944 0.035
3513.48641 13.132 0.044
3523.5161 12.932 0.05
3526.50624 12.894 0.042
3529.48429 13.036 0.031
3544.45255 13.207 0.056
3590.93281 12.852 0.036
3603.91723 12.874 0.045
3619.88783 12.937 0.04
3626.87258 12.935 0.035
3630.85089 13.048 0.042
3634.85892 13.327 0.046
3639.85884 12.866 0.033
3643.8468 13.052 0.031
3647.88032 12.799 0.029
3647.88032 12.842 0.029
3651.81911 12.978 0.052
3655.80164 12.861 0.038
3658.79399 12.941 0.039
3661.8448 12.864 0.046
3665.80498 12.868 0.044
3672.85046 13.316 0.032
3675.82016 13.27 0.032
3699.7654 13.076 0.035
3702.77585 13.137 0.032
3705.74691 13.192 0.042
3708.73741 13.058 0.033
3712.77632 12.818 0.034
3714.79777 13.186 0.038
3717.71768 13.091 0.044
3719.77785 13.097 0.042
3722.69844 13.478 0.046
3725.74313 13.137 0.039
3728.67777 13.146 0.044
3731.80005 13.016 0.045
3734.72943 13.742 0.063
3737.7019 13.212 0.032
3739.75234 12.876 0.033
3742.64781 13.738 0.034
3744.72632 13.036 0.045
3747.64438 13.564 0.049
3749.74105 13.405 0.049
3752.70307 12.914 0.041
3754.76205 13.072 0.048
3756.82097 12.742 0.055
3759.63711 12.929 0.043
3761.78452 12.962 0.049
3764.65073 13.109 0.045
3766.75631 13.397 0.073
3769.63623 12.803 0.04
3771.70915 13.219 0.054
3774.63484 12.888 0.048
3776.67169 13.193 0.053
3780.72354 12.527 0.048
3783.75218 13.05 0.055
3787.75567 13.62 0.045
3790.58412 13.58 0.043
3792.69668 12.837 0.048
3794.74343 12.901 0.043
3797.57475 13.542 0.042
3799.63622 13.282 0.046
3801.65975 12.934 0.041
3804.57738 12.86 0.053
3806.59475 13.329 0.045
3809.62126 13.033 0.054
3811.62488 13.52 0.047
3813.63711 12.945 0.053
3815.66149 13.125 0.04
3817.68195 13.316 0.046
3819.70029 13.296 0.045
3822.57138 13.066 0.053
3824.60843 13.201 0.039
3826.60886 13.294 0.049
3828.61948 13.106 0.039
3831.52571 13.117 0.036
3833.55683 12.38 0.055
3835.57214 13.161 0.058
3837.58373 13.345 0.048
3847.56069 13.366 0.059
3849.61176 13.352 0.039
3851.60976 12.584 0.037
3854.50381 12.979 0.033
3856.5779 13.607 0.035
3861.54712 12.951 0.034
3863.54879 13.492 0.035
3865.56216 13.049 0.038
3868.51707 12.671 0.044
3870.51961 13.237 0.039
3872.53685 12.892 0.034
3876.53787 13.315 0.034
3883.49466 13.708 0.034
3887.49633 12.875 0.051
3890.49067 13.162 0.033
3892.50543 13.173 0.055
3897.45263 13.123 0.046
3900.45532 12.899 0.044
3903.45224 13.608 0.052
3906.45263 13.581 0.045
3983.87812 13.242 0.037
4090.70346 13.129 0.054
4104.71858 13.248 0.055
4106.77409 12.797 0.047
4111.69576 13.162 0.037
4126.72157 13.042 0.032
4128.75652 12.861 0.033
4133.57306 13.769 0.045
4135.62478 13.45 0.04
4137.6352 13.047 0.034
4145.75672 13.876 0.044
4149.65335 13.48 0.058
4151.65957 13.046 0.033
4153.66582 13.175 0.043
4157.73163 12.746 0.049
4159.71084 13.036 0.042
4161.69422 12.978 0.044
4163.70414 12.727 0.045
4165.74221 13.15 0.05
4168.7365 12.813 0.035
4173.71633 13.38 0.046
4176.54004 12.787 0.053
4179.61808 13.35 0.039
4181.64178 13.026 0.07
4183.65621 12.901 0.042
4185.65146 13.731 0.041
4189.60729 13.586 0.038
4191.62967 13.277 0.056
4202.55539 13.502 0.046
4205.53017 12.773 0.047
4213.54926 12.719 0.045
4216.59979 12.858 0.038
4228.58706 12.942 0.033
4231.47468 12.822 0.038
4233.50048 12.796 0.03
4235.50343 13.738 0.037
4237.55209 12.935 0.069
4247.50921 13.301 0.033
4250.51565 13.059 0.039
4258.46474 12.996 0.047
4310.93912 12.842 0.043
4331.92653 13.093 0.04
4339.89689 12.894 0.068
4343.86999 12.977 0.049
4347.88972 13.206 0.045
4355.86824 12.738 0.038
4363.84422 13.472 0.043
4366.88541 13.365 0.036
4373.84055 13.479 0.044
4377.83583 12.915 0.052
4381.81648 13.217 0.056
4384.82892 12.765 0.046
4387.83716 12.891 0.04
4404.78047 13.03 0.039
4408.7714 13.053 0.044
4411.82563 12.881 0.047
4418.85618 13.009 0.036
4422.75765 13.269 0.038
4426.779 12.626 0.066
4429.75407 12.874 0.045
4432.74397 13.103 0.032
4435.73693 13.224 0.033
4438.7251 13.545 0.043
4441.7241 13.662 0.041
4453.68384 13.061 0.039
4455.78578 13.29 0.038
4458.68413 13.272 0.051
4460.79946 12.817 0.052
4463.66284 12.871 0.033
4465.72448 12.787 0.06
4468.69833 13.062 0.048
4474.70882 12.916 0.048
4477.70166 13.168 0.037
4479.78911 12.742 0.05
4485.72261 13.237 0.046
4487.74815 12.937 0.046
4489.80775 12.867 0.065
4492.6107 12.848 0.039
4494.6449 12.716 0.033
4497.7731 12.985 0.038
4505.59573 12.907 0.045
4507.65296 12.995 0.059
4509.73308 13.17 0.047
4511.80601 12.915 0.038
4517.70707 12.888 0.047
4519.73284 13.041 0.048
4521.74687 12.967 0.049
4523.78169 13.06 0.038
4526.57915 13.556 0.056
4528.62224 14.126 0.048
4530.68876 13.067 0.045
4533.58822 13.134 0.04
4536.64679 13.186 0.044
4538.68419 12.955 0.036
4543.56167 12.824 0.047
4547.60303 12.833 0.057
4554.60312 13.147 0.047
4556.61633 13.595 0.048
4558.62531 12.846 0.034
4560.63127 13.106 0.036
4562.6629 13.259 0.046
4565.51683 13.115 0.041
4567.55382 13.085 0.043
4569.57759 12.902 0.042
4571.59498 12.751 0.045
4573.61953 12.746 0.051
