1980.57931 10.373 0.058
2033.4553 10.383 0.044
2134.9278 10.261 0.045
2167.87012 10.367 0.05
2171.88497 10.352 0.053
2173.87158 10.51 0.054
2183.87276 10.3 0.041
2185.83828 10.234 0.05
2189.87341 10.514 0.051
2193.80444 10.282 0.052
2198.81268 10.491 0.053
2200.82303 10.508 0.05
2202.81044 10.271 0.052
2212.80568 10.296 0.05
2214.76349 10.569 0.06
2217.7836 10.573 0.055
2221.78706 10.269 0.057
2222.8028 10.556 0.064
2225.74087 10.556 0.056
2232.75682 10.338 0.057
2252.73329 10.529 0.074
2254.72895 10.391 0.074
2255.72685 10.581 0.069
2501.92791 10.488 0.063
2526.89179 10.589 0.059
2545.84393 10.583 0.035
2545.84393 10.584 0.031
2549.84786 10.183 0.054
2549.84786 10.184 0.046
2557.81986 10.166 0.044
2559.83655 10.425 0.025
2561.84007 10.534 0.029
2565.83769 10.183 0.028
2621.7574 10.573 0.028
2623.71879 10.379 0.024
2625.71808 10.174 0.027
2629.74466 10.592 0.042
2636.74116 10.194 0.036
2640.72834 10.583 0.039
2642.7364 10.322 0.033
2644.72216 10.168 0.039
2649.69113 10.305 0.027
2651.6772 10.534 0.035
2652.81317 10.482 0.038
2654.67352 10.516 0.031
2657.70685 10.375 0.034
2661.72262 10.329 0.03
2663.71897 10.173 0.033
2665.71055 10.42 0.026
2667.71121 10.57 0.036
2669.70054 10.298 0.033
2671.69956 10.214 0.033
2675.68174 10.499 0.036
2679.63742 10.245 0.034
2681.62682 10.51 0.024
2684.59299 10.457 0.033
2686.59932 10.547 0.04
2688.59696 10.335 0.038
2690.59569 10.21 0.037
2692.59298 10.523 0.037
2694.59251 10.458 0.035
2696.58761 10.258 0.033
2698.58453 10.316 0.031
2700.58639 10.584 0.044
2702.57813 10.424 0.035
2704.56672 10.194 0.038
2706.54844 10.36 0.031
2712.51735 10.168 0.025
2714.532 10.386 0.033
2717.5318 10.302 0.03
2719.64833 10.548 0.037
2720.52524 10.204 0.027
2722.52688 10.479 0.032
2724.52733 10.488 0.026
2728.52366 10.274 0.028
2730.51954 10.564 0.024
2734.50665 10.218 0.032
2736.49367 10.298 0.033
2739.53843 10.211 0.037
2741.51348 10.541 0.043
2743.51097 10.497 0.039
2745.52335 10.28 0.036
2750.5574 10.202 0.026
2755.53617 10.283 0.027
2757.53292 10.55 0.026
2760.51006 10.473 0.027
2762.51109 10.513 0.041
2770.49069 10.46 0.03
2784.45463 10.56 0.032
2885.91002 10.25 0.031
2886.91311 10.348 0.034
2897.88658 10.41 0.029
2900.88216 10.483 0.029
2910.87956 10.221 0.027
2916.83448 10.362 0.024
2922.8238 10.53 0.028
2925.86587 10.562 0.032
2927.85813 10.365 0.03
2931.82242 10.34 0.026
2934.82041 10.222 0.028
2940.78799 10.231 0.025
2942.83439 10.28 0.033
2944.84031 10.56 0.039
2951.78812 10.484 0.029
2956.80387 10.184 0.041
2957.84254 10.508 0.039
2960.80256 10.532 0.037
2970.77143 10.243 0.029
2973.79304 10.299 0.034
2975.73342 10.19 0.026
2977.73897 10.402 0.039
2979.74997 10.524 0.03
2981.75713 10.299 0.037
2984.77221 10.438 0.031
2987.71784 10.488 0.024
2989.77325 10.241 0.024
2992.69569 10.475 0.025
2996.79873 10.382 0.032
2998.74894 10.514 0.038
3000.68748 10.247 0.025
3006.79486 10.545 0.041
3008.73041 10.251 0.031
3012.6959 10.568 0.033
3015.71204 10.435 0.035
3017.70855 10.506 0.026
3019.7119 10.266 0.025
3023.71317 10.524 0.03
3028.65145 10.488 0.032
3030.69188 10.318 0.03
3032.71355 10.16 0.027
3034.73212 10.446 0.032
3037.6219 10.36 0.025
3041.64744 10.361 0.034
3043.74142 10.192 0.036
3046.59728 10.228 0.026
3049.58718 10.257 0.025
3051.71964 10.191 0.031
3054.58942 10.219 0.026
3056.60375 10.387 0.033
3058.66992 10.562 0.034
3060.69411 10.378 0.028
3068.62555 10.283 0.033
3070.65868 10.196 0.036
3073.59461 10.189 0.029
3075.62602 10.36 0.036
3077.65373 10.525 0.033
3080.54377 10.531 0.04
3086.60449 10.295 0.033
3088.61006 10.574 0.038
3090.61486 10.418 0.031
3096.52809 10.556 0.028
3098.55081 10.45 0.032
3100.56063 10.162 0.03
3102.57025 10.465 0.042
3104.58271 10.55 0.029
3107.51803 10.547 0.03
3109.53168 10.395 0.032
3111.52805 10.163 0.029
3113.55285 10.391 0.028
3116.51507 10.278 0.035
3116.51507 10.283 0.04
3122.49973 10.194 0.029
3125.50209 10.286 0.037
3128.48627 10.381 0.032
3131.48087 10.477 0.03
3133.50308 10.233 0.028
3144.46899 10.265 0.035
3269.88319 10.447 0.035
3273.87996 10.332 0.033
3296.86171 10.369 0.037
3356.73558 10.465 0.057
3357.70808 10.413 0.058
3362.72212 10.441 0.071
3373.73476 10.585 0.072
3373.73476 10.588 0.077
3386.79516 10.49 0.098
3389.62376 10.55 0.04
3391.67307 10.359 0.051
3394.72497 10.479 0.053
3397.62132 10.527 0.046
3399.68837 10.346 0.06
3404.70134 10.143 0.076
3406.74273 10.281 0.075
3408.73284 10.54 0.082
3411.61774 10.596 0.051
3413.6638 10.404 0.065
3415.67804 10.297 0.061
3417.66757 10.291 0.045
3420.5498 10.24 0.045
3424.60779 10.523 0.065
3426.60629 10.234 0.056
3428.61126 10.263 0.039
3430.61366 10.531 0.054
3432.61553 10.471 0.048
3440.59759 10.357 0.049
3445.62166 10.209 0.074
3449.5219 10.567 0.074
3453.60798 10.22 0.061
3455.62999 10.364 0.054
3458.50732 10.278 0.068
3460.52102 10.55 0.063
3462.54912 10.431 0.07
3464.60046 10.245 0.065
3468.52374 10.588 0.061
3470.54715 10.428 0.076
3472.5652 10.204 0.075
3476.48076 10.572 0.055
3478.52835 10.342 0.037
3480.55671 10.227 0.079
3483.50482 10.122 0.09
3490.50766 10.488 0.051
3492.5172 10.57 0.088
3497.50177 10.342 0.057
3501.46356 10.412 0.075
3504.46691 10.309 0.069
3512.45389 10.365 0.075
3630.89431 10.467 0.036
3636.87142 10.543 0.039
3640.88318 10.223 0.033
3644.88309 10.539 0.047
3650.8413 10.428 0.045
3653.86278 10.282 0.045
3656.86957 10.185 0.041
3660.8347 10.512 0.042
3664.82539 10.865 0.039
3668.85839 10.486 0.034
3680.84262 10.323 0.039
3701.75907 10.531 0.043
3704.7603 10.552 0.053
3707.75165 10.447 0.058
3711.78032 10.27 0.055
3713.76938 10.16 0.043
3716.72138 10.17 0.033
3719.72903 10.224 0.04
3722.71594 10.31 0.037
3725.74378 10.431 0.048
3727.84515 10.205 0.059
3731.73812 10.526 0.04
3734.70744 10.526 0.052
3737.70016 10.373 0.082
3739.75053 10.567 0.05
3742.66295 10.58 0.034
3744.74867 10.436 0.048
3749.75338 10.275 0.064
3752.71217 10.405 0.087
3754.76859 10.545 0.053
3757.61882 10.212 0.035
3759.68381 10.327 0.065
3762.63644 10.275 0.079
3764.71243 10.475 0.088
3767.61789 10.312 0.091
3769.70311 10.591 0.068
3772.5898 10.541 0.041
3774.68494 10.455 0.069
3776.73197 10.231 0.068
3778.71128 10.252 0.087
3787.66554 10.246 0.034
3789.71311 10.223 0.063
3792.58297 10.152 0.044
3794.64174 10.401 0.042
3796.66178 10.538 0.061
3799.58923 10.604 0.08
3801.63755 10.52 0.093
3804.57003 10.429 0.079
3806.58715 10.278 0.068
3809.61407 10.376 0.07
3813.62674 10.371 0.071
3816.56188 10.336 0.054
3818.59715 10.571 0.054
3820.60662 10.404 0.068
3823.54586 10.442 0.064
3825.58041 10.27 0.071
3827.59427 10.295 0.078
3831.49238 10.392 0.05
3833.52592 10.19 0.073
3835.5375 10.354 0.045
3837.55083 10.583 0.048
3848.53497 10.567 0.061
3851.49226 10.496 0.066
3853.50794 10.491 0.03
3858.51237 10.342 0.041
3861.50515 10.464 0.071
3864.48022 10.526 0.079
3866.48791 10.312 0.045
3870.45958 10.499 0.045
3876.45872 10.242 0.034
3880.45602 10.41 0.06
4090.7134 10.304 0.087
4105.72516 10.435 0.059
4107.71063 10.186 0.034
4111.72001 10.619 0.051
4126.73085 10.174 0.038
4126.74979 10.201 0.037
4128.77257 10.318 0.059
4131.63011 10.192 0.085
4133.63431 10.561 0.062
4134.68638 10.276 0.048
4135.6588 10.422 0.055
4136.69329 10.406 0.052
4137.65967 10.213 0.052
4146.59612 10.51 0.046
4147.66441 10.313 0.042
4149.70177 10.539 0.043
4150.70465 10.215 0.072
4152.54642 10.519 0.037
4152.72244 10.499 0.044
4154.58829 10.432 0.08
4159.56634 10.284 0.058
4161.56943 10.175 0.086
4163.57972 10.542 0.063
4164.59729 10.142 0.047
4165.60387 10.525 0.058
4166.6467 10.322 0.055
4168.62756 10.567 0.056
4172.61682 10.096 0.071
4173.60735 10.435 0.059
4174.62719 10.52 0.056
4175.60703 10.229 0.045
4180.55901 10.151 0.042
4181.61489 10.413 0.053
4182.59566 10.546 0.048
4186.48902 10.225 0.04
4188.60015 10.225 0.037
4190.49595 10.581 0.041
4190.60397 10.451 0.059
4192.51944 10.426 0.046
4192.60672 10.517 0.055
4194.59128 10.226 0.057
4197.57037 10.294 0.045
4200.57224 10.416 0.061
4203.57396 10.492 0.06
4216.50716 10.286 0.046
4216.51041 10.368 0.05
4227.51177 10.328 0.042
4228.47189 10.592 0.051
4230.48736 10.458 0.059
4233.47671 10.524 0.035
4235.48343 10.225 0.054
4246.45603 10.318 0.046
4343.90994 10.171 0.041
4347.90447 10.511 0.044
4355.89672 10.577 0.037
4363.87899 10.518 0.041
4363.89655 10.551 0.044
4367.88325 10.158 0.044
4368.8894 10.392 0.045
4371.86826 10.517 0.036
4372.88488 10.354 0.04
4376.88321 10.319 0.041
4378.86558 10.276 0.056
4380.87138 10.43 0.042
4384.86335 10.262 0.046
4386.84506 10.236 0.039
4402.85597 10.305 0.05
4403.84645 10.272 0.042
4407.86296 10.503 0.04
4409.81768 10.493 0.038
4410.85184 10.325 0.04
4413.81662 10.244 0.041
4420.82565 10.519 0.044
4423.80614 10.55 0.036
4427.78601 10.169 0.035
4427.80388 10.144 0.043
4430.76927 10.221 0.04
4430.78882 10.268 0.041
4433.75628 10.286 0.045
4433.82396 10.3 0.038
4436.7489 10.396 0.037
4436.77604 10.413 0.034
4439.74085 10.637 0.039
4439.76871 10.559 0.047
4457.6883 10.178 0.063
4460.68685 10.277 0.035
4462.75044 10.272 0.043
4463.70736 10.36 0.041
4465.67054 10.158 0.059
4465.79436 10.125 0.049
4467.78332 10.406 0.049
4468.70892 10.262 0.056
4470.67861 10.264 0.037
4473.73166 10.222 0.067
4476.73233 10.311 0.053
4478.81217 10.266 0.07
4484.80522 10.139 0.051
4489.69167 10.273 0.039
4490.6914 10.298 0.038
4491.71235 10.588 0.041
4492.71228 10.078 0.055
4493.73475 10.405 0.047
4494.73156 10.61 0.054
4497.61161 10.424 0.053
4498.68425 10.151 0.051
4499.69421 10.579 0.048
4504.69814 10.444 0.043
4505.73825 10.463 0.063
4507.59745 10.53 0.066
4509.68116 10.31 0.048
4512.58509 10.377 0.055
4512.68637 10.454 0.056
4515.69918 10.517 0.065
4516.62711 10.432 0.059
4518.5773 10.536 0.044
4518.67501 10.579 0.039
4520.61278 10.333 0.047
4520.69774 10.34 0.036
4522.61914 10.163 0.056
4522.69169 10.182 0.035
4524.61939 10.451 0.061
4524.70236 10.403 0.039
4526.65108 10.534 0.054
4529.57744 10.536 0.061
4529.64001 10.601 0.047
4531.65572 10.428 0.053
4534.55869 10.432 0.058
4537.57504 10.493 0.063
4537.59037 10.621 0.058
4546.59623 10.27 0.066
4548.5902 10.559 0.06
4548.59346 10.497 0.059
4553.61304 10.48 0.035
4553.61716 10.49 0.038
4555.62441 10.228 0.065
4556.53141 10.565 0.06
4558.55331 10.307 0.058
4560.58802 10.311 0.049
4561.5387 10.371 0.052
4563.57466 10.177 0.038
4566.51988 10.219 0.069
4569.50828 10.355 0.063
4571.53171 10.171 0.04
4574.50823 10.205 0.043
