2033.46673 12.428 0.077
2552.85769 12.346 0.03
2557.84136 12.199 0.034
2559.8575 12.343 0.027
2562.83237 12.255 0.03
2564.83617 12.494 0.041
2621.76907 12.288 0.03
2623.72815 12.421 0.03
2625.72292 12.278 0.035
2630.79105 12.355 0.042
2634.7522 12.285 0.027
2636.76707 12.211 0.033
2638.75621 12.408 0.032
2640.75421 12.347 0.036
2642.79111 12.351 0.031
2644.73876 12.16 0.036
2646.71821 12.283 0.031
2649.70771 12.266 0.032
2651.68436 12.498 0.031
2653.67759 12.246 0.031
2657.66795 12.265 0.047
2659.67966 12.348 0.034
2661.67682 12.177 0.031
2663.67319 12.295 0.028
2665.66596 12.452 0.027
2667.66536 12.206 0.03
2669.65475 12.196 0.029
2671.6538 12.401 0.029
2673.64822 12.404 0.029
2675.63593 12.317 0.028
2677.61762 12.219 0.028
2679.60773 12.218 0.033
2681.59944 12.328 0.036
2685.62737 12.404 0.049
2689.60156 12.335 0.037
2691.59553 12.246 0.031
2693.60027 12.435 0.027
2695.59572 12.26 0.027
2695.62443 12.111 0.037
2697.59624 12.215 0.027
2699.59208 12.265 0.029
2703.58565 12.172 0.028
2705.57763 12.294 0.028
2707.57565 12.595 0.028
2712.51511 12.38 0.039
2714.52976 12.301 0.045
2717.52953 12.338 0.036
2720.52297 12.334 0.027
2722.52461 12.199 0.035
2724.52505 12.483 0.029
2728.52136 12.179 0.032
2730.51723 12.301 0.03
2734.50433 12.274 0.033
2740.48308 12.524 0.034
2742.48808 12.2 0.035
2751.49729 12.365 0.036
2754.50013 12.219 0.039
2756.50174 12.262 0.031
2761.482 12.311 0.027
2894.89887 12.364 0.038
2911.86468 12.327 0.033
2916.85768 12.297 0.031
2922.83757 12.216 0.04
2925.87974 12.243 0.033
2932.83246 12.248 0.029
2935.84072 12.271 0.039
2940.79616 12.209 0.034
2942.84607 12.274 0.028
2946.779 12.24 0.031
2948.83432 12.299 0.033
2951.81779 12.419 0.039
2958.84021 12.102 0.038
2964.78141 12.239 0.034
2967.77377 12.262 0.034
2970.81085 12.112 0.033
2973.78848 12.345 0.035
2975.74871 12.251 0.031
2977.73687 11.948 0.062
2979.75516 12.542 0.033
2981.76214 12.165 0.049
2985.76849 12.413 0.042
2987.80035 12.251 0.032
2990.71716 12.561 0.03
2992.75524 12.202 0.031
2994.72769 12.24 0.036
2995.69731 12.417 0.032
2997.73809 12.3 0.036
2998.76663 12.202 0.046
3000.74807 12.168 0.034
3007.65884 12.344 0.039
3015.79066 12.326 0.052
3028.75364 12.516 0.033
3031.60767 12.397 0.036
3033.64519 12.297 0.034
3035.63715 12.411 0.036
3043.60644 12.566 0.045
3045.62324 12.09 0.034
3048.60865 12.435 0.041
3050.70076 12.465 0.035
3053.60761 12.316 0.043
3055.66415 12.535 0.053
3057.67182 12.313 0.036
3060.57677 12.556 0.042
3062.59341 12.313 0.056
3067.54309 12.266 0.04
3071.59054 12.4 0.046
3073.62696 12.25 0.045
3076.59419 12.281 0.034
3078.5946 12.42 0.031
3085.5801 12.265 0.034
3089.60793 12.477 0.061
3096.5463 12.181 0.037
3098.58164 12.332 0.047
3101.52225 12.374 0.041
3103.53098 12.432 0.038
3105.53607 12.367 0.047
3107.54374 12.18 0.036
3109.55214 12.387 0.037
3112.48994 12.221 0.036
3114.51896 12.376 0.034
3122.51506 12.367 0.037
3125.51314 12.302 0.042
3128.49378 12.385 0.046
3131.48852 12.522 0.045
3134.48104 12.321 0.034
3142.46209 12.507 0.036
3270.89528 12.542 0.041
3279.8732 12.39 0.04
3355.71754 12.448 0.042
3357.72881 12.392 0.04
3358.70785 12.164 0.047
3362.70449 12.339 0.045
3385.63806 12.584 0.05
3385.74513 12.147 0.045
3387.73273 12.383 0.048
3389.68069 12.565 0.045
3389.75518 12.211 0.052
3389.7867 12.312 0.054
3395.64567 12.663 0.055
3397.68508 12.696 0.054
3399.72507 12.242 0.053
3400.66705 12.337 0.048
3404.73985 12.612 0.039
3409.61164 12.347 0.041
3411.65564 12.447 0.04
3413.70554 12.276 0.043
3415.72034 12.603 0.037
3426.60398 12.266 0.055
3428.60885 12.531 0.048
3430.6113 12.341 0.041
3432.61314 12.374 0.078
3434.6121 12.216 0.054
3437.60307 12.366 0.037
3443.62982 12.37 0.042
3445.61631 12.588 0.047
3450.5342 12.459 0.058
3453.52971 12.308 0.069
3455.53696 12.422 0.051
3457.5472 12.291 0.044
3459.55961 12.528 0.04
3461.59248 12.664 0.076
3464.51429 12.65 0.077
3466.54191 12.244 0.039
3469.54933 12.139 0.036
3471.55459 12.442 0.034
3477.47003 12.496 0.057
3479.54186 12.512 0.056
3482.49963 12.005 0.073
3491.48125 12.38 0.042
3495.49068 12.446 0.036
3499.48591 12.274 0.049
3504.45588 12.393 0.041
3631.89129 12.444 0.046
3641.87948 12.362 0.037
3646.88389 12.44 0.036
3650.80994 12.489 0.037
3650.8382 12.253 0.035
3650.86721 12.433 0.054
3650.87294 12.412 0.055
3654.86176 12.457 0.042
3657.87927 12.362 0.041
3660.86746 12.39 0.049
3664.84255 12.17 0.044
3670.82011 12.243 0.04
3673.85302 12.249 0.036
3677.82551 12.524 0.042
3701.76507 12.702 0.067
3704.75728 12.27 0.041
3707.74937 12.374 0.036
3711.79213 12.398 0.039
3714.71937 12.439 0.037
3717.72873 12.202 0.049
3722.75136 12.423 0.059
3725.75534 12.498 0.048
3728.696 12.257 0.052
3731.82529 12.089 0.05
3734.72458 12.239 0.063
3737.69176 12.318 0.036
3739.74465 12.36 0.048
3742.66842 12.367 0.038
3744.75403 12.491 0.049
3750.6743 12.339 0.053
3752.79348 12.318 0.056
3755.62289 12.513 0.044
3757.68377 12.346 0.048
3759.74342 12.313 0.05
3762.66129 12.301 0.056
3764.77298 12.344 0.05
3767.63421 12.699 0.048
3769.73334 12.401 0.052
3772.59259 12.645 0.046
3777.59922 12.326 0.053
3779.62082 12.547 0.061
3788.59586 12.302 0.052
3790.65327 12.66 0.06
3793.60551 12.687 0.058
3795.65127 12.43 0.044
3797.65782 12.236 0.049
3800.56587 12.452 0.055
3804.5238 12.208 0.057
3806.54621 12.408 0.057
3809.57002 12.432 0.057
3811.58748 12.286 0.055
3813.60734 12.543 0.063
3816.55066 12.27 0.044
3818.58311 12.704 0.046
3820.59863 12.187 0.048
3823.53742 12.683 0.057
3825.56811 12.548 0.063
3832.48215 11.995 0.056
3834.51898 12.407 0.055
3836.5288 12.27 0.058
3849.49737 12.458 0.054
3851.51963 12.29 0.049
3854.4877 12.412 0.04
3862.47428 12.662 0.048
3865.46813 12.694 0.054
3868.47522 12.828 0.055
3872.45399 12.103 0.047
4091.69658 12.526 0.046
4091.71873 12.481 0.044
4105.70261 12.223 0.052
4105.74868 12.269 0.054
4107.69658 12.356 0.04
4107.71964 12.308 0.041
4111.74267 12.265 0.039
4111.7656 12.261 0.057
4125.75363 12.32 0.058
4127.70121 12.4 0.037
4127.71447 12.509 0.04
4132.62854 12.439 0.051
4133.64823 12.549 0.066
4135.67087 12.523 0.06
4136.67124 12.402 0.053
4137.67334 12.28 0.045
4146.60208 12.276 0.041
4147.59884 12.261 0.042
4149.70775 12.376 0.065
4150.67076 12.137 0.052
4152.55911 12.27 0.04
4154.59391 12.528 0.04
4154.69981 12.323 0.049
4156.63326 12.24 0.046
4159.66643 12.24 0.048
4160.57635 12.327 0.047
4161.66496 12.301 0.052
4162.58044 12.376 0.051
4164.56172 12.23 0.061
4164.60057 12.435 0.058
4166.637 12.396 0.07
4172.60701 12.222 0.058
4172.62 12.152 0.056
4174.61735 12.618 0.049
4174.62959 12.407 0.045
4176.62713 12.45 0.053
4180.57199 12.323 0.045
4182.59242 12.721 0.043
4182.60087 12.458 0.048
4188.59683 12.504 0.047
4188.60631 12.403 0.047
4190.60632 12.373 0.053
4191.50835 12.277 0.045
4192.60905 12.383 0.051
4193.53215 12.353 0.048
4197.51667 12.328 0.049
4200.52113 12.324 0.069
4201.54677 12.219 0.043
4203.52026 12.558 0.051
4204.54538 12.245 0.043
4216.52828 12.58 0.046
4216.53151 12.472 0.045
4228.47938 12.381 0.042
4228.48256 12.291 0.044
4230.49561 12.626 0.044
4231.46293 12.324 0.04
4233.48248 12.27 0.04
4234.45961 12.413 0.045
4235.4863 12.43 0.043
4363.8948 12.429 0.047
4365.89361 12.267 0.043
4368.88152 12.431 0.047
4372.8727 12.347 0.058
4373.8871 12.17 0.052
4379.87535 12.14 0.051
4383.85729 12.246 0.044
4387.85547 12.232 0.048
4402.87136 12.334 0.05
4408.81981 12.13 0.05
4409.82536 12.783 0.045
4412.85473 12.412 0.047
4413.82611 12.346 0.048
4420.83857 12.305 0.072
4420.85833 13.058 0.075
4423.80051 12.346 0.052
4423.81891 12.195 0.059
4427.78025 12.403 0.051
4427.79788 12.367 0.056
4430.79528 12.246 0.059
4432.80534 12.615 0.048
4433.82666 12.25 0.05
4435.75923 12.57 0.038
4436.77882 12.352 0.041
4438.74739 12.332 0.047
4439.7665 12.245 0.049
4441.73645 12.277 0.038
4452.73661 12.119 0.068
4453.70695 12.65 0.044
4460.73204 12.427 0.054
4461.74924 12.131 0.048
4463.67886 12.373 0.041
4464.69754 12.392 0.049
4465.73227 12.291 0.075
4470.69695 12.36 0.043
4470.7844 12.607 0.066
4473.74559 12.21 0.053
4474.67164 12.356 0.051
4476.75234 11.945 0.078
4477.69918 12.24 0.062
4479.65708 12.473 0.044
4479.78309 12.451 0.063
4482.67716 12.534 0.05
4482.73414 12.457 0.048
4487.65711 12.437 0.073
4489.68329 10.91 0.047
4490.69402 12.166 0.047
4491.70743 12.454 0.046
4492.71492 12.348 0.042
4493.72981 12.217 0.042
4494.73421 12.553 0.044
4497.61677 12.321 0.044
4498.69051 12.166 0.05
4499.7229 12.425 0.048
4503.6269 12.417 0.046
4504.70424 12.281 0.064
4505.74092 12.287 0.055
4507.60013 12.821 0.06
4508.62352 12.375 0.058
4509.68465 12.503 0.06
4510.64005 12.194 0.062
4515.66584 12.394 0.061
4517.63002 12.359 0.045
4517.72679 12.512 0.061
4519.63824 13.078 0.057
4520.58349 12.286 0.045
4521.6565 12.436 0.042
4522.59659 12.239 0.06
4523.66909 12.405 0.045
4526.57361 12.374 0.065
4526.63772 12.174 0.062
4528.61792 12.349 0.055
4528.68357 12.466 0.065
4531.58462 12.268 0.053
4531.59068 12.333 0.05
4537.53343 12.534 0.047
4537.53938 12.538 0.046
4542.50336 12.407 0.061
4543.52627 12.445 0.065
4546.56918 12.13 0.066
4547.57989 12.512 0.063
4548.57025 12.388 0.058
4553.60099 12.491 0.042
4554.59318 12.056 0.055
4556.52266 12.354 0.059
4556.60621 12.423 0.061
4558.54553 12.658 0.05
4558.60778 12.256 0.044
4561.53013 12.404 0.05
4561.5723 12.345 0.053
4563.56542 12.407 0.051
4563.59263 12.36 0.052
4566.53073 12.374 0.06
4569.48339 12.463 0.063
4571.52834 12.271 0.054
4572.54235 12.486 0.055
4574.50564 12.545 0.06
4574.56568 12.325 0.062
