1868.78842 11.674 0.045
1868.78842 12.215 0.045
1869.78576 11.582 0.049
1869.78576 12.098 0.049
1872.74151 11.683 0.059
1873.81304 11.792 0.051
1873.81304 12.323 0.051
1881.76103 11.935 0.036
1885.76011 12.063 0.037
1886.76468 12.091 0.033
1887.75294 12.063 0.04
1888.7476 12.201 0.043
1889.76948 12.187 0.043
1899.71663 12.378 0.032
1899.71663 12.415 0.032
1900.72356 12.41 0.034
1900.72356 12.609 0.034
1902.70591 12.487 0.035
1902.70591 12.549 0.035
1903.73103 12.424 0.036
1904.70084 12.516 0.04
1904.70084 12.608 0.04
1905.71229 12.614 0.034
1905.71229 12.622 0.034
1906.70097 12.552 0.038
1906.70097 12.634 0.038
1907.70797 12.499 0.036
1908.70023 12.571 0.035
1914.69093 12.597 0.037
1914.69093 12.713 0.037
1915.6882 12.667 0.042
1915.6882 12.716 0.042
1918.6698 12.676 0.04
1919.68371 12.626 0.039
1919.68371 12.997 0.039
1920.67838 12.772 0.036
1921.67841 12.568 0.037
1921.67841 13.045 0.037
1922.67625 12.693 0.034
1923.6686 12.616 0.03
1923.6686 12.961 0.03
1924.66596 12.769 0.048
1925.66671 12.581 0.032
1925.66671 13.049 0.032
1926.66083 12.637 0.034
1929.65774 12.692 0.032
1929.65774 13.142 0.032
1930.65581 12.677 0.033
1931.65085 12.764 0.036
1932.65241 12.702 0.032
1933.64731 12.634 0.035
1934.64518 12.725 0.033
1936.62728 12.621 0.034
1936.62728 13.196 0.034
1938.62215 12.643 0.034
1940.63065 12.591 0.035
1948.58942 12.73 0.036
1949.65552 12.578 0.037
1981.58727 12.509 0.064
2026.52902 12.361 0.033
2026.52902 12.657 0.033
2055.45607 11.392 0.052
2055.45607 9.951 0.052
2144.92247 8.952 0.064
2167.87858 10.23 0.05
2171.89793 10.202 0.051
2173.88676 10.109 0.05
2184.84044 10.667 0.046
2186.8504 10.639 0.04
2188.867 10.654 0.051
2190.83704 10.843 0.043
2190.83704 12.102 0.043
2194.8146 11.015 0.049
2198.83951 11.1 0.048
2200.84504 11.23 0.045
2200.84504 12.424 0.045
2202.83032 11.243 0.049
2202.83032 12.047 0.049
2212.80568 11.601 0.05
2214.79784 11.611 0.053
2216.78465 11.819 0.055
2221.81635 11.922 0.063
2224.7978 11.962 0.047
2224.7978 12.517 0.047
2226.77037 12.064 0.051
2229.78001 12.147 0.052
2229.78001 12.556 0.052
2232.77659 12.282 0.049
2232.77659 12.784 0.049
2236.75098 12.55 0.05
2236.75098 12.66 0.05
2244.73656 12.455 0.068
2244.73656 12.737 0.068
2253.74593 12.647 0.069
2255.74442 12.62 0.068
2520.89956 11.68 0.035
2545.83255 12.537 0.042
2545.83255 12.546 0.035
2557.82125 12.133 0.049
2559.84281 12.542 0.027
2559.84281 12.586 0.027
2561.85798 12.78 0.027
2561.85798 12.879 0.027
2565.84128 12.764 0.023
2565.84128 13.018 0.023
2578.82035 12.74 0.046
2621.78864 12.774 0.026
2621.78864 13.57 0.026
2623.74087 12.775 0.022
2623.74087 13.284 0.022
2625.7334 12.766 0.023
2625.7334 13.675 0.023
2631.84056 12.82 0.032
2635.69428 12.797 0.025
2637.70628 12.828 0.03
2637.70628 13.249 0.03
2639.7052 12.735 0.021
2641.70568 12.769 0.024
2643.71523 12.81 0.028
2643.71523 13.387 0.028
2645.6995 12.765 0.029
2645.6995 13.481 0.029
2652.67882 12.754 0.034
2652.67882 13.352 0.034
2654.68009 12.939 0.029
2654.68009 13.214 0.029
2659.74134 12.757 0.028
2659.74134 13.167 0.028
2661.73849 12.833 0.041
2661.73849 13.113 0.041
2663.7349 12.712 0.033
2667.72719 12.884 0.031
2667.72719 12.888 0.031
2669.71656 12.754 0.023
2671.71565 12.688 0.033
2671.71565 12.974 0.033
2673.71143 12.789 0.025
2673.71143 12.856 0.025
2675.69785 12.772 0.025
2675.69785 12.853 0.025
2677.67521 12.69 0.028
2677.67521 12.774 0.028
2679.6281 12.581 0.037
2679.6281 12.595 0.037
2679.64444 12.686 0.032
2679.64444 12.755 0.032
2681.63186 12.644 0.068
2681.63186 12.702 0.068
2683.63049 12.473 0.029
2683.63049 12.489 0.029
2685.62927 12.632 0.041
2685.62927 12.814 0.041
2689.63216 12.351 0.036
2689.63216 12.729 0.036
2691.62617 12.535 0.039
2691.62617 12.883 0.039
2693.63852 12.058 0.029
2693.63852 12.405 0.029
2695.62643 11.847 0.03
2695.62643 12.392 0.03
2697.63252 11.664 0.029
2697.63252 12.203 0.029
2699.62283 11.511 0.031
2701.62077 11.272 0.034
2703.61647 11.094 0.023
2703.61647 11.996 0.023
2705.60856 10.898 0.034
2707.60665 10.647 0.024
2707.60665 11.27 0.024
2709.59084 10.435 0.032
2711.59262 10.212 0.033
2713.60472 10.02 0.031
2715.60937 9.901 0.04
2719.53244 9.562 0.03
2721.57286 9.417 0.042
2723.57475 9.323 0.031
2727.56486 9.09 0.035
2729.5628 8.973 0.036
2733.55043 8.772 0.04
2735.5459 8.725 0.033
2737.53764 8.656 0.033
2739.56014 8.625 0.038
2741.53519 8.53 0.042
2743.53268 8.526 0.034
2745.54271 8.514 0.037
2750.52151 8.521 0.038
2752.52083 8.451 0.033
2755.51854 8.465 0.029
2757.51529 8.513 0.036
2761.52947 8.5 0.029
2763.52582 8.517 0.029
2766.52081 8.549 0.033
2770.5218 8.605 0.03
2775.52158 8.705 0.034
2783.465 8.908 0.031
2785.47127 8.983 0.03
2787.47105 9.05 0.026
2791.46589 9.228 0.055
2794.46 9.326 0.034
2797.46189 9.444 0.043
2886.89935 12.476 0.029
2886.89935 12.521 0.029
2894.88429 12.543 0.033
2894.88429 12.69 0.033
2897.89072 12.578 0.03
2900.88645 12.46 0.036
2906.88822 12.791 0.024
2910.88578 12.766 0.025
2910.88578 13.207 0.025
2916.84069 12.756 0.023
2922.82519 12.756 0.03
2925.86726 12.673 0.03
2927.85948 12.671 0.028
2927.85948 13.388 0.028
2930.85791 12.781 0.029
2930.85791 12.933 0.029
2933.84895 12.78 0.027
2940.79964 12.875 0.025
2942.83802 12.728 0.038
2944.84163 12.484 0.044
2951.80687 12.828 0.027
2951.80687 13.565 0.027
2955.78397 12.706 0.028
2955.78397 13.406 0.028
2958.80313 12.754 0.028
2961.8212 12.606 0.042
2964.79716 12.765 0.031
2971.75342 12.694 0.038
2974.76732 12.6 0.03
2976.76267 12.718 0.033
2978.76528 12.714 0.03
2980.77182 12.591 0.037
2980.77182 12.7 0.037
2982.7798 12.644 0.042
2985.73516 12.519 0.034
2985.73516 12.708 0.034
2987.78358 12.556 0.029
2990.72664 12.616 0.029
2990.72664 12.638 0.029
2992.76712 12.554 0.027
2995.71632 12.542 0.027
2997.76489 12.418 0.026
3007.67539 12.023 0.028
3009.72587 11.937 0.034
3011.73048 11.743 0.034
3013.7851 11.692 0.037
3016.75441 11.389 0.028
3018.75936 11.156 0.031
3023.6981 10.48 0.03
3030.71358 9.609 0.027
3032.77511 9.386 0.031
3035.60566 9.198 0.029
3042.6362 8.898 0.034
3044.66633 8.862 0.035
3046.77122 8.834 0.03
3049.67949 8.822 0.028
3052.64872 8.839 0.029
3054.67882 8.855 0.029
3056.71571 8.887 0.031
3059.60166 8.86 0.034
3061.65039 8.867 0.057
3066.72691 8.905 0.032
3068.65238 8.88 0.031
3070.68019 8.893 0.033
3073.60044 8.888 0.031
3075.63179 8.92 0.028
3077.65956 8.893 0.027
3079.67332 8.93 0.03
3081.68889 8.92 0.029
3086.51343 8.827 0.034
3088.55605 8.797 0.035
3090.55177 8.726 0.047
3092.56441 8.714 0.026
3096.56552 8.68 0.048
3098.59808 8.617 0.036
3100.60297 8.638 0.031
3102.60969 8.642 0.032
3104.62083 8.668 0.032
3106.61511 8.678 0.031
3109.51473 8.751 0.027
3111.52107 8.8 0.032
3113.54591 8.81 0.03
3115.56236 8.857 0.031
3121.53567 9.115 0.026
3123.55783 9.194 0.027
3126.52468 9.344 0.033
3128.55268 9.405 0.035
3131.49489 9.612 0.031
3133.51342 9.682 0.031
3144.4646 10.27 0.034
3154.45915 10.718 0.026
3158.45786 10.883 0.035
3162.45929 11.022 0.034
3273.88187 12.578 0.036
3273.88187 12.681 0.036
3277.86765 12.532 0.036
3296.84536 11.97 0.037
3356.73209 7.833 0.068
3362.72212 7.451 0.071
3372.73743 7.215 0.091
3372.73743 7.244 0.091
3380.84512 7.422 0.036
3383.77538 7.44 0.074
3386.79516 7.445 0.098
3389.64051 7.668 0.038
3391.67307 7.641 0.051
3395.74849 7.803 0.054
3397.78246 7.906 0.073
3399.75086 7.903 0.048
3403.64956 8.017 0.053
3405.66614 8.066 0.092
3407.68355 8.126 0.048
3409.70366 8.182 0.078
3411.77003 8.22 0.054
3413.77727 8.325 0.067
3416.5583 8.5 0.08
3418.60064 8.53 0.071
3422.61944 8.803 0.046
3426.64911 8.835 0.059
3430.65883 9.022 0.045
3432.6571 12.242 0.09
3432.6571 9.097 0.09
3434.6521 12.404 0.11
3434.6521 9.064 0.11
3438.54618 9.335 0.042
3440.65279 9.403 0.05
3443.68945 10.274 0.071
3443.68945 9.609 0.071
3445.67789 12.815 0.093
3445.67789 9.683 0.093
3447.67688 9.58 0.068
3450.51561 9.745 0.078
3452.65912 9.792 0.081
3455.52645 10.006 0.054
3455.52645 10.948 0.054
3457.54295 10.096 0.071
3457.54295 10.648 0.071
3459.54845 10.099 0.07
3463.57969 10.099 0.048
3465.62056 10.187 0.062
3468.61152 10.334 0.048
3471.51336 10.47 0.058
3471.51336 10.828 0.058
3473.52398 10.487 0.06
3475.56545 10.564 0.075
3475.56545 11.333 0.075
3477.58702 10.616 0.048
3477.58702 11.366 0.048
3480.52546 10.633 0.069
3489.55351 10.906 0.053
3491.56931 11.097 0.075
3491.56931 12.397 0.075
3497.48356 11.279 0.064
3500.48958 11.307 0.037
3500.48958 12.034 0.037
3502.51616 11.426 0.064
3513.48882 11.771 0.04
3520.45226 11.974 0.097
3523.45577 12.188 0.072
3523.45577 12.633 0.072
3528.4502 12.483 0.087
3528.4502 12.571 0.087
3630.90236 12.3 0.037
3630.90236 12.556 0.037
3636.88379 12.027 0.038
3636.88379 12.324 0.038
3640.88498 11.804 0.043
3644.88491 11.574 0.036
3650.84991 10.951 0.037
3653.86457 10.658 0.045
3653.86457 11.912 0.045
3656.87125 10.257 0.038
3660.83634 9.881 0.044
3664.82707 9.391 0.04
3668.86375 8.972 0.036
3672.82168 8.493 0.035
3700.78033 7.749 0.042
3703.78616 7.712 0.047
3706.76975 7.765 0.035
3711.79921 7.896 0.043
3717.74255 7.956 0.071
3719.80013 8.053 0.063
3722.72285 8.168 0.044
3725.76637 8.315 0.04
3728.71157 8.385 0.045
3732.69509 8.598 0.042
3735.70984 8.851 0.072
3740.72497 8.958 0.04
3743.67067 9.003 0.066
3745.73447 9.187 0.078
3748.6517 9.321 0.044
3750.69869 9.475 0.072
3753.68996 10.214 0.082
3753.68996 9.629 0.082
3755.73533 9.582 0.039
3757.77209 9.672 0.069
3760.64724 9.799 0.078
3762.74234 9.905 0.05
3765.63017 10.006 0.094
3767.76074 10.163 0.072
3770.58887 10.298 0.063
3772.66683 10.365 0.052
3772.66683 11.224 0.052
3774.77286 10.455 0.064
3777.58417 10.631 0.059
3779.61839 10.638 0.086
3787.5988 11.09 0.087
3787.5988 12.04 0.087
3789.66149 10.954 0.066
3791.69344 12.421 0.079
3791.69344 12.532 0.079
3793.69852 11.231 0.069
3796.58659 11.264 0.062
3798.63087 11.407 0.081
3800.63534 11.511 0.089
3803.60979 11.468 0.083
3805.63425 11.574 0.085
3808.64875 11.755 0.068
3808.64875 12.299 0.068
3810.65222 11.823 0.038
3812.65562 11.933 0.068
3812.65562 12.669 0.068
3814.65146 11.922 0.057
3817.56052 12.079 0.068
3817.56052 12.73 0.068
3819.59602 12.093 0.092
3819.59602 12.607 0.092
3821.63623 12.284 0.085
3821.63623 12.608 0.085
3823.66072 12.345 0.041
3826.50476 12.393 0.045
3828.56152 12.403 0.045
3828.56152 12.757 0.045
3830.61315 12.555 0.059
3832.62933 12.648 0.05
3832.62933 12.753 0.05
3834.62193 12.7 0.061
3837.49631 12.578 0.072
3848.4886 12.791 0.037
3848.4886 13.047 0.037
3850.52151 12.96 0.047
3852.52728 12.732 0.08
3852.52728 13.219 0.08
3854.53386 12.797 0.052
3854.53386 13.092 0.052
3860.50449 12.785 0.059
3860.50449 13.22 0.059
3862.50274 12.76 0.062
3862.50274 13.214 0.062
3864.53039 12.756 0.045
3864.53039 13.473 0.045
3867.51992 12.826 0.049
3867.51992 13.447 0.049
3870.47083 12.755 0.068
3872.49545 12.828 0.078
3876.4998 12.784 0.059
3883.47387 12.859 0.046
3896.45415 12.856 0.042
4090.71866 10.718 0.037
4104.78329 11.102 0.061
4106.7994 11.175 0.059
4111.70915 11.444 0.078
4126.74296 11.86 0.038
4128.76985 11.818 0.056
4133.5996 11.994 0.069
4135.63934 12.094 0.036
4135.63934 12.547 0.036
4137.64654 12.133 0.04
4145.77312 12.368 0.067
4145.77312 12.674 0.067
4149.66425 12.678 0.05
4149.66425 12.696 0.05
4151.70023 12.521 0.044
4151.70023 12.654 0.044
4153.67579 12.695 0.071
4153.67579 12.755 0.071
4155.6924 12.535 0.055
4155.6924 12.632 0.055
4158.58773 12.687 0.071
4158.58773 12.704 0.071
4160.62911 12.581 0.046
4162.62237 12.675 0.066
4162.62237 12.722 0.066
4164.63692 12.7 0.098
4164.63692 13.003 0.098
4167.58759 12.787 0.087
4172.64081 12.561 0.055
4172.64081 12.562 0.055
4174.65276 12.67 0.052
4174.65276 12.717 0.052
4176.68018 12.632 0.059
4179.67019 12.629 0.068
4181.68152 12.768 0.046
4184.52171 12.819 0.063
4184.52171 13.376 0.063
4188.56538 12.657 0.041
4188.56538 12.951 0.041
4190.5608 12.764 0.064
4192.57006 12.652 0.057
4197.60639 12.791 0.064
4205.59631 12.816 0.048
4213.56921 12.942 0.053
4227.48401 12.577 0.043
4229.50783 12.755 0.034
4231.51587 12.69 0.044
4231.51587 13.24 0.044
4233.51726 12.573 0.051
4235.5201 12.605 0.064
4238.51193 12.483 0.056
4246.48434 12.527 0.05
4249.47214 12.731 0.053
4249.47214 12.903 0.053
4256.45411 12.455 0.043
4258.46391 12.467 0.039
4258.46391 12.586 0.039
4343.91787 7.777 0.054
4348.91342 7.773 0.041
4358.90694 7.859 0.044
4363.88085 7.943 0.047
4363.89655 7.995 0.044
4367.89599 8.011 0.042
4368.8894 8.05 0.045
4371.88286 8.136 0.041
4376.87023 8.264 0.047
4380.85346 8.373 0.047
4384.84882 8.501 0.05
4384.86335 8.539 0.046
4388.86594 8.678 0.043
4402.86016 9.372 0.039
4409.83673 9.651 0.044
4413.8359 9.841 0.046
4420.85283 10.127 0.057
4423.81182 10.235 0.038
4427.79462 10.371 0.039
4430.78605 10.497 0.049
4433.77627 10.627 0.038
4436.7733 10.706 0.036
4439.7601 10.784 0.042
4460.69536 11.525 0.04
4462.77016 11.528 0.039
4465.6912 11.682 0.05
4467.79447 11.727 0.07
4470.69222 11.803 0.037
4473.74234 11.911 0.07
4479.65393 12.073 0.046
4482.6799 12.261 0.073
4482.6799 12.688 0.073
4485.68427 12.373 0.081
4485.68427 12.494 0.081
4487.71744 12.449 0.069
4487.71744 12.523 0.069
4489.76449 12.376 0.057
4489.76449 12.384 0.057
4492.62235 12.485 0.04
4492.62235 12.565 0.04
4494.66163 12.452 0.057
4497.78387 12.542 0.046
4497.78387 12.683 0.046
4500.59402 12.672 0.047
4500.59402 12.823 0.047
4505.60465 12.696 0.043
4507.66181 12.729 0.067
4509.74116 12.812 0.07
4512.58789 12.925 0.064
4512.58789 13.02 0.064
4515.70203 12.644 0.051
4517.75244 12.664 0.066
4520.58573 12.702 0.061
4520.58573 13.038 0.061
4522.59889 12.575 0.059
4524.6037 12.736 0.04
4524.6037 13.39 0.04
4526.64002 12.691 0.055
4528.69863 12.814 0.068
4528.69863 13.422 0.068
4531.59305 12.769 0.058
4537.54266 12.79 0.064
4539.56917 12.774 0.074
4541.59468 12.815 0.059
4543.61461 12.781 0.061
4547.65533 12.708 0.064
4557.54752 12.683 0.051
4559.59599 12.647 0.051
4562.5218 12.608 0.04
4564.56908 12.69 0.051
4564.56908 13.124 0.051
4566.57428 12.629 0.062
4568.60224 12.703 0.057
4568.60224 12.986 0.057
4570.58716 12.647 0.048
4572.59795 12.689 0.057
4575.53519 12.563 0.049
