1868.78915 12.286 0.032
1869.78652 12.437 0.032
1871.74405 12.954 0.035
1872.8283 12.636 0.03
1873.80038 12.328 0.034
1874.73348 12.589 0.035
1875.85206 12.653 0.033
1877.7237 12.454 0.031
1878.81063 12.263 0.033
1880.80063 12.674 0.037
1881.76612 12.678 0.029
1884.75236 12.798 0.028
1886.78139 12.798 0.028
1887.7557 12.228 0.031
1888.75291 12.494 0.032
1889.75923 12.811 0.038
1899.70887 12.858 0.031
1900.71814 12.657 0.031
1902.70865 12.457 0.028
1903.73649 12.663 0.029
1904.71313 13.02 0.029
1905.71283 12.54 0.031
1906.70373 12.286 0.031
1907.70854 12.436 0.029
1908.70536 12.802 0.027
1913.66652 13.009 0.027
1913.68437 12.541 0.027
1914.69378 12.758 0.029
1915.69791 12.215 0.028
1918.66659 12.679 0.035
1918.67266 12.83 0.033
1919.70291 12.777 0.032
1920.6836 12.302 0.031
1921.6791 12.522 0.03
1922.67919 12.788 0.028
1923.67382 12.834 0.051
1924.66892 12.525 0.037
1925.67195 12.346 0.029
1926.67067 12.519 0.026
1928.67021 12.544 0.027
1929.66303 12.368 0.027
1930.66562 12.313 0.027
1931.65622 12.73 0.034
1932.65329 12.751 0.027
1933.65267 12.687 0.027
1934.65056 12.34 0.026
1935.58365 12.533 0.025
1935.59705 12.453 0.026
1937.61857 12.815 0.026
1937.6348 13.048 0.027
1938.6378 12.99 0.026
1938.65187 12.48 0.028
1939.69798 12.464 0.028
1941.60968 12.678 0.027
1945.6133 12.708 0.03
1945.63344 12.67 0.029
1946.63689 12.823 0.032
1947.64637 12.987 0.032
1949.60652 12.413 0.032
1950.60705 12.679 0.03
1952.60024 12.754 0.033
1953.61144 12.326 0.033
1954.60603 12.434 0.043
1955.60013 12.639 0.04
1958.59042 12.234 0.037
1959.59068 12.721 0.036
1959.60692 12.682 0.038
1961.58232 13.094 0.037
1961.59403 12.78 0.037
1963.56314 12.316 0.04
1963.57717 12.333 0.041
1964.58486 12.896 0.037
1965.55416 13.515 0.034
1965.58252 12.847 0.038
1966.58439 12.911 0.042
1967.55334 12.755 0.04
1967.57878 12.402 0.042
1968.57635 12.405 0.043
1977.55093 13.03 0.052
1977.71941 12.509 0.058
1979.56148 12.893 0.054
1981.54879 12.448 0.049
2026.49371 12.806 0.028
2026.51337 12.908 0.027
2031.48365 12.761 0.033
2031.50805 12.712 0.032
2033.50895 12.318 0.031
2058.45389 12.701 0.033
2070.4511 12.577 0.034
2131.9294 12.712 0.04
2134.93096 12.583 0.041
2144.91642 12.668 0.04
2167.85336 12.791 0.042
2171.87303 12.56 0.043
2173.85477 12.801 0.038
2183.86738 12.384 0.041
2185.82357 12.602 0.042
2189.86339 12.395 0.041
2191.82337 12.892 0.04
2193.82614 12.318 0.038
2196.8071 12.875 0.059
2199.82501 12.486 0.044
2201.82794 12.762 0.039
2212.77308 12.345 0.045
2213.81996 12.476 0.047
2215.78734 12.876 0.047
2217.76836 12.375 0.046
2221.78326 12.288 0.05
2222.85249 12.499 0.054
2225.74157 12.6 0.045
2227.76306 12.524 0.051
2230.74404 12.549 0.057
2232.79159 12.557 0.047
2233.84254 12.769 0.053
2235.71828 12.408 0.052
2237.82082 12.656 0.057
2239.78501 12.971 0.055
2241.79264 12.47 0.055
2498.93061 13.312 0.064
2502.91963 13.172 0.039
2520.89241 12.814 0.036
2545.8277 12.723 0.037
2545.8277 12.742 0.033
2557.80925 12.755 0.036
2558.83229 12.934 0.032
2559.82567 12.823 0.027
2561.83161 12.545 0.029
2565.82912 12.336 0.028
2577.78603 12.901 0.025
2621.79605 12.448 0.027
2623.7505 12.659 0.03
2625.7362 12.858 0.029
2628.70224 12.829 0.048
2628.70224 12.842 0.045
2631.8278 12.423 0.054
2631.84337 12.312 0.042
2635.69708 12.604 0.025
2637.7091 12.587 0.023
2639.71257 12.774 0.024
2641.72022 12.23 0.025
2643.73197 12.7 0.026
2645.71383 12.329 0.024
2647.69891 12.853 0.025
2650.67308 12.254 0.023
2652.6681 12.715 0.03
2652.69317 12.646 0.025
2657.72106 12.974 0.029
2659.74895 12.324 0.027
2661.74613 12.629 0.027
2663.74257 12.72 0.025
2665.73425 12.466 0.026
2669.72438 12.344 0.032
2671.72347 12.77 0.026
2673.71929 12.357 0.025
2675.70578 12.659 0.027
2677.68781 12.799 0.03
2679.63388 12.544 0.033
2680.80218 12.565 0.028
2680.83219 12.842 0.031
2683.76907 12.373 0.027
2683.80455 12.425 0.029
2685.68334 12.681 0.034
2689.64485 12.602 0.027
2689.6521 12.587 0.028
2690.79458 12.901 0.04
2693.52583 12.255 0.023
2693.55528 12.344 0.029
2694.78687 12.815 0.026
2695.56673 13.109 0.03
2696.75288 12.808 0.028
2699.52635 12.59 0.024
2699.56823 12.876 0.025
2701.5662 12.621 0.023
2703.55926 12.493 0.023
2703.57631 12.429 0.029
2705.56838 12.998 0.024
2707.54937 12.293 0.022
2707.56649 12.407 0.028
2709.54986 12.846 0.024
2709.56018 13.168 0.025
2711.55659 12.273 0.024
2711.56455 12.45 0.032
2713.56871 12.666 0.026
2713.57669 12.793 0.032
2715.56401 12.645 0.027
2715.57203 12.699 0.035
2715.57203 13.145 0.035
2717.72906 12.446 0.044
2718.55451 12.832 0.027
2720.58712 12.624 0.052
2720.65025 12.513 0.028
2722.58409 12.603 0.042
2722.60879 12.457 0.027
2724.5821 12.896 0.043
2724.60673 12.855 0.024
2726.58044 12.297 0.033
2726.60505 12.457 0.027
2728.57162 12.805 0.033
2730.56756 12.283 0.041
2730.59217 12.398 0.03
2733.61625 12.873 0.027
2733.63851 12.815 0.027
2735.60937 12.284 0.027
2735.63417 12.229 0.026
2737.5966 12.747 0.03
2737.62132 12.796 0.027
2739.59794 12.475 0.028
2739.61107 12.297 0.03
2741.57037 12.52 0.025
2741.58117 12.685 0.03
2742.65805 12.763 0.03
2743.58872 12.847 0.031
2744.59232 12.217 0.032
2745.59631 12.583 0.053
2746.60341 12.984 0.04
2750.6068 12.623 0.029
2752.53727 12.992 0.026
2752.57125 12.817 0.029
2755.53281 12.652 0.029
2755.56145 12.563 0.025
2757.52962 12.872 0.026
2757.55825 12.883 0.025
2759.58558 12.352 0.028
2761.53968 13.019 0.025
2761.56135 12.766 0.026
2763.53608 12.271 0.026
2763.55774 12.401 0.028
2766.52848 12.81 0.028
2766.54766 12.897 0.027
2770.52957 12.777 0.029
2770.5487 12.855 0.031
2776.47541 12.933 0.03
2783.47769 12.404 0.024
2783.48302 12.544 0.025
2785.48397 12.793 0.026
2785.48928 12.841 0.025
2787.48379 12.229 0.026
2787.48907 12.285 0.027
2790.52474 12.789 0.034
2791.47636 12.47 0.033
2793.45545 12.632 0.028
2794.47053 12.87 0.029
2796.46407 12.29 0.029
2797.47023 12.629 0.05
2812.46653 12.726 0.027
2877.91624 12.757 0.035
2885.90522 12.373 0.029
2893.90555 12.915 0.04
2896.89567 12.617 0.031
2905.89394 12.551 0.026
2905.89617 12.391 0.029
2905.89839 12.341 0.029
2908.87282 12.567 0.041
2910.85729 12.488 0.029
2911.84802 12.923 0.027
2912.87918 13.008 0.031
2915.88419 12.784 0.032
2924.85765 12.553 0.033
2924.86612 12.66 0.028
2927.83514 12.618 0.027
2930.84967 12.804 0.026
2932.84257 12.354 0.027
2933.84359 12.504 0.026
2940.77697 12.869 0.026
2942.80373 12.37 0.033
2942.82333 12.319 0.025
2947.79317 12.356 0.03
2947.79317 12.372 0.039
2951.79081 12.284 0.03
2954.84094 12.911 0.055
2957.81545 12.699 0.035
2961.76505 12.283 0.026
2962.77574 12.625 0.033
2964.7908 12.772 0.03
2965.77363 12.371 0.034
2968.76499 13.321 0.031
2974.74785 12.578 0.03
2974.78049 12.716 0.032
2976.7659 12.563 0.029
2978.77099 12.817 0.034
2980.76307 12.364 0.029
2980.77266 12.411 0.03
2983.74371 12.577 0.032
2986.73077 12.894 0.046
2988.81189 12.938 0.034
2990.71239 12.599 0.027
2991.72594 12.634 0.028
2994.71801 12.317 0.034
2995.68722 12.541 0.028
2996.77169 13.002 0.038
2998.76918 12.331 0.034
3000.74833 12.62 0.03
3001.754 12.908 0.026
3006.68832 12.775 0.03
3007.65416 12.746 0.029
3008.72586 12.442 0.029
3009.71192 12.505 0.034
3013.75566 12.214 0.032
3016.67462 12.598 0.029
3016.73296 12.715 0.029
3018.70599 12.522 0.027
3018.73109 12.439 0.032
3023.67343 12.403 0.028
3023.69909 12.482 0.029
3028.68655 12.495 0.028
3030.72317 13.037 0.03
3033.61579 12.597 0.033
3034.64584 13.266 0.039
3035.65674 12.734 0.031
3036.71976 12.388 0.029
3039.65967 13.348 0.034
3040.72264 12.729 0.041
3042.65403 12.813 0.037
3043.64672 12.872 0.039
3044.6779 12.876 0.028
3045.67524 12.572 0.031
3047.63391 12.606 0.03
3048.64856 13.002 0.039
3050.61077 12.364 0.027
3051.60735 12.416 0.03
3052.72226 12.713 0.037
3053.65796 13.63 0.065
3055.70483 12.337 0.032
3057.58847 12.659 0.043
3057.73901 12.643 0.044
3059.65225 12.681 0.029
3060.58901 12.439 0.037
3064.64628 12.269 0.03
3067.58177 12.827 0.03
3069.6165 12.274 0.034
3069.68598 12.145 0.047
3073.66326 12.562 0.039
3074.61159 12.379 0.03
3075.68112 12.545 0.034
3076.63835 12.759 0.031
3077.6992 12.746 0.038
3078.6444 12.365 0.036
3079.70534 12.477 0.039
3080.65178 12.605 0.045
3081.73189 12.874 0.032
3082.68397 12.891 0.032
3086.52415 12.971 0.054
3086.67275 13.098 0.042
3088.5588 12.296 0.04
3088.67588 12.139 0.048
3090.55458 12.744 0.038
3090.68077 13.175 0.071
3092.56724 12.655 0.031
3093.53641 12.274 0.031
3096.57079 12.797 0.029
3097.53746 12.366 0.03
3098.60117 12.342 0.038
3099.55439 12.682 0.064
3100.60608 13.144 0.038
3101.56714 12.77 0.038
3105.56849 13.29 0.065
3106.61839 12.808 0.04
3107.5713 12.224 0.029
3108.61936 12.428 0.029
3109.57669 12.718 0.028
3110.6124 13.034 0.03
3111.57712 12.53 0.031
3112.62289 12.332 0.029
3113.58846 12.644 0.03
3114.62876 12.627 0.03
3115.59961 12.848 0.033
3121.57115 12.198 0.03
3125.60101 12.59 0.032
3126.52779 12.161 0.035
3128.55806 12.783 0.038
3130.56885 12.388 0.043
3133.49861 12.856 0.03
3142.50549 12.707 0.03
3146.49496 12.551 0.036
3154.47114 12.253 0.032
3158.46695 12.55 0.039
3162.46815 12.783 0.032
3165.46543 12.66 0.044
3169.45126 12.581 0.033
3273.87616 12.906 0.033
3277.86198 12.549 0.037
3296.82637 12.459 0.033
3356.71851 12.224 0.037
3362.70914 12.487 0.044
3365.77158 12.447 0.053
3374.73539 13.044 0.051
3374.73539 13.051 0.042
3385.64501 12.162 0.05
3387.69864 12.849 0.047
3389.7385 12.289 0.041
3391.79853 12.676 0.042
3394.81296 12.3 0.043
3397.62608 12.713 0.039
3399.69314 12.202 0.047
3404.70824 12.359 0.032
3404.71036 12.369 0.031
3406.75041 12.788 0.039
3406.75259 12.744 0.04
3408.81069 12.249 0.042
3408.81284 12.312 0.044
3410.77142 12.54 0.036
3411.62062 12.748 0.038
3411.62281 12.722 0.035
3413.66592 12.183 0.035
3413.66812 12.254 0.035
3415.68242 12.79 0.032
3417.66979 12.356 0.038
3417.67208 12.382 0.039
3419.6583 12.566 0.037
3419.66056 12.56 0.033
3421.67821 12.878 0.05
3421.6805 12.731 0.046
3423.66602 12.337 0.054
3423.66841 12.289 0.048
3425.69261 12.792 0.047
3425.69509 12.749 0.042
3427.65657 12.263 0.043
3427.72383 12.065 0.05
3427.72623 12.336 0.042
3431.67409 12.449 0.04
3431.67733 12.559 0.044
3433.69672 12.471 0.042
3433.69928 12.721 0.04
3436.68489 12.193 0.042
3439.67596 12.892 0.031
3443.5284 12.682 0.036
3443.53366 12.508 0.031
3445.56569 12.608 0.035
3447.57428 12.516 0.034
3447.57948 12.606 0.046
3449.5976 12.686 0.047
3452.52241 12.447 0.047
3454.58361 12.699 0.042
3456.58037 12.337 0.037
3458.56884 12.768 0.034
3460.57367 12.217 0.032
3462.58033 12.765 0.042
3464.61471 12.421 0.031
3466.62955 12.562 0.034
3469.62163 12.297 0.033
3471.63109 12.562 0.036
3473.62551 12.825 0.057
3476.53976 12.671 0.046
3478.56366 12.856 0.038
3480.58579 12.537 0.041
3490.54433 12.389 0.065
3492.55237 12.971 0.065
3497.55106 12.803 0.058
3500.53181 12.467 0.043
3503.48726 12.214 0.06
3512.47475 12.211 0.036
3520.48602 12.705 0.047
3523.46776 12.778 0.045
3526.47324 12.196 0.043
3529.46958 12.66 0.037
3622.90447 12.785 0.034
3630.87698 12.248 0.041
3640.86492 12.478 0.036
3644.86614 12.234 0.041
3648.8785 12.329 0.051
3652.85322 12.667 0.041
3659.86533 12.579 0.037
3663.82587 12.266 0.044
3666.8659 12.652 0.048
3670.81076 12.923 0.035
3673.84244 12.473 0.035
3677.8094 12.255 0.038
3703.7769 12.886 0.032
3706.75774 12.706 0.049
3711.85218 12.619 0.036
3714.73554 12.18 0.035
3717.73372 12.647 0.042
3719.79331 12.32 0.043
3722.71685 12.744 0.048
3725.76208 12.51 0.042
3728.70562 12.303 0.043
3731.84543 12.793 0.044
3734.74518 12.517 0.055
3737.71229 12.65 0.033
3742.67837 12.297 0.041
3744.76025 12.749 0.044
3747.66587 12.202 0.043
3749.77232 12.707 0.053
3752.72277 12.334 0.042
3754.84896 12.627 0.052
3757.63065 12.283 0.036
3759.69865 12.81 0.049
3761.83373 12.271 0.055
3764.66416 12.788 0.048
3767.63924 12.417 0.046
3769.73776 13.008 0.042
3772.59873 12.628 0.035
3774.69316 13.148 0.057
3778.72002 12.46 0.055
3780.757 12.199 0.05
3788.66149 13.022 0.048
3790.73332 12.19 0.041
3793.62748 12.867 0.05
3795.68881 12.311 0.04
3797.68021 12.894 0.037
3799.72472 12.166 0.04
3802.59056 12.967 0.055
3804.65831 12.237 0.051
3806.66045 12.665 0.046
3809.66915 12.356 0.055
3811.6764 12.803 0.048
3813.69489 12.183 0.054
3816.57097 12.693 0.048
3818.60551 12.278 0.038
3820.61875 12.681 0.042
3822.67649 12.409 0.049
3825.53337 13.21 0.056
3827.54854 12.44 0.047
3829.57728 12.562 0.049
3831.53081 12.56 0.037
3831.57865 12.773 0.045
3833.58688 12.525 0.05
3835.59918 13.283 0.054
3837.63691 12.363 0.052
3849.52783 12.708 0.043
3851.54666 12.185 0.035
3853.55912 12.717 0.033
3855.57175 12.425 0.046
3858.5353 12.582 0.044
3860.5585 12.282 0.035
3865.48695 12.195 0.044
3867.54339 12.703 0.056
3870.47938 12.225 0.038
3872.50473 12.69 0.039
3876.51793 12.566 0.055
3880.49128 12.408 0.044
3883.48074 12.784 0.041
3887.48333 12.752 0.054
3890.48075 12.537 0.036
3893.4701 12.48 0.047
3898.4646 12.329 0.044
3902.44957 12.788 0.053
4091.70675 12.179 0.037
4105.66523 12.268 0.043
4107.70685 12.598 0.034
4111.78867 12.688 0.049
4125.74253 12.466 0.05
4127.70815 12.79 0.035
4129.6927 12.192 0.036
4131.73246 12.814 0.042
4133.75326 12.228 0.058
4135.7722 12.759 0.053
4137.76091 12.694 0.044
4146.68606 12.921 0.043
4149.77291 12.549 0.055
4152.54868 12.31 0.034
4154.5906 12.646 0.041
4156.62414 12.738 0.051
4158.64077 12.369 0.043
4160.67049 12.805 0.041
4162.67236 12.172 0.047
4164.69949 12.926 0.054
4167.63696 12.233 0.04
4172.67721 12.467 0.038
4174.69018 12.676 0.047
4180.59344 12.432 0.053
4182.62189 12.611 0.036
4184.61822 12.949 0.039
4190.66853 12.222 0.047
4193.51539 13.037 0.045
4196.57695 12.714 0.065
4201.57549 12.573 0.041
4204.57136 12.206 0.037
4216.55258 12.767 0.037
4228.49944 12.28 0.036
4230.51009 12.649 0.04
4232.52447 12.419 0.043
4234.5228 12.773 0.047
4256.47891 12.238 0.038
4341.91038 12.399 0.043
4345.91118 12.205 0.046
4349.90076 12.727 0.04
4355.88859 12.247 0.037
4362.89534 13.026 0.038
4366.86911 12.753 0.046
4376.85748 12.694 0.044
4380.82978 12.686 0.047
4384.82542 12.578 0.043
4387.84574 12.468 0.049
4402.8453 12.355 0.041
4406.84672 12.495 0.065
4409.82696 12.743 0.039
4413.82689 12.573 0.046
4421.79932 12.368 0.048
4424.8471 12.848 0.039
4427.83115 12.686 0.04
4430.77426 12.237 0.045
4433.76379 12.816 0.035
4436.76922 12.561 0.035
4439.75675 12.425 0.036
4460.69194 12.636 0.043
4462.76199 12.667 0.04
4465.68694 12.588 0.047
4467.79091 12.664 0.044
4470.6887 12.65 0.037
4473.73876 12.312 0.049
4476.73952 12.8 0.068
4479.64786 12.509 0.041
4482.68498 12.145 0.047
4485.67508 12.565 0.061
4487.71012 12.272 0.041
4489.75383 12.631 0.043
4492.6166 12.307 0.038
4494.65591 13.047 0.039
4497.77816 12.406 0.036
4505.60148 12.45 0.046
4507.65864 12.437 0.058
4509.73792 12.861 0.048
4512.58972 12.274 0.057
4515.70464 12.22 0.053
4517.75911 12.629 0.054
4520.58773 12.296 0.041
4522.60163 12.704 0.051
4524.6057 12.44 0.038
4526.64205 12.626 0.053
4528.70075 12.891 0.053
4531.59793 12.768 0.041
4536.70957 12.664 0.036
4539.54513 12.263 0.064
4541.58664 12.839 0.036
4543.60648 12.253 0.046
4547.63897 12.544 0.058
4554.67154 12.535 0.051
4559.53544 12.575 0.042
4561.5959 12.945 0.045
4563.61435 12.407 0.049
4565.62708 12.738 0.043
4568.53692 12.566 0.036
4570.54573 12.952 0.035
4572.57303 12.26 0.045
4574.59724 12.709 0.048
