1869.77854 11.516 0.029
1874.71396 11.467 0.026
1876.81904 11.757 0.026
1877.79002 11.868 0.024
1880.70928 11.569 0.032
1884.74467 11.425 0.024
1885.75747 11.534 0.025
1886.76202 11.645 0.024
1887.75029 11.78 0.026
1888.73784 11.914 0.027
1889.76435 11.8 0.032
1899.71161 11.886 0.025
1900.72089 11.844 0.025
1902.70088 11.552 0.023
1903.7328 11.472 0.023
1904.69817 11.344 0.024
1905.70961 11.296 0.024
1907.70527 11.518 0.023
1908.69755 11.637 0.023
1914.69271 11.471 0.025
1915.69227 11.345 0.024
1918.67159 11.507 0.03
1919.68549 11.639 0.03
1920.68246 11.733 0.027
1921.67573 11.832 0.026
1922.67803 11.872 0.025
1923.67267 11.652 0.027
1924.66775 11.522 0.041
1925.66851 11.496 0.025
1926.66493 11.366 0.024
1928.66898 11.411 0.023
1929.65954 11.52 0.023
1930.65762 11.579 0.023
1931.65494 11.769 0.025
1932.64748 11.885 0.024
1933.64912 11.842 0.024
1934.64701 11.649 0.023
1935.58786 11.545 0.023
1937.62575 11.388 0.023
1938.64974 11.322 0.025
1940.6371 11.491 0.023
1945.62814 11.681 0.027
1946.63458 11.532 0.029
1948.59214 11.404 0.03
1949.6506 11.313 0.029
1950.61001 11.428 0.027
1952.60517 11.702 0.028
1953.60756 11.815 0.031
1954.60863 11.952 0.037
1955.60273 11.856 0.034
1959.5984 11.395 0.033
1961.59226 11.436 0.033
1963.57307 11.671 0.036
1964.59428 11.833 0.036
1965.58062 11.978 0.034
1967.5632 11.715 0.036
1968.57891 11.576 0.041
1977.54488 11.858 0.048
1979.54359 11.582 0.05
1981.58262 11.486 0.046
1984.52303 11.606 0.046
2026.52234 11.33 0.027
2031.45776 11.834 0.03
2058.45537 11.35 0.03
2136.928 11.385 0.036
2166.90226 11.494 0.032
2168.87439 11.252 0.032
2172.84941 11.745 0.032
2185.83969 11.907 0.037
2189.87475 11.489 0.039
2193.83522 11.612 0.033
2196.82309 11.913 0.032
2200.82424 11.487 0.035
2202.80708 11.418 0.035
2208.81711 11.795 0.054
2212.78231 11.28 0.039
2213.82921 11.484 0.041
2215.79664 11.684 0.04
2217.78013 11.892 0.041
2221.79302 11.571 0.049
2222.85788 11.538 0.05
2225.74417 11.528 0.039
2227.77016 11.857 0.046
2229.75397 12.059 0.043
2232.79655 11.522 0.041
2235.81693 11.498 0.043
2237.73794 11.714 0.046
2240.81254 12.071 0.052
2249.77063 11.956 0.054
2520.90202 11.316 0.028
2540.8609 11.472 0.035
2544.90349 11.557 0.047
2552.83478 11.361 0.022
2557.82573 11.876 0.033
2559.83784 11.813 0.022
2561.84387 11.51 0.022
2565.83891 11.457 0.031
2574.79426 11.483 0.054
2577.78916 11.569 0.029
2621.78596 11.573 0.027
2623.74267 11.802 0.021
2625.73071 11.825 0.023
2631.83786 11.419 0.025
2635.69158 11.856 0.023
2637.70357 11.632 0.02
2639.70925 11.5 0.019
2641.70748 11.332 0.02
2643.72862 11.513 0.021
2645.70587 11.784 0.021
2650.67197 11.447 0.018
2652.68289 11.32 0.022
2654.68418 11.532 0.024
2657.71757 11.966 0.026
2657.80563 11.909 0.04
2661.74259 11.462 0.022
2663.73901 11.369 0.023
2665.73066 11.544 0.021
2667.7313 11.786 0.022
2669.72071 11.853 0.022
2671.7198 11.526 0.021
2673.71558 11.336 0.022
2675.70202 11.429 0.02
2677.68404 11.685 0.023
2679.65543 11.868 0.027
2681.63455 11.688 0.027
2683.63468 11.506 0.023
2684.78248 11.299 0.031
2685.63165 11.388 0.032
2686.69115 11.46 0.03
2688.67653 11.627 0.026
2690.67533 11.823 0.024
2692.67235 11.593 0.026
2694.67663 11.475 0.028
2696.69166 11.318 0.022
2698.67016 11.507 0.022
2700.66264 11.779 0.022
2702.65469 11.808 0.021
2704.64188 11.526 0.021
2706.62109 11.351 0.029
2710.59483 11.646 0.022
2711.68953 11.822 0.025
2713.65574 11.857 0.026
2715.66539 11.545 0.032
2721.60446 11.655 0.025
2723.60479 11.882 0.022
2725.60137 11.626 0.023
2727.59487 11.443 0.022
2729.59263 11.348 0.023
2733.58067 11.996 0.022
2735.57604 11.865 0.022
2737.56774 11.512 0.024
2739.58547 11.32 0.027
2741.56054 11.435 0.028
2743.57967 11.665 0.027
2750.47606 11.419 0.032
2751.60027 11.369 0.027
2754.56854 11.68 0.023
2756.5679 11.859 0.023
2760.5767 11.484 0.024
2763.46515 11.454 0.027
2766.48635 11.834 0.027
2770.48728 11.524 0.028
2775.46256 11.52 0.028
2784.50004 11.32 0.024
2787.45747 11.66 0.023
2791.45463 11.678 0.033
2794.45127 11.35 0.024
2804.45066 11.496 0.043
2884.91547 11.48 0.035
2893.9077 11.298 0.035
2896.89787 11.599 0.026
2905.9008 11.369 0.025
2910.87648 11.927 0.021
2915.89081 11.275 0.029
2922.82059 11.699 0.03
2924.86893 11.488 0.026
2927.83802 11.488 0.025
2930.8527 11.737 0.022
2933.84656 11.769 0.024
2940.78457 11.596 0.027
2951.79424 11.637 0.027
2954.85201 11.827 0.044
2956.79502 11.609 0.032
2957.81414 11.511 0.033
2961.77378 11.492 0.024
2964.78958 11.839 0.025
2967.78718 11.586 0.027
2971.74819 11.363 0.026
2976.75736 11.953 0.034
2980.76894 11.441 0.034
2986.72693 11.839 0.024
2988.78169 11.713 0.033
2991.71484 11.456 0.024
2994.73861 11.478 0.029
2996.70565 11.744 0.025
3006.67626 11.622 0.027
3008.72221 11.857 0.027
3010.73185 11.757 0.032
3016.66558 11.488 0.031
3018.69953 11.772 0.029
3023.68763 11.478 0.025
3027.82659 11.525 0.03
3030.61594 11.877 0.037
3034.67321 11.523 0.032
3036.75444 11.332 0.025
3043.65748 11.674 0.036
3045.68405 11.489 0.027
3048.65734 11.395 0.03
3051.61347 11.786 0.029
3055.71087 11.621 0.032
3057.74512 11.452 0.044
3064.65219 11.911 0.026
3067.67581 11.492 0.029
3069.69427 11.304 0.039
3071.71798 11.53 0.039
3076.64739 11.771 0.029
3078.65016 11.492 0.032
3080.66617 11.295 0.038
3082.68966 11.495 0.028
3088.68146 11.711 0.033
3091.52342 11.315 0.029
3093.5572 11.521 0.029
3097.55911 11.905 0.03
3099.57033 11.613 0.039
3101.58041 11.409 0.034
3103.58707 11.437 0.03
3105.57893 11.653 0.04
3107.58405 11.93 0.027
3109.58935 11.728 0.026
3111.58473 11.509 0.026
3113.60409 11.292 0.027
3121.47171 11.605 0.026
3123.50218 11.448 0.025
3125.53318 11.413 0.028
3128.51274 11.79 0.035
3130.52975 11.874 0.033
3132.54647 11.618 0.032
3142.48977 11.78 0.028
3146.48144 11.269 0.028
3152.45743 11.945 0.059
3156.46304 11.473 0.029
3164.45694 11.754 0.051
3273.8681 11.815 0.029
3277.85418 11.403 0.034
3296.83708 11.648 0.029
3333.80878 11.346 0.035
3356.7285 11.475 0.04
3362.71215 11.606 0.032
3365.7752 11.31 0.044
3382.83348 11.803 0.037
3382.83348 11.823 0.042
3386.78321 11.446 0.051
3389.63716 11.404 0.029
3391.67964 11.634 0.034
3392.75954 11.781 0.047
3396.81161 11.55 0.043
3399.60864 11.342 0.034
3404.66771 11.879 0.044
3406.6712 11.588 0.048
3408.69151 11.496 0.038
3410.78052 11.351 0.033
3413.57713 11.671 0.035
3415.60885 11.809 0.027
3417.6206 11.605 0.033
3419.61269 11.476 0.033
3421.64253 11.409 0.048
3423.63206 11.576 0.049
3425.66011 11.797 0.042
3427.69435 11.895 0.052
3431.65881 11.304 0.041
3433.68027 11.406 0.035
3436.66914 11.796 0.035
3439.66009 11.612 0.026
3443.52613 11.32 0.027
3445.55803 11.575 0.053
3447.57195 11.783 0.036
3449.59527 11.773 0.044
3452.52008 11.476 0.039
3454.5812 11.33 0.042
3456.57722 11.55 0.028
3458.56644 11.764 0.036
3460.57118 11.805 0.032
3462.57788 11.498 0.033
3464.61223 11.277 0.031
3466.62706 11.424 0.03
3469.6191 11.833 0.026
3471.62772 11.786 0.027
3474.50089 11.462 0.024
3477.50589 11.416 0.032
3479.54886 11.624 0.031
3481.5614 11.775 0.029
3491.53604 11.913 0.062
3495.53096 11.513 0.038
3499.50829 11.396 0.037
3501.51287 11.694 0.033
3503.53131 11.873 0.029
3509.46469 11.354 0.027
3512.49117 11.641 0.03
3516.49508 11.585 0.047
3521.45082 11.425 0.041
3526.45187 11.776 0.032
3529.45259 11.461 0.039
3603.92253 11.702 0.039
3618.90945 11.25 0.034
3622.91036 11.695 0.032
3633.90117 11.682 0.036
3640.87635 11.295 0.028
3644.87695 11.788 0.035
3653.84246 11.442 0.043
3660.83118 11.478 0.035
3664.8216 11.505 0.033
3668.8482 11.868 0.03
3671.83887 11.546 0.03
3675.79423 11.447 0.027
3700.7774 11.804 0.036
3703.78331 11.619 0.032
3706.76689 11.302 0.039
3711.79605 11.827 0.03
3714.73846 11.563 0.033
3717.73673 11.275 0.032
3719.79704 11.531 0.037
3722.71986 11.825 0.037
3725.76003 11.568 0.031
3728.70861 11.29 0.038
3732.69194 11.804 0.042
3735.71194 11.681 0.044
3740.72207 11.395 0.036
3743.66768 11.696 0.032
3745.73146 11.8 0.039
3748.64793 11.441 0.041
3750.69576 11.295 0.044
3752.80728 11.507 0.039
3755.62842 11.806 0.042
3757.68555 11.592 0.036
3759.74536 11.484 0.033
3762.66401 11.435 0.05
3764.77855 11.684 0.041
3767.64565 11.86 0.036
3769.74354 11.607 0.058
3772.6016 11.234 0.031
3774.69618 11.451 0.046
3776.74926 11.749 0.046
3778.72289 11.816 0.043
3780.75998 11.593 0.042
3787.59289 11.709 0.04
3789.64798 11.921 0.035
3791.69069 11.526 0.038
3793.69568 11.402 0.034
3796.58394 11.473 0.031
3800.63175 11.823 0.035
3803.60709 11.473 0.04
3805.63163 11.284 0.037
3808.64523 11.624 0.041
3810.64959 11.9 0.036
3812.65301 11.696 0.042
3814.64897 11.488 0.037
3816.68308 11.299 0.035
3821.59563 11.836 0.048
3823.63182 11.66 0.045
3825.645 11.457 0.045
3828.51725 11.398 0.035
3830.58127 11.553 0.038
3832.59312 11.879 0.043
3834.59037 11.756 0.042
3847.47741 11.512 0.039
3849.55899 11.281 0.045
3851.56495 11.463 0.029
3853.5751 11.768 0.027
3856.51418 11.65 0.047
3861.53187 11.396 0.027
3863.5355 11.66 0.03
3865.54695 11.922 0.039
3868.50756 11.579 0.041
3870.51007 11.39 0.032
3872.52573 11.387 0.027
3877.45215 11.832 0.03
3881.45385 11.498 0.029
3886.44999 11.774 0.03
3891.47139 11.501 0.029
3894.46313 11.39 0.033
4083.85786 11.71 0.038
4089.71483 11.473 0.047
4103.76304 11.511 0.044
4106.66583 11.875 0.03
4109.70761 11.554 0.052
4126.73365 11.586 0.028
4128.76704 11.808 0.031
4133.59681 11.499 0.038
4135.63657 11.344 0.04
4137.64377 11.564 0.036
4145.76429 11.381 0.05
4149.66155 11.689 0.042
4151.67274 11.845 0.031
4153.6731 11.578 0.035
4157.74172 11.4 0.048
4160.54769 11.724 0.033
4162.5657 11.81 0.04
4164.5904 11.577 0.043
4166.64058 11.482 0.047
4172.61 11.788 0.04
4174.62039 11.798 0.03
4176.63021 11.516 0.037
4179.65477 11.432 0.036
4181.66766 11.597 0.052
4183.6806 11.882 0.04
4190.53278 11.33 0.03
4192.5392 11.564 0.033
4194.59468 11.923 0.034
4197.57378 11.712 0.032
4202.56606 11.446 0.043
4205.53838 11.845 0.037
4213.49953 11.416 0.031
4216.5649 11.899 0.035
4228.52802 11.871 0.03
4230.53152 11.65 0.038
4232.54447 11.463 0.035
4235.47075 11.37 0.04
4238.49562 11.832 0.05
4253.45524 11.526 0.033
4257.45585 11.42 0.046
4331.91882 11.425 0.033
4339.91956 11.722 0.037
4343.91216 11.318 0.037
4347.90663 11.877 0.035
4355.90545 11.458 0.032
4361.89841 11.749 0.036
4364.87412 11.384 0.033
4368.86686 11.669 0.039
4372.85554 11.605 0.038
4376.86252 11.288 0.037
4380.84496 11.894 0.041
4384.83843 11.689 0.043
4387.87577 11.29 0.043
4399.87628 11.465 0.041
4403.8242 11.838 0.033
4407.84135 11.517 0.035
4410.83699 11.414 0.034
4418.8672 11.533 0.031
4422.77337 11.508 0.03
4426.80422 11.803 0.049
4429.79985 11.459 0.038
4432.77421 11.423 0.029
4435.7642 11.767 0.03
4438.75603 11.704 0.037
4441.74594 11.488 0.034
4453.71705 11.319 0.03
4459.70777 11.815 0.043
4461.79596 11.563 0.039
4464.68792 11.273 0.032
4467.68464 11.65 0.04
4470.68677 11.876 0.033
4473.73679 11.511 0.034
4476.73755 11.348 0.056
4479.65095 11.809 0.029
4482.68797 11.679 0.034
4485.67802 11.39 0.05
4487.71384 11.38 0.042
4489.76088 11.715 0.038
4492.61951 11.9 0.032
4494.65881 11.547 0.031
4497.78105 11.341 0.032
4505.60685 11.56 0.041
4507.66479 11.365 0.046
4509.74338 11.411 0.038
4512.59262 11.725 0.046
4515.73046 11.77 0.055
4518.58068 11.418 0.036
4520.61552 11.389 0.031
4522.62276 11.678 0.042
4524.62225 11.868 0.032
4526.65396 11.722 0.041
4528.70352 11.474 0.047
4531.60075 11.493 0.042
4534.55399 11.778 0.038
4537.57038 11.703 0.039
4539.58354 11.509 0.053
4541.60021 11.309 0.034
4543.61706 11.541 0.042
4547.6577 11.87 0.044
4555.52647 11.64 0.037
4557.55004 11.89 0.036
4559.59849 11.705 0.036
4562.52454 11.415 0.035
4564.57176 11.436 0.036
4566.57703 11.665 0.04
4568.60496 11.828 0.034
4570.58984 11.702 0.032
4572.6006 11.491 0.041
4575.53778 11.437 0.036
