2032.47689 13.012 0.037
2552.8776 12.582 0.03
2557.85669 12.714 0.037
2559.87294 12.79 0.029
2562.84779 12.814 0.03
2564.85384 12.837 0.026
2577.80395 12.95 0.028
2621.79154 14.023 0.025
2623.74603 13.107 0.027
2625.74543 13.184 0.028
2635.70854 13.071 0.028
2637.71831 13.244 0.027
2641.71082 13.187 0.024
2643.72264 13.183 0.034
2645.70466 13.153 0.023
2654.69199 13.104 0.033
2658.69169 13.24 0.028
2660.68931 12.958 0.039
2662.68628 13.059 0.025
2664.67759 13.13 0.025
2666.67505 13.137 0.025
2668.68075 12.987 0.024
2670.67393 13.358 0.027
2672.67458 12.998 0.029
2674.66232 12.917 0.027
2676.64854 12.827 0.028
2678.6339 12.692 0.03
2679.75507 12.663 0.032
2681.6881 12.557 0.027
2689.63019 12.156 0.052
2691.62421 12.1 0.032
2693.63654 12.079 0.025
2695.64823 11.962 0.028
2697.63049 11.824 0.027
2699.62079 11.815 0.034
2701.61871 11.667 0.03
2703.61439 11.635 0.031
2705.60645 11.543 0.025
2707.60452 11.474 0.031
2713.53421 11.339 0.04
2715.53183 11.222 0.038
2718.52691 11.223 0.034
2719.6513 11.059 0.043
2720.64399 10.997 0.041
2722.60247 11.003 0.031
2724.60034 10.914 0.033
2726.5986 10.929 0.03
2728.58971 10.871 0.029
2730.58556 10.863 0.027
2734.55187 10.685 0.041
2736.53655 10.64 0.033
2740.5074 10.543 0.038
2744.52344 10.521 0.039
2746.55602 10.451 0.033
2751.50035 10.481 0.044
2754.50317 10.39 0.044
2756.50477 10.344 0.037
2758.49784 10.318 0.042
2760.52001 10.258 0.032
2762.51874 10.303 0.045
2784.45973 10.078 0.04
2786.4622 10.106 0.031
2790.45446 10.19 0.038
2911.89006 13.246 0.026
2916.88065 13.261 0.025
2932.84977 13.239 0.026
2940.8298 13.278 0.036
2943.83267 13.179 0.039
2946.81763 13.132 0.037
2949.82861 13.253 0.026
2952.82923 13.122 0.034
2960.79482 13.097 0.033
2963.80617 13.287 0.039
2970.78586 13.161 0.029
2973.80979 13.159 0.044
2976.78967 13.073 0.029
2979.77684 13.085 0.031
2981.78595 12.946 0.043
2986.78821 12.89 0.03
2989.73584 12.842 0.029
2991.77522 12.916 0.024
2996.76916 12.595 0.032
3001.75378 12.44 0.038
3006.69578 12.219 0.037
3008.72084 12.135 0.031
3013.7146 12.093 0.035
3016.70753 11.972 0.027
3018.70296 11.928 0.034
3028.76439 11.701 0.027
3031.62628 11.7 0.03
3035.65323 11.664 0.029
3043.74443 11.578 0.046
3046.60321 11.546 0.028
3049.61666 11.608 0.027
3051.72281 11.589 0.073
3054.59262 11.533 0.03
3056.60928 11.472 0.029
3058.67316 11.492 0.034
3060.69886 11.444 0.031
3068.56354 11.125 0.034
3069.50723 11.043 0.041
3070.59626 11.001 0.038
3072.62723 10.882 0.038
3074.66053 10.724 0.037
3077.54455 10.582 0.027
3079.57945 10.535 0.036
3081.60294 10.448 0.057
3085.61763 10.309 0.034
3089.63966 10.213 0.036
3096.54966 10.186 0.035
3098.58729 10.1 0.035
3100.59218 10.057 0.039
3102.59891 10.1 0.035
3107.535 10.062 0.03
3109.54771 10.017 0.03
3111.54755 10.089 0.028
3113.56714 10.134 0.036
3115.56721 10.114 0.027
3123.48344 10.364 0.027
3125.52731 10.4 0.035
3128.50543 10.475 0.043
3131.49181 10.549 0.037
3133.51042 10.73 0.035
3144.47478 11.068 0.028
3155.4533 11.476 0.05
3333.81256 12.372 0.037
3356.7169 11.511 0.043
3362.70449 11.524 0.046
3383.66737 11.177 0.059
3385.74513 11.114 0.058
3387.73273 11.092 0.07
3389.7867 11.044 0.093
3396.70651 10.741 0.056
3398.76403 10.657 0.076
3404.68676 10.579 0.069
3406.69253 10.504 0.083
3408.70539 10.401 0.085
3411.66719 10.443 0.039
3412.60525 10.477 0.037
3413.71372 10.472 0.066
3414.62007 10.396 0.065
3416.55625 10.457 0.042
3416.62032 10.523 0.078
3418.56721 10.371 0.054
3418.63311 10.394 0.052
3425.62681 10.346 0.072
3425.65026 10.318 0.058
3427.66047 10.375 0.055
3431.62057 10.53 0.096
3431.64829 10.468 0.07
3433.61618 10.542 0.105
3433.63998 10.343 0.052
3436.64944 10.399 0.063
3439.60548 10.463 0.047
3439.64025 10.443 0.039
3442.5942 10.416 0.059
3442.64141 10.503 0.047
3444.61018 10.541 0.059
3444.63093 10.44 0.091
3453.61116 10.67 0.074
3456.53294 10.715 0.082
3458.53409 10.791 0.078
3460.54314 10.958 0.047
3462.56909 11.053 0.082
3465.5196 11.233 0.087
3468.55474 11.238 0.068
3470.5643 11.433 0.071
3478.48061 11.732 0.066
3480.53889 11.778 0.073
3483.49461 11.78 0.064
3491.49386 12.178 0.038
3499.47248 12.418 0.062
3650.80994 12.192 0.034
3650.8382 12.108 0.034
3650.86721 12.201 0.036
3653.8802 12.039 0.053
3657.87037 11.901 0.033
3661.8766 11.764 0.043
3671.84218 11.462 0.039
3675.83331 11.328 0.037
3680.83981 11.216 0.035
3700.77593 10.758 0.046
3703.76589 10.731 0.039
3712.75977 10.557 0.04
3715.73795 10.467 0.051
3718.72786 10.431 0.04
3724.70627 10.342 0.036
3726.80535 10.282 0.045
3730.70932 10.153 0.075
3733.77813 10.189 0.039
3736.77781 10.161 0.051
3739.6676 10.104 0.039
3741.76123 10.041 0.048
3744.68213 10.06 0.053
3751.73764 10.081 0.052
3754.64639 10.057 0.042
3756.71954 10.111 0.045
3759.63783 10.088 0.04
3762.62906 10.176 0.041
3764.70395 10.185 0.049
3767.61513 10.261 0.054
3769.69465 10.19 0.096
3771.74377 10.213 0.07
3778.65686 10.452 0.093
3780.70904 10.538 0.055
3788.68874 10.638 0.063
3791.62739 10.801 0.092
3793.67264 10.882 0.077
3796.60505 10.907 0.05
3798.6743 10.935 0.084
3800.65931 11.08 0.084
3805.5849 11.35 0.085
3808.61151 11.529 0.066
3810.61202 11.459 0.079
3812.61902 11.64 0.063
3814.62135 11.723 0.087
3817.55254 11.881 0.083
3819.58798 11.836 0.092
3822.55128 11.998 0.088
3824.58622 12.233 0.084
3826.58458 12.213 0.071
3833.50345 12.606 0.084
3835.52216 12.687 0.074
3837.5381 12.786 0.069
3850.47796 13.075 0.081
3852.50073 13.085 0.063
3852.50073 13.218 0.063
3860.47828 12.954 0.072
3862.48513 13.121 0.07
3865.47705 13.259 0.082
3865.47705 13.345 0.082
3869.46311 13.209 0.091
4106.75921 10.845 0.042
4109.81549 10.957 0.051
4125.77478 11.451 0.078
4128.60623 11.679 0.04
4133.68861 11.896 0.096
4135.70237 12.024 0.089
4137.70326 12.112 0.089
4146.69521 12.598 0.052
4150.63645 12.672 0.076
4152.64579 12.574 0.043
4160.61464 12.857 0.09
4162.61476 12.637 0.081
4164.62927 12.897 0.053
4172.63232 12.975 0.062
4175.56549 13.038 0.053
4179.5583 13.369 0.067
4181.59939 13.118 0.058
4189.56796 13.298 0.047
4191.57435 13.062 0.063
4193.57792 13.136 0.068
4197.5456 13.281 0.06
4200.5504 13.304 0.068
4204.50905 13.353 0.064
4229.4694 13.705 0.07
4231.47525 13.353 0.067
4235.45795 13.466 0.075
4380.88609 10.727 0.046
4384.87883 10.561 0.049
4402.85306 10.208 0.044
4407.84831 10.138 0.04
4410.82578 10.142 0.052
4421.79815 10.255 0.052
4425.79512 10.355 0.059
4428.77673 10.496 0.061
4437.75873 10.734 0.037
4440.74695 10.873 0.045
4443.76771 10.976 0.058
4457.72401 11.46 0.039
4461.75191 11.614 0.04
4464.70991 11.757 0.04
4467.6992 11.979 0.054
4470.6996 12.044 0.066
4473.74917 12.23 0.068
4479.65977 12.44 0.049
4482.69239 12.388 0.044
4490.69955 12.641 0.05
4494.73674 12.612 0.063
4498.69304 12.866 0.076
4501.63421 12.804 0.064
4503.71138 12.889 0.062
4506.6241 12.97 0.071
4508.71003 13.039 0.075
4510.66599 12.944 0.077
4516.59966 13.112 0.058
4518.64994 13.064 0.045
4520.67856 13.104 0.053
4522.67164 13.31 0.05
4525.57236 13.272 0.056
4527.6075 13.395 0.063
4529.65343 13.172 0.059
4532.59677 13.513 0.062
4536.53397 13.057 0.045
4538.59768 13.146 0.044
4543.52295 13.466 0.063
4547.57659 13.599 0.061
4554.59041 13.317 0.048
4557.52401 13.211 0.064
4560.51333 13.516 0.06
4562.55933 13.355 0.07
4565.49238 13.257 0.066
4570.47867 13.633 0.052
4572.53893 13.308 0.05
4575.50833 13.378 0.06
