1868.78915 10.163 0.051
1869.78652 10.233 0.055
1871.74405 10.094 0.061
1872.8283 9.613 0.046
1874.73348 8.979 0.069
1875.85206 9.073 0.052
1877.7237 9.227 0.042
1878.81063 9.372 0.04
1880.80063 9.536 0.047
1881.76612 9.502 0.038
1884.75236 9.823 0.033
1886.78139 9.949 0.036
1887.7557 10.018 0.039
1888.75291 10.023 0.038
1889.75923 10.128 0.043
1899.70887 9.207 0.037
1900.71814 9.243 0.038
1902.70865 9.397 0.036
1903.73649 9.492 0.037
1904.71313 9.593 0.041
1905.71283 9.666 0.043
1906.70373 9.726 0.041
1907.70854 9.709 0.038
1908.70536 9.852 0.032
1913.68437 10.097 0.026
1914.69378 10.068 0.033
1915.69791 10.181 0.033
1918.67266 9.927 0.038
1919.70291 9.213 0.034
1920.6836 8.995 0.032
1921.6791 9.073 0.035
1922.67919 9.162 0.034
1923.67382 9.269 0.05
1924.66892 9.318 0.039
1925.67195 9.393 0.034
1926.67067 9.481 0.03
1928.67021 9.635 0.034
1929.66303 9.687 0.032
1930.66562 9.756 0.034
1931.65622 9.849 0.039
1932.65329 9.909 0.035
1933.65267 9.981 0.036
1934.65056 10.06 0.031
1935.59705 10.258 0.031
1937.6348 10.085 0.033
1938.65187 10.169 0.036
1939.69798 10.26 0.037
1941.60968 10.036 0.037
1945.63344 9.158 0.036
1946.63689 9.239 0.037
1947.64637 9.305 0.036
1949.60652 9.44 0.036
1950.60705 9.54 0.036
1952.60024 9.695 0.04
1953.61144 9.76 0.046
1954.60603 9.792 0.062
1955.60013 9.963 0.054
1958.59042 10.059 0.051
1959.60692 10.065 0.052
1961.59403 10.11 0.052
1963.57717 10.191 0.057
1964.58486 10.084 0.052
1965.58252 9.56 0.052
1966.58439 9.016 0.059
1967.57878 9.032 0.058
1968.57635 9.146 0.061
1977.71941 9.836 0.072
1979.56148 9.947 0.075
1981.54879 10.061 0.068
2026.49371 10.011 0.03
2031.48365 10.203 0.045
2033.50895 10.215 0.039
2070.4511 9.864 0.045
2131.9294 9.263 0.063
2134.93096 9.413 0.06
2136.93094 9.614 0.057
2144.91642 10.036 0.065
2167.85336 10.223 0.061
2171.87303 10.314 0.056
2173.85477 9.803 0.054
2183.86738 9.681 0.055
2185.82357 9.815 0.054
2189.86339 10.046 0.058
2191.82337 10.096 0.053
2193.82614 10.225 0.052
2196.8071 9.863 0.065
2199.82501 9.12 0.059
2201.82794 9.304 0.055
2212.78819 10.045 0.058
2213.81996 10.129 0.063
2215.78734 10.065 0.062
2217.76836 10.222 0.059
2221.78326 9.021 0.066
2222.85249 9.087 0.075
2225.74157 9.355 0.062
2227.76306 9.477 0.07
2230.74404 9.681 0.072
2232.79159 9.838 0.065
2233.84254 9.926 0.073
2235.71828 10.055 0.066
2237.82082 10.084 0.079
2239.78501 10.114 0.075
2241.79264 10.213 0.075
2498.93061 9.321 0.065
2520.89241 10.132 0.047
2545.8277 9.044 0.041
2545.8277 9.061 0.036
2557.80925 9.908 0.05
2559.82567 10.007 0.033
2561.83161 10.109 0.033
2565.82912 10.276 0.028
2577.78603 9.647 0.028
2621.79605 9.444 0.026
2623.7505 9.607 0.025
2625.7362 9.764 0.032
2628.70224 9.975 0.036
2628.70224 9.977 0.038
2631.84337 10.077 0.054
2635.69708 10.25 0.029
2637.7091 9.617 0.029
2639.71257 9.003 0.036
2641.72022 9.217 0.028
2643.73197 9.307 0.041
2645.71383 9.498 0.033
2647.69891 9.66 0.028
2650.67308 9.868 0.028
2652.69317 10.04 0.025
2657.72106 10.219 0.025
2659.74895 10.158 0.025
2661.74613 9.002 0.036
2663.74257 9.119 0.028
2665.73425 9.29 0.031
2669.72438 9.583 0.029
2671.72347 9.765 0.032
2673.71929 9.893 0.03
2675.70578 10.048 0.029
2677.68781 10.135 0.031
2679.63388 10.089 0.035
2680.83219 10.219 0.026
2683.80455 9.795 0.024
2685.68334 8.986 0.041
2689.6521 9.324 0.033
2690.79458 9.399 0.034
2693.55528 9.613 0.031
2694.78687 9.701 0.031
2696.75288 9.872 0.031
2699.52635 10.089 0.031
2703.57631 10.178 0.031
2705.56838 10.268 0.024
2707.56649 9.392 0.026
2709.56018 9.072 0.026
2711.56455 9.272 0.03
2713.57669 9.414 0.029
2715.57203 9.538 0.031
2717.72906 9.687 0.036
2720.58712 9.922 0.049
2722.58409 10.035 0.046
2724.5821 10.1 0.043
2726.58044 10.186 0.032
2728.57162 10.275 0.035
2730.56756 9.477 0.036
2733.61625 9.13 0.029
2735.60937 9.333 0.031
2737.5966 9.499 0.03
2739.59794 9.618 0.026
2741.57037 9.769 0.027
2742.65805 9.873 0.027
2744.59232 9.957 0.033
2746.60341 10.088 0.032
2750.6068 10.251 0.029
2752.57125 10.129 0.026
2755.56145 8.999 0.025
2757.55825 9.22 0.024
2759.58558 9.372 0.025
2761.56135 9.515 0.026
2763.55774 9.672 0.029
2766.54766 9.906 0.026
2770.5487 10.063 0.037
2783.48302 9.41 0.027
2785.48928 9.558 0.033
2787.48907 9.717 0.034
2790.52474 9.947 0.029
2793.45545 10.075 0.038
2796.46407 10.223 0.029
2810.45733 9.686 0.025
2812.46653 9.868 0.025
2885.90522 10.139 0.03
2893.90555 8.995 0.032
2896.89567 9.22 0.027
2905.89394 9.913 0.024
2905.89617 9.896 0.025
2905.89839 9.889 0.024
2908.87282 10.087 0.031
2910.85729 10.105 0.029
2912.87918 10.304 0.026
2916.82606 8.999 0.025
2924.86612 9.568 0.025
2927.83514 9.829 0.025
2930.84967 10.047 0.025
2933.84359 10.105 0.024
2940.77697 8.994 0.025
2942.82333 9.199 0.023
2944.81502 9.349 0.033
2947.79317 9.566 0.028
2947.79317 9.579 0.033
2951.79081 9.894 0.026
2954.84094 10.084 0.04
2957.81545 10.147 0.029
2961.76505 9.904 0.026
2964.7908 9.044 0.025
2974.78049 9.85 0.028
2976.7659 10.009 0.029
2978.77099 10.099 0.042
2980.77266 10.136 0.027
2983.74371 10.236 0.027
2986.73077 8.968 0.039
2988.81189 9.155 0.027
2991.72594 9.405 0.026
2994.71801 9.573 0.032
2996.77169 9.728 0.032
2998.76918 9.93 0.03
3001.754 10.116 0.024
3006.68832 10.224 0.025
3008.72586 9.415 0.029
3012.79992 9.219 0.035
3016.67462 9.538 0.026
3018.70599 9.677 0.024
3023.69909 10.059 0.027
3028.68655 10.229 0.03
3030.72317 10.14 0.025
3033.61579 9.022 0.03
3035.65674 9.184 0.025
3039.65967 9.517 0.03
3042.65403 9.73 0.031
3044.6779 9.918 0.025
3047.63391 10.107 0.028
3050.61077 10.142 0.024
3052.72226 10.241 0.027
3054.73039 9.732 0.029
3057.58847 9.027 0.032
3059.65225 9.274 0.024
3063.73608 9.546 0.038
3067.58177 9.872 0.025
3069.6165 10.035 0.03
3071.6275 10.114 0.031
3073.66326 10.127 0.027
3075.68112 10.279 0.028
3077.6992 9.877 0.027
3079.70534 8.978 0.033
3081.73189 9.193 0.027
3086.52415 9.533 0.049
3088.5588 9.687 0.034
3090.55458 9.852 0.032
3092.56724 10.011 0.028
3096.57079 10.143 0.024
3098.60117 10.293 0.029
3100.60608 10.018 0.029
3102.61284 8.976 0.026
3104.62406 9.153 0.029
3106.61839 9.256 0.033
3108.61936 9.456 0.025
3110.6124 9.61 0.026
3112.62289 9.772 0.024
3114.62876 9.898 0.027
3121.57444 10.272 0.027
3125.60101 8.973 0.027
3128.52891 9.208 0.028
3130.54627 9.373 0.031
3132.55789 9.511 0.026
3134.5752 9.696 0.025
3144.54238 10.247 0.026
3153.52562 9.361 0.041
3158.45697 9.726 0.03
3160.50653 9.862 0.034
3164.47924 10.085 0.025
3167.49109 10.201 0.026
3171.47911 9.061 0.027
3176.45203 9.311 0.031
3180.45523 9.616 0.028
3273.87616 9.699 0.041
3277.86198 9.994 0.039
3296.82637 9.658 0.038
3296.8309 9.658 0.04
3356.71851 9.23 0.051
3362.74681 9.394 0.046
3385.64501 9.329 0.084
3387.69864 9.524 0.088
3387.71025 9.596 0.076
3389.7385 9.66 0.059
3391.79853 9.828 0.054
3391.8186 9.925 0.068
3394.81296 10.078 0.053
3397.62608 10.108 0.053
3399.69314 10.234 0.082
3404.70824 9.057 0.046
3404.71036 9.0 0.041
3406.75041 9.248 0.047
3406.75259 9.238 0.042
3408.81069 9.376 0.037
3408.81284 9.403 0.039
3411.62281 9.592 0.058
3413.66812 9.743 0.048
3415.68242 9.878 0.062
3417.67208 10.067 0.053
3419.66056 10.13 0.053
3421.6805 10.11 0.053
3423.66841 10.254 0.056
3425.69261 9.669 0.063
3425.69509 9.597 0.039
3427.72623 9.064 0.034
3431.67733 9.404 0.066
3433.69928 9.446 0.041
3436.68489 9.75 0.036
3436.68747 9.721 0.035
3439.67596 9.974 0.036
3439.6786 9.909 0.035
3443.53366 10.083 0.037
3445.56569 10.215 0.049
3447.57948 10.2 0.088
3449.5976 9.123 0.065
3452.52241 9.135 0.078
3454.58361 9.364 0.052
3454.59051 9.348 0.087
3456.58037 9.477 0.049
3456.58576 9.555 0.072
3458.56884 9.644 0.035
3458.57428 9.665 0.073
3460.57367 9.825 0.041
3460.57921 9.767 0.054
3462.58033 9.95 0.045
3462.58587 9.957 0.066
3464.61471 10.078 0.033
3464.62023 10.058 0.068
3466.62955 10.138 0.046
3469.62163 10.297 0.035
3471.63109 9.955 0.039
3473.62551 8.999 0.065
3476.53976 9.266 0.078
3476.54541 9.297 0.08
3478.56366 9.435 0.059
3478.56932 9.312 0.057
3480.58579 9.605 0.064
3490.54433 10.131 0.095
3490.5589 10.076 0.092
3492.55237 10.335 0.102
3496.57925 9.003 0.042
3497.55106 9.098 0.065
3500.53181 9.325 0.04
3502.47643 9.622 0.041
3503.48726 9.384 0.096
3509.51772 9.972 0.036
3512.47475 10.127 0.034
3520.48602 9.01 0.077
3520.52616 9.049 0.037
3523.46776 9.255 0.051
3523.47991 9.292 0.053
3526.47324 9.481 0.039
3526.48948 9.484 0.04
3528.50299 9.653 0.038
3529.46958 9.746 0.049
3539.46399 10.287 0.052
3544.45586 9.007 0.049
3622.90447 9.786 0.035
3630.87698 10.229 0.037
3640.86492 9.389 0.049
3644.86614 9.708 0.043
3648.8785 10.006 0.045
3652.85322 10.123 0.043
3659.86533 9.031 0.036
3663.82587 9.355 0.059
3666.8659 9.613 0.044
3670.81076 9.862 0.039
3673.84244 10.144 0.051
3677.8094 10.237 0.049
3703.7769 9.696 0.033
3706.75774 9.169 0.078
3711.85218 9.527 0.045
3714.73554 9.71 0.036
3717.73372 9.932 0.048
3719.79331 10.081 0.05
3722.71685 10.156 0.067
3725.76208 10.248 0.054
3728.70562 8.967 0.063
3731.84543 9.283 0.044
3734.74518 9.504 0.058
3737.71229 9.699 0.045
3739.79323 9.757 0.072
3742.67837 10.081 0.078
3744.76025 10.133 0.057
3747.66587 10.301 0.039
3748.6612 10.241 0.08
3749.77232 9.847 0.07
3752.72277 9.039 0.047
3754.84896 9.201 0.067
3757.63065 9.453 0.046
3759.69865 9.672 0.065
3760.64847 9.748 0.081
3761.83373 9.834 0.062
3764.66416 9.992 0.063
3765.63138 9.976 0.089
3767.63924 10.055 0.067
3769.73776 10.148 0.054
3770.59731 10.244 0.069
3772.59873 10.098 0.033
3772.67099 9.98 0.056
3774.69316 9.055 0.075
3774.77437 9.018 0.046
3776.74266 9.095 0.073
3777.58642 9.162 0.081
3778.72002 9.371 0.085
3779.62554 9.933 0.058
3780.757 9.521 0.074
3787.63239 9.98 0.091
3788.66149 9.966 0.078
3790.73332 10.119 0.036
3793.62748 10.208 0.079
3795.68881 10.137 0.067
3796.59316 9.596 0.038
3797.68021 9.046 0.035
3798.64385 9.049 0.044
3799.72472 9.138 0.039
3800.64103 9.127 0.083
3802.59056 9.414 0.081
3804.65831 9.563 0.067
3805.55749 9.589 0.08
3806.66045 9.612 0.057
3808.5893 9.692 0.069
3809.66915 9.935 0.061
3810.57888 10.009 0.063
3811.6764 10.037 0.046
3812.59018 10.118 0.046
3813.69489 10.082 0.066
3814.59983 10.034 0.061
3816.57097 10.286 0.083
3818.60551 10.108 0.054
3820.61875 8.992 0.054
3822.67649 9.146 0.057
3823.56371 9.106 0.045
3825.53337 9.351 0.067
3827.54854 9.437 0.082
3829.57728 9.5 0.087
3831.57865 9.81 0.074
3833.58688 9.97 0.06
3833.61866 10.04 0.057
3835.59918 10.078 0.042
3835.64632 10.006 0.063
3837.63691 10.078 0.046
3848.52892 9.279 0.056
3849.52783 9.461 0.067
3850.56591 9.446 0.058
3851.54666 9.541 0.037
3852.55721 9.617 0.061
3853.55912 9.714 0.031
3855.57175 9.858 0.041
3858.5353 9.978 0.068
3860.51883 10.082 0.058
3860.5585 10.122 0.039
3862.51788 10.121 0.052
3864.54282 10.205 0.031
3865.48695 10.038 0.053
3867.54339 9.036 0.06
3870.47938 9.312 0.04
3871.49038 9.3 0.033
3872.50473 9.466 0.071
3876.51793 9.726 0.065
3877.49327 9.724 0.047
3880.49128 10.007 0.045
3881.48497 10.013 0.039
3883.48074 10.076 0.056
3883.53221 10.138 0.039
3887.48333 10.252 0.05
3890.48075 8.999 0.041
3890.49727 8.978 0.035
3893.4701 9.235 0.046
3894.45644 9.309 0.038
3898.45639 9.576 0.041
3898.4646 9.592 0.04
3901.4525 9.833 0.033
3902.44957 9.881 0.056
3904.45298 10.049 0.039
3907.4572 10.093 0.04
4091.70675 10.148 0.067
4105.66523 9.577 0.059
4107.70685 9.694 0.039
4111.78867 9.96 0.077
4125.74253 9.295 0.07
4127.70815 9.363 0.044
4129.6927 9.538 0.052
4131.73246 9.745 0.075
4133.75326 9.947 0.093
4135.7722 10.013 0.073
4137.76091 10.018 0.081
4146.68606 9.132 0.083
4149.77291 9.356 0.062
4152.54868 9.512 0.035
4154.5906 9.697 0.057
4156.62414 9.766 0.091
4158.5896 10.005 0.075
4158.64077 10.002 0.074
4160.67049 10.158 0.049
4162.67236 10.058 0.082
4164.69949 10.188 0.088
4167.63696 9.355 0.066
4172.67721 9.347 0.047
4174.69018 9.493 0.067
4180.59344 9.932 0.047
4182.62189 10.029 0.053
4184.52436 10.109 0.065
4184.61822 10.122 0.039
4190.66853 9.569 0.056
4193.51539 9.048 0.065
4196.57695 9.424 0.06
4201.57549 9.744 0.051
4204.57136 10.218 0.041
4216.55258 9.067 0.041
4228.49944 10.035 0.044
4230.51009 10.129 0.049
4232.52447 10.15 0.04
4234.5228 10.256 0.043
4256.47891 10.228 0.056
4341.91038 9.865 0.049
4345.91118 10.098 0.047
4349.90076 10.259 0.043
4355.88859 9.172 0.042
4362.89534 9.669 0.048
4366.86911 10.024 0.056
4376.85748 8.999 0.048
4380.82978 9.298 0.045
4384.82542 9.618 0.051
4387.84574 9.84 0.055
4402.8453 9.186 0.049
4406.84672 9.474 0.06
4409.82696 9.735 0.057
4413.82689 10.048 0.052
4421.79932 9.946 0.053
4424.8471 9.092 0.059
4427.83115 9.389 0.042
4430.77426 9.593 0.043
4433.76379 9.777 0.037
4436.76922 10.055 0.042
4439.75675 10.108 0.047
4460.69194 10.061 0.041
4462.76199 10.094 0.041
4465.68694 10.271 0.063
4467.79091 10.011 0.046
4470.6887 8.997 0.051
4473.73876 9.327 0.071
4476.73952 9.534 0.062
4479.64786 9.734 0.061
4482.68498 10.046 0.074
4485.67508 10.104 0.069
4487.71012 10.085 0.051
4489.75383 10.284 0.049
4492.6166 9.05 0.039
4494.65591 9.199 0.054
4497.77816 9.363 0.045
4505.60148 9.984 0.048
4507.65864 10.14 0.07
4509.62678 10.09 0.043
4509.73792 10.132 0.062
4512.58972 10.28 0.071
4515.70464 9.021 0.048
4517.75911 9.053 0.063
4520.58773 9.314 0.064
4522.60163 9.442 0.062
4524.6057 9.643 0.046
4526.64205 9.78 0.058
4528.58409 9.905 0.053
4528.70075 9.962 0.053
4531.59793 10.123 0.043
4536.70957 10.2 0.039
4539.54513 9.006 0.07
4541.58664 9.198 0.039
4543.60648 9.356 0.044
4547.63897 9.707 0.06
4554.67154 10.131 0.052
4559.53544 10.79 0.045
4561.5959 9.31 0.053
4563.61435 9.108 0.058
4565.62708 9.298 0.059
4568.53692 9.472 0.048
4569.5259 9.501 0.048
4570.54573 9.612 0.035
4571.549 9.671 0.048
4572.57303 9.773 0.041
4574.59724 9.92 0.041
