1869.77351 10.988 0.052
1873.80038 10.849 0.051
1876.71467 10.172 0.05
1877.77794 10.477 0.045
1877.83984 10.474 0.039
1880.70928 10.975 0.054
1880.81709 10.962 0.042
1881.76467 10.151 0.037
1881.84335 10.064 0.034
1884.74195 10.766 0.037
1884.77093 10.792 0.035
1885.74306 10.956 0.035
1885.805 10.974 0.035
1886.75223 10.714 0.038
1886.7932 10.728 0.036
1887.74755 10.127 0.041
1887.7719 10.162 0.042
1888.73512 10.481 0.048
1888.80656 10.462 0.042
1889.76435 10.646 0.039
1889.78661 10.642 0.039
1899.70887 10.44 0.037
1900.71814 10.61 0.038
1902.69813 10.997 0.031
1902.72036 11.012 0.032
1903.72061 10.229 0.029
1905.70685 10.566 0.039
1905.72924 10.593 0.04
1906.69552 10.703 0.035
1906.71775 10.727 0.036
1907.70251 10.967 0.037
1908.69478 10.89 0.035
1908.7126 10.795 0.033
1913.67162 11.038 0.03
1914.68544 10.299 0.031
1915.68496 10.255 0.038
1915.70523 10.267 0.037
1918.66659 10.975 0.035
1919.67823 10.93 0.04
1919.72204 10.858 0.038
1920.67517 10.124 0.03
1921.67067 10.406 0.034
1921.69399 10.43 0.034
1922.67075 10.639 0.034
1923.66538 10.857 0.03
1924.66275 10.993 0.036
1925.66353 10.39 0.044
1925.68608 10.393 0.031
1926.65766 10.267 0.033
1928.66625 10.724 0.032
1929.65458 10.988 0.032
1930.65264 10.918 0.034
1931.6477 10.104 0.037
1932.64476 10.366 0.035
1933.64417 10.596 0.036
1934.64204 10.868 0.033
1936.62341 10.504 0.034
1937.68144 10.224 0.037
1938.61828 10.517 0.035
1940.63282 10.944 0.038
1945.62472 10.817 0.038
1946.6311 11.013 0.036
1948.58576 10.186 0.033
1949.63424 10.528 0.038
1950.60508 10.663 0.036
1952.60024 10.966 0.04
1953.60495 10.104 0.047
1954.60863 10.346 0.055
1955.60013 10.587 0.054
1958.58383 10.635 0.049
1959.59583 10.15 0.052
1961.5897 10.697 0.054
1963.57052 10.981 0.058
1964.58949 10.109 0.054
1965.57809 10.295 0.055
1967.56069 10.756 0.059
1968.57412 10.978 0.064
1977.54922 10.58 0.071
1979.54563 11.014 0.077
1981.58023 10.164 0.069
1984.52067 10.839 0.073
2026.50889 10.395 0.038
2031.50583 10.315 0.043
2058.45136 10.037 0.051
2133.92753 10.944 0.051
2135.93091 10.112 0.065
2166.90226 10.948 0.048
2168.87439 10.153 0.048
2172.84941 11.016 0.051
2183.88722 10.993 0.046
2185.83969 10.193 0.053
2189.87475 10.953 0.057
2193.83522 10.791 0.05
2196.82309 10.215 0.051
2200.82424 10.997 0.054
2200.82424 11.719 0.054
2202.80708 10.351 0.049
2208.81711 10.46 0.062
2213.82921 10.337 0.055
2215.79664 10.771 0.053
2217.78013 10.685 0.056
2221.79302 10.917 0.064
2222.85788 10.955 0.071
2225.74417 10.592 0.059
2227.77016 10.986 0.065
2229.75397 10.089 0.062
2232.79655 10.859 0.06
2235.81693 10.28 0.062
2237.73794 10.7 0.066
2240.81254 10.127 0.075
2249.77063 10.971 0.079
2520.88788 10.92 0.047
2520.90403 11.031 0.049
2521.91529 10.062 0.05
2521.91529 10.093 0.034
2545.84102 10.599 0.034
2545.84102 10.601 0.029
2557.80514 10.732 0.05
2559.84421 10.681 0.032
2561.82489 10.519 0.037
2561.85933 10.47 0.034
2565.82253 10.15 0.03
2565.84256 10.13 0.031
2577.78216 10.323 0.033
2621.80372 10.267 0.027
2621.82171 10.276 0.027
2623.76001 10.718 0.027
2625.72794 10.965 0.032
2625.75489 10.91 0.028
2628.70948 10.65 0.03
2628.70948 10.65 0.032
2631.83509 10.333 0.03
2637.70079 10.103 0.021
2637.73024 10.105 0.025
2639.70193 10.596 0.026
2639.73145 10.652 0.028
2641.70243 10.997 0.027
2641.7413 11.032 0.027
2643.72333 10.242 0.031
2643.75313 10.253 0.032
2645.70079 10.673 0.024
2645.72128 10.696 0.023
2647.71777 10.976 0.023
2650.66232 10.6 0.024
2650.69185 10.635 0.027
2652.68012 11.055 0.029
2654.6814 10.198 0.031
2655.65924 10.497 0.026
2657.71481 10.909 0.027
2657.80285 10.958 0.033
2659.74268 10.133 0.034
2659.76881 10.093 0.024
2661.73983 10.651 0.028
2661.76494 10.619 0.026
2663.7614 11.046 0.023
2665.72792 10.202 0.028
2665.75307 10.248 0.023
2667.72857 10.686 0.026
2667.75376 10.714 0.024
2669.71798 11.023 0.026
2669.7439 11.042 0.025
2671.74231 10.358 0.022
2673.71287 10.749 0.032
2675.69933 11.632 0.026
2675.72463 10.632 0.023
2677.68135 10.421 0.028
2677.70668 10.488 0.029
2679.65276 10.911 0.034
2683.63204 10.591 0.029
2684.77986 10.819 0.026
2685.63349 11.015 0.037
2686.68852 10.684 0.048
2686.78359 10.608 0.038
2688.67392 10.494 0.037
2688.68336 10.467 0.03
2690.67273 10.902 0.041
2691.70962 11.013 0.029
2692.66977 10.111 0.064
2693.72388 10.401 0.037
2694.67407 10.56 0.034
2696.68912 11.039 0.029
2697.69037 10.745 0.04
2698.66761 10.152 0.039
2700.66013 10.69 0.04
2702.65219 11.026 0.03
2704.6394 10.252 0.041
2706.61863 10.733 0.037
2710.5924 10.426 0.032
2711.68712 10.654 0.028
2713.65334 10.982 0.031
2715.66299 10.292 0.034
2719.58125 10.909 0.025
2721.60212 10.441 0.04
2723.60247 10.897 0.034
2723.60247 11.626 0.034
2725.59907 10.342 0.028
2727.5926 10.549 0.039
2729.59037 10.97 0.033
2733.57845 10.683 0.035
2735.57384 11.076 0.035
2737.56554 10.232 0.041
2741.55839 10.983 0.038
2741.55839 11.937 0.038
2743.57755 10.419 0.042
2745.58512 10.861 0.034
2751.5219 10.965 0.029
2754.52247 10.344 0.039
2756.52412 10.813 0.041
2760.53711 10.51 0.034
2764.52037 10.139 0.035
2776.52993 10.352 0.033
2784.47499 10.884 0.037
2786.4752 10.14 0.033
2789.4739 10.798 0.034
2789.4739 11.701 0.034
2792.46165 10.191 0.03
2795.46115 10.879 0.039
2862.92785 10.94 0.041
2885.89062 10.096 0.029
2886.90159 10.38 0.029
2893.89843 10.624 0.036
2896.88858 10.117 0.027
2906.87051 10.999 0.025
2910.86941 10.793 0.029
2910.8805 10.793 0.027
2912.86775 10.712 0.024
2916.82416 10.876 0.028
2922.81123 11.035 0.036
2922.83344 11.165 0.027
2924.86435 10.145 0.028
2927.82834 10.894 0.029
2928.84141 10.987 0.039
2930.8431 10.291 0.027
2931.84451 10.578 0.028
2940.77305 10.341 0.031
2940.79624 10.286 0.026
2942.81942 10.578 0.034
2951.77918 10.308 0.026
2957.80636 10.097 0.03
2964.78682 10.495 0.027
2964.806 10.548 0.03
2967.77669 10.949 0.029
2970.83832 10.638 0.031
2973.80358 10.387 0.026
2975.74921 10.499 0.024
2976.77344 10.685 0.035
2977.7421 10.949 0.036
2979.76296 10.066 0.036
2981.78201 10.603 0.032
2984.7333 10.536 0.026
2986.74443 10.526 0.024
2986.79736 10.515 0.028
2989.72646 11.014 0.026
2991.77118 10.336 0.028
2996.76016 10.182 0.03
3001.74963 10.087 0.026
3005.80318 11.039 0.032
3007.7338 10.203 0.029
3009.76635 10.711 0.029
3011.79603 10.977 0.03
3015.66697 10.84 0.034
3017.69455 10.729 0.028
3019.6954 10.483 0.028
3029.67385 10.133 0.028
3031.72303 10.665 0.03
3033.7221 11.056 0.026
3035.75771 10.329 0.034
3043.64982 10.929 0.034
3045.67846 10.223 0.029
3048.65177 10.805 0.031
3051.61055 10.134 0.026
3053.66111 10.663 0.049
3055.70799 11.022 0.032
3057.74221 10.281 0.033
3060.59222 10.947 0.055
3064.64939 10.644 0.037
3067.67302 10.397 0.027
3069.69143 10.558 0.032
3071.71523 10.979 0.032
3074.57005 10.392 0.027
3074.61474 10.407 0.028
3076.64145 10.875 0.028
3078.64746 10.394 0.028
3080.65802 10.485 0.041
3082.68703 10.985 0.029
3086.67575 10.665 0.034
3088.67884 11.015 0.037
3091.52084 10.489 0.033
3093.55455 10.944 0.031
3097.55579 10.624 0.035
3099.56782 11.025 0.03
3101.57793 10.199 0.03
3103.58459 10.687 0.028
3105.57649 10.969 0.057
3107.58015 10.346 0.027
3109.58695 10.834 0.03
3111.58235 10.581 0.029
3113.6017 10.495 0.026
3116.52171 10.997 0.036
3116.52171 11.0 0.028
3122.53485 10.713 0.027
3124.56054 10.466 0.03
3127.52167 11.056 0.031
3129.5364 10.336 0.032
3131.54219 10.816 0.032
3133.54573 10.664 0.029
3144.48921 10.77 0.035
3156.47476 10.15 0.036
3160.47633 11.048 0.034
3164.46255 10.714 0.029
3168.46525 10.44 0.028
3276.86229 10.789 0.053
3296.8498 10.76 0.039
3333.79558 10.383 0.034
3356.71851 10.615 0.051
3357.73584 10.753 0.037
3363.72563 10.858 0.042
3372.75524 10.379 0.06
3372.75524 10.429 0.066
3382.83348 10.148 0.05
3382.83348 10.152 0.056
3383.71666 10.379 0.062
3385.75518 10.97 0.086
3385.75518 11.525 0.086
3387.7407 10.095 0.084
3389.63716 10.524 0.037
3392.72606 10.769 0.092
3392.72606 10.837 0.097
3396.81161 10.759 0.078
3397.62608 11.026 0.053
3397.76865 10.968 0.072
3399.60864 10.262 0.058
3404.70824 10.085 0.046
3404.74175 10.151 0.049
3406.75041 10.63 0.047
3406.78237 10.675 0.049
3408.81069 10.977 0.037
3409.59742 10.487 0.062
3411.62062 10.455 0.071
3411.65014 10.555 0.039
3413.66592 10.954 0.046
3413.70008 10.999 0.05
3415.71061 10.145 0.044
3417.66979 10.637 0.049
3417.70231 10.715 0.051
3419.6583 10.985 0.063
3419.68823 10.995 0.081
3421.67821 10.291 0.071
3423.66602 10.688 0.063
3425.69261 10.842 0.063
3425.71649 10.922 0.056
3427.72383 10.368 0.052
3431.67409 10.409 0.047
3433.69672 10.51 0.044
3433.72242 10.473 0.079
3436.68489 10.93 0.036
3436.71664 10.932 0.037
3439.67596 10.604 0.036
3439.6985 10.657 0.032
3443.5284 10.119 0.068
3445.56035 10.73 0.085
3447.57428 10.985 0.046
3447.59078 11.07 0.089
3449.59527 10.415 0.08
3452.52008 11.025 0.076
3454.58361 10.196 0.052
3456.58037 10.671 0.049
3458.56884 10.982 0.035
3460.57367 10.356 0.041
3462.58033 10.763 0.045
3464.61471 10.587 0.033
3466.62955 10.526 0.046
3469.62163 11.027 0.035
3471.62772 10.373 0.034
3471.63109 10.339 0.039
3473.62551 10.774 0.065
3473.63379 10.793 0.034
3476.53976 10.086 0.078
3478.56366 10.737 0.059
3480.58579 10.931 0.064
3490.54433 10.979 0.095
3492.55237 10.131 0.102
3497.55106 10.779 0.065
3500.53181 10.651 0.04
3502.55679 11.097 0.067
3503.48726 10.27 0.096
3512.47475 10.878 0.034
3520.48602 10.136 0.077
3523.46776 10.863 0.051
3526.47324 10.266 0.039
3529.46958 10.908 0.049
3603.92253 10.276 0.04
3618.90945 10.766 0.037
3618.91139 10.753 0.043
3622.91036 10.916 0.045
3628.9017 10.945 0.036
3630.87698 10.136 0.037
3633.90117 10.82 0.04
3636.88577 10.275 0.042
3640.86492 10.937 0.049
3640.87635 10.861 0.039
3640.88703 10.915 0.042
3640.89393 10.809 0.035
3644.86614 10.837 0.043
3644.87695 10.814 0.039
3644.88679 10.844 0.055
3646.88747 10.283 0.04
3650.87647 10.878 0.041
3652.85322 10.103 0.043
3654.86833 10.608 0.035
3656.87293 11.074 0.037
3658.83981 10.136 0.038
3659.86533 10.509 0.036
3660.83118 10.657 0.039
3660.83792 10.736 0.039
3662.84678 10.865 0.036
3663.82587 10.061 0.059
3664.8216 10.359 0.037
3664.82866 10.358 0.049
3666.83295 10.786 0.04
3666.8659 10.847 0.044
3668.8482 10.446 0.035
3668.85993 10.463 0.037
3670.82313 10.471 0.04
3671.83887 10.686 0.042
3672.81802 10.907 0.041
3673.84244 10.952 0.051
3673.85644 10.958 0.055
3675.79423 10.353 0.04
3677.8094 10.807 0.049
3677.82887 10.845 0.046
3699.80948 10.866 0.065
3700.7774 10.998 0.069
3700.80612 10.957 0.032
3703.7769 10.453 0.033
3703.7769 11.528 0.033
3703.78331 10.393 0.062
3703.79899 10.385 0.053
3705.82892 10.932 0.034
3706.75774 11.082 0.078
3706.76689 10.969 0.071
3708.77498 10.31 0.039
3711.79605 10.943 0.054
3711.82311 10.986 0.062
3711.82311 11.835 0.062
3711.85218 11.044 0.045
3714.73554 10.457 0.036
3715.75576 10.666 0.043
3717.73372 11.08 0.048
3718.74799 10.203 0.07
3719.79331 10.338 0.05
3721.74118 10.787 0.033
3722.71685 11.002 0.067
3725.76208 10.437 0.054
3727.71791 10.91 0.041
3728.70562 11.084 0.063
3730.77994 10.261 0.043
3731.84543 10.567 0.044
3732.72664 10.708 0.034
3733.78123 10.95 0.057
3734.74518 10.779 0.058
3735.71194 10.186 0.084
3736.74814 10.398 0.048
3737.71229 10.703 0.045
3739.68805 11.015 0.073
3739.79323 11.211 0.072
3741.76633 10.242 0.065
3742.67837 10.566 0.078
3744.69647 10.979 0.038
3744.76025 11.012 0.057
3747.66587 10.399 0.039
3749.77232 10.863 0.07
3749.79315 10.857 0.074
3752.72277 10.26 0.047
3752.73208 10.328 0.087
3754.84896 10.836 0.067
3757.63065 10.102 0.046
3757.70471 10.107 0.059
3759.69865 10.688 0.065
3759.75125 10.678 0.065
3761.83373 10.981 0.062
3762.67903 10.307 0.071
3764.66416 10.501 0.063
3764.79734 10.603 0.045
3767.63924 10.961 0.067
3769.73776 10.407 0.054
3770.60127 10.647 0.047
3772.59873 11.024 0.033
3774.69316 10.299 0.075
3776.74266 10.755 0.073
3778.72002 11.002 0.085
3779.64007 10.161 0.084
3780.757 10.49 0.074
3788.66149 10.993 0.078
3790.73332 10.056 0.036
3790.7704 10.107 0.072
3793.62748 10.733 0.079
3795.68881 10.451 0.067
3795.69264 10.5 0.037
3797.68021 10.519 0.035
3797.68331 10.517 0.039
3799.72472 10.936 0.039
3799.72784 10.965 0.033
3802.59056 10.377 0.081
3804.65831 10.811 0.067
3804.66141 10.85 0.049
3806.66045 10.619 0.057
3806.66674 10.565 0.072
3809.66915 10.716 0.061
3811.6764 11.036 0.046
3811.67954 10.996 0.04
3813.69489 10.408 0.066
3813.69799 10.355 0.037
3815.72315 10.923 0.041
3816.57097 10.994 0.083
3818.60551 10.205 0.054
3820.58722 10.66 0.085
3820.61875 10.656 0.054
3822.67649 10.986 0.057
3825.53337 10.633 0.067
3827.54854 12.294 0.082
3829.57728 10.154 0.087
3831.57865 10.682 0.074
3833.58508 11.046 0.062
3833.58688 11.006 0.06
3835.59918 10.316 0.042
3837.63691 10.852 0.046
3849.52783 10.879 0.067
3851.54666 10.124 0.037
3851.54666 10.983 0.037
3851.5499 10.111 0.037
3853.55912 10.864 0.031
3853.56237 10.651 0.029
3855.57175 11.053 0.041
3855.57495 10.997 0.037
3858.5353 10.492 0.068
3858.53849 10.535 0.053
3860.5585 10.97 0.039
3860.56177 11.004 0.038
3862.54984 10.116 0.035
3865.48695 10.941 0.053
3867.54339 10.28 0.06
3869.54079 10.574 0.042
3870.47938 10.669 0.04
3872.50473 10.961 0.071
3876.51793 10.892 0.065
3880.49128 10.528 0.045
3883.48074 10.98 0.056
3887.48333 10.907 0.05
3887.48881 10.879 0.046
3890.48075 10.251 0.041
3893.4701 10.976 0.046
3898.4646 10.857 0.04
3902.44957 10.563 0.056
4089.73727 10.354 0.043
4091.70675 10.814 0.067
4103.76304 10.979 0.075
4103.7955 11.005 0.064
4105.66523 10.25 0.059
4106.66583 10.508 0.04
4106.68856 10.484 0.037
4107.70685 10.696 0.039
4109.75188 10.806 0.063
4126.73365 10.457 0.036
4127.70815 10.231 0.044
4129.6927 10.696 0.052
4131.73246 10.994 0.075
4135.74856 10.753 0.049
4137.74802 10.445 0.06
4146.68606 10.847 0.083
4149.73928 10.117 0.055
4149.77291 10.206 0.062
4151.77977 10.669 0.08
4152.54868 10.928 0.035
4154.5906 10.135 0.057
4156.62414 10.641 0.091
4158.64077 11.072 0.074
4160.67049 10.215 0.049
4162.67236 10.691 0.082
4164.69949 11.065 0.088
4167.62329 10.574 0.088
4167.63696 10.596 0.066
4172.61 10.468 0.048
4172.66709 10.416 0.064
4172.67721 10.46 0.047
4174.62039 10.922 0.048
4174.67976 10.785 0.054
4174.69018 10.978 0.067
4179.65477 10.769 0.05
4180.58847 10.857 0.064
4180.59344 10.946 0.047
4181.66766 10.804 0.051
4182.62189 10.135 0.053
4183.6806 10.426 0.054
4184.61822 10.629 0.039
4188.61641 10.255 0.035
4190.66853 10.751 0.056
4192.64747 10.782 0.054
4193.51539 10.139 0.065
4201.57549 10.735 0.051
4204.57136 10.093 0.041
4216.55258 10.383 0.041
4228.49944 10.647 0.044
4228.53806 10.6 0.05
4228.53806 12.116 0.05
4230.5408 10.871 0.052
4232.52447 10.225 0.04
4234.5228 10.7 0.043
4234.54652 10.647 0.05
4256.47891 10.73 0.056
4331.91882 10.225 0.041
4341.91864 10.369 0.045
4346.91331 10.854 0.043
4357.89967 10.87 0.045
4361.90025 10.813 0.042
4365.8794 10.483 0.04
4366.86911 10.715 0.056
4372.85554 10.829 0.041
4373.87525 10.959 0.046
4377.86776 10.652 0.041
4381.86668 10.289 0.043
4385.84945 10.565 0.047
4403.83943 10.277 0.038
4407.8593 10.63 0.04
4410.84805 10.56 0.037
4418.8672 10.743 0.038
4424.8471 10.188 0.059
4426.80422 10.58 0.049
4427.83115 10.767 0.042
4428.77 10.97 0.04
4430.77426 10.107 0.043
4431.80638 10.439 0.048
4431.80638 11.989 0.048
4432.77421 10.621 0.038
4432.77421 11.632 0.038
4433.76379 10.905 0.037
4435.7642 10.364 0.048
4436.76922 10.208 0.042
4437.78753 10.505 0.036
4438.75603 10.752 0.039
4439.75675 10.987 0.047
4440.77872 10.805 0.04
4441.74594 10.081 0.042
4443.78692 10.663 0.051
4443.78692 12.181 0.051
4452.74772 10.059 0.066
4453.71705 10.375 0.036
4455.74079 10.92 0.069
4455.74079 11.953 0.069
4458.728 10.13 0.07
4460.69194 10.697 0.041
4461.71526 10.872 0.038
4461.79596 10.919 0.052
4462.76199 10.91 0.041
4464.70582 10.375 0.067
4467.79091 10.994 0.046
4470.6887 10.469 0.051
4470.7151 10.505 0.05
4473.73679 10.978 0.045
4473.73876 10.979 0.071
4473.76164 10.993 0.06
4476.73952 10.629 0.062
4479.64786 10.605 0.061
4482.68498 10.669 0.074
4485.67508 10.147 0.069
4487.71012 10.619 0.051
4489.75383 11.029 0.049
4489.76088 11.064 0.047
4489.78421 11.008 0.048
4489.78421 12.176 0.048
4492.6166 10.467 0.039
4494.65591 10.901 0.054
4497.77816 10.399 0.045
4505.60148 10.867 0.048
4507.65864 10.085 0.07
4509.73792 10.628 0.062
4509.74338 10.638 0.044
4509.74961 10.533 0.049
4512.58972 10.84 0.071
4515.70464 10.675 0.048
4515.73046 10.724 0.075
4515.75658 10.629 0.073
4517.75911 10.93 0.063
4520.58773 10.594 0.064
4522.60163 10.945 0.062
4526.64205 10.586 0.058
4528.70075 10.96 0.053
4531.59793 10.603 0.043
4536.70957 10.429 0.039
4539.54513 11.015 0.07
4541.58664 10.274 0.039
4543.60648 10.704 0.044
4547.63897 10.382 0.06
4547.67519 10.353 0.05
4554.67154 10.75 0.052
4554.68429 10.666 0.046
4559.53544 10.682 0.045
4561.5959 11.001 0.053
4563.61435 10.221 0.058
4565.62708 10.759 0.059
4568.53692 10.038 0.048
4570.54573 10.633 0.035
4572.57303 10.957 0.041
4574.59724 10.268 0.041
