1868.81013 11.277 0.027
1869.77854 11.49 0.029
1869.80547 11.511 0.027
1871.75879 11.285 0.028
1873.74927 11.021 0.029
1874.71396 11.29 0.026
1874.8308 11.458 0.028
1876.74416 11.042 0.027
1877.79002 11.458 0.024
1877.84249 11.495 0.025
1879.73322 11.138 0.025
1880.71662 11.461 0.032
1880.81259 11.5 0.028
1884.73747 11.156 0.024
1884.74467 11.137 0.024
1885.75747 11.34 0.025
1885.80094 11.387 0.024
1886.76202 11.565 0.024
1886.8008 11.675 0.023
1887.77684 11.068 0.025
1888.73784 11.357 0.027
1888.80926 11.454 0.028
1889.76948 11.674 0.032
1889.78927 11.635 0.031
1899.71161 11.353 0.025
1899.73608 11.375 0.025
1900.72089 11.608 0.025
1900.74084 11.66 0.025
1900.74581 11.604 0.021
1902.70088 11.42 0.023
1902.7231 11.395 0.022
1903.7328 11.695 0.023
1903.75544 11.612 0.025
1904.69817 11.14 0.024
1904.73252 11.181 0.024
1905.70961 11.444 0.024
1905.73421 11.489 0.024
1906.72278 11.391 0.023
1907.70527 11.258 0.023
1907.728 11.291 0.024
1908.69755 11.537 0.023
1908.71761 11.535 0.022
1914.69271 11.642 0.025
1914.71284 11.622 0.024
1915.69227 11.054 0.024
1915.71249 11.13 0.025
1918.67159 11.159 0.03
1918.68968 11.178 0.029
1919.72478 11.526 0.03
1920.68246 11.217 0.027
1920.70261 11.186 0.027
1921.67573 11.234 0.026
1921.70126 11.294 0.027
1922.67803 11.51 0.025
1922.69609 11.568 0.024
1923.67267 11.047 0.027
1923.69292 11.097 0.049
1924.66775 11.338 0.041
1924.68804 11.317 0.027
1925.66851 11.549 0.025
1925.69338 11.577 0.027
1926.66493 11.032 0.024
1926.68529 11.066 0.023
1928.66898 11.67 0.023
1928.68712 11.69 0.023
1929.65954 11.105 0.023
1929.67776 11.161 0.023
1930.65762 11.454 0.023
1930.67797 11.449 0.023
1931.65494 11.65 0.025
1931.67532 11.505 0.024
1932.64748 11.204 0.024
1932.67537 11.218 0.023
1933.64912 11.5 0.024
1933.6663 11.485 0.024
1934.64701 11.249 0.023
1934.66963 11.129 0.024
1935.58786 11.191 0.023
1935.6043 11.219 0.023
1937.62575 11.03 0.023
1937.64194 10.978 0.024
1938.64974 11.359 0.025
1938.67578 11.51 0.024
1939.70211 11.661 0.024
1940.6371 11.072 0.023
1941.62332 11.422 0.023
1945.62814 11.452 0.027
1945.65433 11.146 0.026
1946.63458 11.25 0.029
1946.66096 11.268 0.028
1948.59214 11.177 0.03
1948.60475 11.16 0.029
1949.64401 11.322 0.028
1949.6506 11.354 0.029
1950.61001 11.547 0.027
1950.63075 11.616 0.026
1952.60517 11.391 0.028
1952.62354 11.335 0.028
1953.60756 11.632 0.031
1953.62147 11.68 0.027
1955.60273 11.451 0.034
1955.61886 11.488 0.031
1958.60709 11.505 0.029
1959.5984 11.166 0.033
1959.62143 11.174 0.031
1961.59226 11.544 0.033
1961.61079 11.552 0.03
1963.57307 11.338 0.036
1963.59384 11.324 0.033
1964.59428 11.61 0.036
1964.61051 11.62 0.031
1965.58062 11.035 0.034
1965.59919 11.058 0.03
1966.60339 11.444 0.033
1967.5632 11.758 0.036
1967.59817 11.693 0.033
1968.57891 11.155 0.041
1968.59519 11.184 0.036
1977.54488 11.417 0.048
1977.57054 11.383 0.044
1979.54359 11.018 0.05
1979.55771 11.081 0.045
1981.55851 11.699 0.04
1981.58262 11.644 0.046
1984.52303 11.631 0.046
1984.53493 11.559 0.042
1993.5245 11.168 0.047
2026.5004 10.975 0.027
2026.52234 11.051 0.027
2031.45776 11.686 0.03
2031.49935 11.601 0.026
2033.51782 11.502 0.025
2057.46554 11.178 0.026
2058.45537 11.485 0.03
2062.44618 11.034 0.055
2067.44553 11.748 0.061
2144.9268 11.292 0.048
2167.87174 11.579 0.035
2167.88484 11.54 0.032
2171.9065 11.078 0.043
2173.89067 11.642 0.03
2184.84195 11.578 0.038
2185.84428 11.033 0.037
2186.86575 11.433 0.032
2188.87534 11.152 0.032
2189.87702 11.489 0.034
2190.84768 11.438 0.03
2191.84175 11.202 0.032
2192.8422 11.552 0.031
2194.84555 11.297 0.03
2196.82542 11.016 0.032
2196.86832 11.016 0.028
2198.82107 11.623 0.034
2198.84782 11.623 0.029
2200.8266 11.817 0.033
2202.81182 11.19 0.035
2212.81386 11.665 0.034
2214.7768 11.453 0.039
2215.85464 11.149 0.043
2217.78728 11.539 0.04
2221.80237 11.04 0.047
2224.77928 11.094 0.047
2226.76081 11.694 0.04
2227.82127 11.259 0.046
2229.76335 11.502 0.041
2232.79914 11.025 0.038
2237.81219 11.632 0.048
2239.79043 11.594 0.046
2240.80847 11.197 0.049
2241.80301 11.321 0.043
2250.78956 11.437 0.048
2251.74919 11.711 0.051
2251.79954 11.374 0.049
2252.75077 11.178 0.052
2253.77514 11.497 0.051
2254.76493 11.146 0.046
2255.74184 11.254 0.053
2255.77096 11.303 0.046
2257.71328 11.164 0.052
2260.74911 11.036 0.054
2520.91386 11.461 0.029
2526.90289 11.574 0.056
2544.90349 11.105 0.047
2557.82573 11.578 0.033
2557.83723 11.65 0.03
2559.85334 11.471 0.023
2562.82816 11.463 0.019
2564.83657 11.378 0.03
2565.83891 11.486 0.031
2574.79426 11.685 0.054
2577.78916 11.449 0.029
2577.79297 11.37 0.029
2621.8061 11.634 0.024
2623.74267 11.452 0.021
2623.76507 11.474 0.02
2625.75765 11.236 0.022
2631.83786 11.449 0.025
2632.78413 11.604 0.049
2635.69158 11.614 0.023
2639.73649 11.25 0.021
2641.70748 11.137 0.02
2641.74408 11.019 0.021
2643.75591 11.595 0.021
2645.72639 11.376 0.021
2647.72282 11.166 0.021
2650.67197 11.187 0.018
2650.69922 11.182 0.035
2652.68289 11.394 0.022
2652.72386 11.135 0.021
2654.68418 11.533 0.024
2655.66719 11.12 0.035
2657.71757 11.624 0.026
2657.80563 11.579 0.04
2661.76769 11.284 0.023
2663.76415 11.025 0.022
2667.75649 11.43 0.024
2669.75393 11.155 0.025
2671.74503 11.596 0.022
2673.74068 11.532 0.023
2675.70202 11.257 0.02
2677.68404 11.127 0.023
2679.65543 11.531 0.027
2681.63455 11.289 0.027
2681.67147 11.346 0.022
2683.63468 10.99 0.023
2683.66238 11.057 0.023
2685.63165 11.637 0.032
2686.78174 11.395 0.046
2688.67653 11.158 0.026
2688.6815 11.192 0.028
2690.67533 11.586 0.024
2690.68031 11.504 0.024
2691.78396 11.146 0.031
2692.67235 11.376 0.026
2694.55778 11.189 0.022
2696.59578 11.674 0.028
2696.69166 11.664 0.022
2698.59725 11.395 0.024
2698.67016 11.498 0.022
2700.59918 11.34 0.024
2700.66264 11.233 0.022
2702.65469 11.143 0.021
2704.57962 11.76 0.024
2704.64188 11.547 0.021
2706.57559 11.267 0.019
2706.62109 11.372 0.029
2709.71471 11.489 0.026
2710.59483 11.646 0.022
2711.63029 11.185 0.025
2713.63074 11.231 0.027
2713.65574 11.177 0.026
2715.64275 11.475 0.031
2715.66539 11.627 0.032
2719.55152 11.052 0.025
2720.69382 11.496 0.03
2721.60446 11.645 0.025
2722.61924 11.157 0.021
2723.60479 11.47 0.022
2724.61713 11.558 0.023
2725.60137 11.229 0.023
2727.59487 11.199 0.022
2728.60661 11.342 0.024
2729.59263 11.522 0.023
2730.60249 10.987 0.028
2733.58067 11.047 0.022
2733.64878 11.163 0.023
2735.57604 11.638 0.022
2735.64444 11.453 0.024
2737.56774 11.445 0.024
2737.63151 11.533 0.022
2739.58547 11.227 0.027
2739.62398 11.239 0.028
2741.56054 11.168 0.028
2741.59129 11.04 0.024
2743.57967 11.543 0.027
2743.59879 11.641 0.028
2745.61135 11.574 0.044
2750.47606 11.112 0.032
2750.47911 11.061 0.023
2751.60027 11.573 0.027
2751.60871 11.534 0.023
2754.56854 11.597 0.023
2754.57891 11.552 0.029
2756.5679 11.358 0.023
2756.57826 11.441 0.034
2760.5767 11.617 0.024
2760.58704 11.56 0.022
2762.58029 11.391 0.04
2763.46515 11.681 0.027
2764.56472 11.249 0.027
2766.48635 11.415 0.027
2770.45999 11.322 0.033
2770.48728 11.348 0.028
2775.46256 11.092 0.028
2775.46552 11.125 0.027
2782.49336 11.579 0.024
2784.50004 11.402 0.024
2784.50294 11.469 0.026
2786.50114 11.151 0.025
2787.45747 11.416 0.023
2789.49949 11.199 0.022
2791.45463 11.316 0.033
2792.47333 11.252 0.022
2794.45127 11.015 0.024
2795.46345 11.323 0.025
2804.45066 11.518 0.043
2884.91547 11.188 0.035
2884.91722 11.245 0.037
2893.9077 11.402 0.035
2893.90936 11.446 0.039
2896.89787 11.479 0.026
2896.90186 11.871 0.032
2900.88817 11.203 0.051
2906.89712 11.106 0.039
2911.87023 11.221 0.029
2915.89081 11.409 0.029
2915.89237 11.432 0.034
2918.85949 11.446 0.053
2922.84999 11.573 0.031
2924.86893 11.522 0.026
2926.84192 11.345 0.029
2931.85676 11.119 0.024
2933.84656 11.646 0.024
2934.84394 11.173 0.022
2940.80555 11.276 0.028
2942.84868 11.092 0.023
2946.78644 11.465 0.026
2948.85435 11.34 0.025
2951.79424 11.266 0.027
2956.79502 11.076 0.032
2961.77378 11.449 0.024
2963.81456 11.526 0.026
2964.78958 11.017 0.025
2967.78718 11.051 0.027
2970.80632 11.163 0.024
2971.74819 11.447 0.026
2974.75339 11.477 0.028
2978.77908 11.065 0.037
2980.76894 11.598 0.034
2980.82709 11.634 0.025
2983.7678 11.618 0.03
2986.72693 11.54 0.024
2986.74741 11.366 0.024
2988.78169 11.547 0.033
2989.7445 11.071 0.027
2991.71484 11.557 0.024
2991.80382 11.66 0.023
2994.73861 11.669 0.029
2996.70565 11.404 0.025
2996.78735 11.445 0.027
3000.73369 11.182 0.025
3005.70658 11.629 0.024
3006.67626 11.114 0.027
3007.74148 11.408 0.027
3008.72221 11.628 0.027
3010.73185 11.48 0.032
3011.80158 10.994 0.032
3016.66558 11.602 0.031
3018.69953 11.521 0.029
3023.68763 11.161 0.025
3027.82659 11.637 0.03
3030.61594 11.548 0.037
3030.63757 11.523 0.025
3034.67321 11.133 0.032
3034.69462 11.263 0.036
3036.75444 10.979 0.025
3036.77263 10.993 0.024
3043.65748 11.431 0.036
3043.66513 11.457 0.033
3045.68405 11.174 0.027
3045.7031 11.215 0.025
3048.65734 11.192 0.03
3048.66542 11.227 0.032
3051.61347 11.254 0.029
3051.63199 11.268 0.051
3053.68195 11.017 0.029
3055.71087 11.681 0.032
3057.74512 11.566 0.044
3058.58387 11.709 0.03
3064.65219 11.016 0.026
3064.71359 11.079 0.042
3067.67581 11.096 0.029
3067.6997 11.116 0.027
3069.69427 11.567 0.039
3071.71798 11.417 0.039
3076.64739 11.342 0.029
3078.65016 11.017 0.032
3078.66609 11.086 0.037
3080.66617 11.689 0.038
3080.67974 11.634 0.042
3082.68966 11.545 0.028
3087.52407 11.136 0.025
3088.68146 11.609 0.033
3091.52342 11.519 0.029
3093.5572 11.325 0.029
3097.55911 11.711 0.03
3099.57033 11.514 0.039
3099.59943 11.547 0.033
3101.58041 11.259 0.034
3103.58707 11.02 0.03
3105.57893 11.72 0.04
3107.58405 11.481 0.027
3109.58935 11.192 0.026
3111.58473 11.213 0.026
3111.60897 11.307 0.025
3113.60409 11.57 0.027
3113.62905 11.591 0.026
3116.52404 11.488 0.032
3116.52404 11.489 0.029
3121.47171 11.366 0.026
3123.50218 11.155 0.025
3125.53318 11.175 0.028
3125.53655 11.221 0.026
3128.51274 11.065 0.035
3130.52975 11.606 0.033
3132.54647 11.482 0.032
3142.48977 10.971 0.028
3146.48144 11.46 0.028
3152.45743 11.451 0.059
3156.46304 11.002 0.029
3164.45694 11.152 0.051
3270.8827 11.493 0.031
3274.88917 11.346 0.028
3278.87638 11.639 0.036
3296.85527 11.243 0.029
3333.80878 11.429 0.035
3357.73584 11.171 0.03
3362.7507 10.993 0.034
3366.73143 11.414 0.046
3380.79322 11.478 0.039
3388.72517 11.359 0.036
3390.76561 11.156 0.035
3393.79149 11.245 0.045
3393.79149 11.254 0.044
3395.71919 11.172 0.047
3395.74849 11.141 0.04
3396.63854 11.412 0.034
3398.67579 11.15 0.042
3400.62175 11.542 0.031
3400.71254 11.554 0.03
3402.79075 11.48 0.032
3404.66771 11.131 0.044
3405.60783 11.374 0.031
3407.65915 11.153 0.038
3408.69151 11.578 0.038
3409.68382 11.208 0.03
3410.78052 11.438 0.033
3411.70438 11.637 0.036
3413.57713 11.293 0.035
3413.74271 11.404 0.036
3415.76028 11.225 0.032
3417.6206 11.583 0.033
3419.61269 11.682 0.033
3421.64253 11.234 0.048
3422.6337 11.414 0.053
3424.66168 11.273 0.043
3426.65913 11.015 0.034
3427.69435 11.406 0.052
3430.66801 11.427 0.038
3433.68027 11.506 0.035
3434.65824 11.186 0.034
3436.66914 11.546 0.035
3438.55167 11.28 0.035
3439.66009 11.67 0.026
3440.65908 11.138 0.03
3443.52613 10.988 0.027
3443.69496 11.247 0.027
3445.55803 11.591 0.053
3445.69182 11.028 0.034
3447.57195 11.503 0.036
3447.69415 11.597 0.036
3449.68505 11.438 0.049
3449.68505 11.439 0.049
3452.58312 11.325 0.045
3452.66786 11.451 0.052
3454.5812 11.061 0.042
3454.65603 11.224 0.04
3454.65842 11.177 0.036
3456.57722 11.703 0.028
3456.65332 11.261 0.033
3458.56644 11.454 0.036
3458.63624 11.523 0.03
3460.57118 11.204 0.032
3460.6391 11.292 0.029
3462.57788 11.045 0.033
3462.64296 11.018 0.038
3464.61223 11.65 0.031
3465.5681 11.032 0.031
3466.62706 11.453 0.03
3468.5785 11.15 0.027
3469.6191 11.465 0.026
3470.60212 11.255 0.027
3471.62772 11.266 0.027
3472.5981 11.531 0.033
3474.50089 11.203 0.024
3474.62241 11.366 0.026
3477.50589 11.292 0.032
3477.52493 11.288 0.03
3479.56432 11.118 0.035
3481.5614 11.695 0.029
3481.56988 11.639 0.03
3483.58849 11.521 0.042
3487.5957 11.014 0.042
3491.50436 11.347 0.028
3491.53604 11.39 0.062
3495.50436 11.707 0.027
3495.53096 11.67 0.038
3497.57637 11.521 0.027
3499.50829 11.326 0.037
3500.56337 11.688 0.047
3501.51287 10.99 0.033
3503.49011 11.546 0.043
3503.53131 11.656 0.029
3506.54496 11.597 0.032
3509.46469 11.641 0.027
3511.45327 11.427 0.029
3512.49117 11.154 0.03
3513.47947 11.282 0.035
3516.49508 11.481 0.047
3517.48106 11.686 0.028
3521.45082 11.114 0.041
3521.48307 11.213 0.03
3524.49744 11.241 0.058
3526.45187 11.035 0.032
3527.49249 11.415 0.038
3529.45259 11.059 0.039
3530.45533 11.431 0.035
3539.4492 11.638 0.042
3630.90419 11.211 0.033
3636.88379 11.382 0.038
3640.87635 11.697 0.028
3640.89393 11.624 0.03
3646.88747 11.075 0.04
3651.8625 11.726 0.036
3653.84246 11.507 0.043
3653.86457 11.535 0.042
3654.86833 11.519 0.031
3655.85367 11.229 0.027
3659.84173 11.562 0.03
3660.83118 11.034 0.035
3662.84678 11.629 0.04
3663.83798 11.04 0.034
3666.83295 11.241 0.04
3668.8482 11.247 0.03
3670.83266 11.511 0.028
3674.8224 10.993 0.025
3677.82887 11.137 0.034
3700.80612 11.433 0.031
3700.80893 11.415 0.03
3703.79899 11.517 0.032
3703.80182 11.452 0.025
3706.79168 11.548 0.035
3706.80031 11.466 0.037
3711.82311 11.454 0.033
3711.82608 11.474 0.029
3714.76615 11.455 0.029
3717.73673 11.437 0.032
3717.75853 11.487 0.041
3719.79704 11.245 0.037
3720.74532 11.51 0.041
3726.72654 11.65 0.039
3726.73899 11.598 0.036
3728.81179 11.587 0.042
3732.72664 11.194 0.035
3733.76865 11.308 0.032
3735.73025 10.998 0.031
3740.72207 11.647 0.036
3740.77076 11.527 0.038
3741.77256 11.24 0.028
3743.66768 11.66 0.032
3743.68938 11.602 0.035
3744.69987 11.25 0.031
3745.73146 11.511 0.039
3745.78346 11.569 0.037
3748.64793 11.569 0.041
3748.67329 11.497 0.036
3750.69576 11.398 0.044
3750.72293 11.368 0.041
3753.71383 11.406 0.038
3755.62842 11.063 0.042
3755.77051 11.304 0.04
3758.65006 11.198 0.034
3760.73254 11.028 0.045
3762.66401 11.603 0.05
3763.64243 10.967 0.046
3765.73552 11.483 0.031
3768.63216 11.587 0.04
3770.69859 11.5 0.056
3772.6016 11.21 0.031
3772.78494 11.457 0.034
3775.59714 11.29 0.044
3779.68275 11.509 0.044
3787.59289 11.583 0.04
3787.6173 11.569 0.04
3789.68597 11.459 0.042
3792.59763 11.397 0.038
3796.58394 11.379 0.031
3796.67303 11.013 0.032
3798.72532 11.649 0.05
3800.63175 11.479 0.035
3801.57029 11.554 0.043
3803.60709 11.482 0.04
3803.65323 11.426 0.05
3805.67066 11.272 0.04
3808.68211 11.34 0.043
3810.712 11.123 0.045
3812.7187 11.51 0.041
3815.55682 11.562 0.042
3817.58793 11.543 0.035
3819.61596 11.254 0.036
3821.66132 10.999 0.039
3823.67528 11.722 0.043
3826.51129 11.556 0.033
3828.51725 11.374 0.035
3828.56753 11.412 0.033
3830.58127 11.143 0.038
3830.61967 11.241 0.052
3832.59312 11.183 0.043
3832.63519 11.018 0.045
3834.59037 11.53 0.042
3834.62852 11.585 0.034
3837.50598 11.528 0.045
3847.47741 11.226 0.039
3847.48066 11.198 0.04
3849.55899 11.019 0.045
3849.56223 10.996 0.036
3851.56495 11.623 0.029
3851.56818 11.654 0.028
3853.5751 11.48 0.027
3853.57833 11.482 0.028
3856.51418 11.489 0.047
3856.51742 11.468 0.038
3861.53187 11.4 0.027
3861.53508 11.336 0.029
3863.5355 11.046 0.03
3863.5395 11.077 0.029
3865.54695 11.709 0.039
3865.55017 11.64 0.032
3868.50756 11.611 0.041
3868.51075 11.586 0.035
3870.51007 11.507 0.032
3870.51324 11.446 0.031
3872.52573 11.345 0.027
3872.52974 11.316 0.028
3876.53058 11.643 0.053
3877.45215 10.99 0.03
3881.45385 11.439 0.029
3883.48682 11.26 0.029
3886.44999 11.305 0.03
3887.48585 11.489 0.045
3890.4833 11.702 0.03
3891.47139 11.136 0.029
3893.47263 11.606 0.039
3894.46313 11.202 0.033
3897.47341 11.345 0.037
3900.46507 11.364 0.038
3903.45728 11.395 0.033
3907.4498 11.408 0.035
4083.85786 11.254 0.038
4083.86134 11.182 0.035
4090.73633 11.484 0.03
4103.7955 11.31 0.043
4105.69677 11.248 0.033
4106.68856 11.241 0.031
4107.73408 11.515 0.028
4109.75188 11.447 0.043
4111.73408 11.147 0.029
4127.63605 11.631 0.033
4129.67723 11.489 0.032
4131.71376 11.379 0.043
4133.71969 10.992 0.053
4135.7438 11.618 0.04
4135.74856 11.625 0.036
4137.74325 11.512 0.029
4137.74802 11.522 0.034
4146.65766 11.581 0.031
4149.73928 11.376 0.041
4149.78256 11.167 0.044
4154.55646 11.357 0.052
4156.6125 11.254 0.044
4158.62867 11.03 0.035
4160.66363 11.632 0.035
4160.68146 11.517 0.032
4162.66022 11.509 0.035
4162.68509 11.457 0.039
4164.68404 11.254 0.051
4167.62329 11.23 0.041
4167.64917 11.272 0.034
4172.66709 11.122 0.036
4172.69215 11.14 0.032
4174.70511 11.341 0.031
4177.68349 11.137 0.031
4180.58847 11.229 0.047
4180.5968 11.235 0.042
4182.61688 11.747 0.036
4182.62942 11.433 0.043
4184.61397 11.383 0.032
4188.61641 11.606 0.031
4188.62502 11.582 0.03
4190.62715 11.473 0.044
4190.64244 11.487 0.035
4192.64747 11.325 0.038
4192.65246 11.315 0.036
4196.55504 11.677 0.056
4198.5581 11.338 0.057
4201.55357 11.432 0.03
4201.55592 11.452 0.028
4204.55222 11.464 0.034
4204.55453 11.485 0.034
4207.62137 11.611 0.046
4213.50277 11.628 0.037
4213.58291 11.549 0.038
4216.56814 11.233 0.031
4228.53806 11.216 0.035
4230.5408 11.134 0.038
4232.55061 11.577 0.032
4233.5241 10.98 0.028
4234.54652 11.381 0.038
4235.52692 11.583 0.036
4238.51874 11.62 0.043
4246.51815 11.652 0.036
4253.45524 11.177 0.033
4253.50062 11.218 0.035
4257.45585 11.453 0.046
4257.47502 11.539 0.042
4267.45187 11.177 0.037
4344.91735 11.646 0.047
4349.91368 11.505 0.035
4364.89397 11.166 0.032
4373.87845 11.172 0.033
4377.87381 11.513 0.039
4381.8718 11.022 0.045
4385.8664 11.469 0.029
4403.85383 10.949 0.036
4408.81268 11.665 0.032
4412.84749 11.269 0.031
4420.86352 11.202 0.049
4421.84936 11.409 0.031
4424.82567 11.47 0.033
4428.77 11.218 0.037
4428.81053 10.982 0.036
4431.8322 11.091 0.033
4437.78753 11.218 0.03
4437.79044 11.193 0.027
4440.77872 11.341 0.034
4440.78159 11.285 0.03
4443.78692 11.403 0.035
4452.74772 11.639 0.054
4455.74079 11.526 0.049
4455.74377 11.504 0.03
4458.728 11.567 0.047
4458.73089 11.61 0.036
4461.71526 11.677 0.034
4461.71815 11.744 0.032
4464.70582 11.561 0.04
4464.72163 11.31 0.039
4467.70995 11.017 0.05
4467.71373 11.043 0.036
4470.70967 11.477 0.039
4470.7151 11.055 0.034
4473.75694 11.209 0.036
4473.76164 11.224 0.042
4479.66788 11.225 0.035
4482.70545 11.386 0.047
4482.71504 11.406 0.038
4485.70614 11.366 0.048
4485.71061 11.397 0.043
4487.72755 11.257 0.037
4487.7304 11.229 0.04
4489.78421 11.012 0.038
4489.79043 11.017 0.038
4492.63976 11.152 0.034
4494.68046 11.558 0.033
4497.8035 11.11 0.031
4500.62926 11.647 0.052
4505.61306 11.478 0.042
4507.67028 11.445 0.045
4509.74663 11.255 0.039
4509.74961 11.238 0.038
4512.59987 11.042 0.056
4515.75658 11.395 0.057
4518.58608 11.264 0.038
4520.62185 10.977 0.034
4522.62846 11.618 0.042
4524.63412 11.455 0.034
4526.65731 11.182 0.043
4528.70762 10.965 0.045
4528.70995 10.999 0.045
4531.60635 11.005 0.037
4534.56589 10.994 0.035
4537.58242 11.116 0.036
4539.59488 11.505 0.057
4541.6095 11.522 0.038
4543.62655 11.397 0.041
4545.65709 10.995 0.054
4547.66098 11.446 0.044
4547.67519 11.356 0.045
4554.68103 11.454 0.043
4554.68429 11.456 0.047
4559.54134 11.017 0.043
4561.60193 11.632 0.039
4561.658 11.161 0.035
4563.62042 11.537 0.047
4565.63321 11.333 0.038
4567.64684 11.109 0.04
4570.52032 10.984 0.032
4572.54913 11.65 0.041
4574.58862 11.459 0.044
