1877.83984 12.556 0.031
1879.72353 12.635 0.033
1880.81709 12.42 0.037
1881.84335 12.558 0.03
1884.77093 12.375 0.03
1885.805 12.662 0.031
1886.7932 12.79 0.032
1887.7719 12.512 0.034
1888.80656 12.367 0.044
1889.78661 12.533 0.039
1899.73333 12.402 0.03
1900.73585 12.74 0.031
1902.72036 12.373 0.029
1905.72924 12.445 0.032
1906.71775 12.347 0.03
1908.7126 12.493 0.03
1913.69618 12.698 0.029
1915.70523 12.309 0.032
1918.68465 12.894 0.035
1919.72204 12.376 0.037
1920.69763 12.277 0.032
1921.69399 12.59 0.033
1923.68794 12.395 0.041
1924.68304 12.236 0.034
1925.68608 12.427 0.029
1926.67804 12.647 0.029
1928.68435 12.386 0.029
1929.67044 12.317 0.03
1930.67298 12.521 0.029
1931.6703 12.58 0.039
1932.66807 12.464 0.029
1934.66467 12.42 0.029
1936.6434 12.736 0.029
1937.68144 12.327 0.028
1939.62136 12.45 0.028
1940.65855 12.537 0.027
1945.65089 12.397 0.032
1946.65748 12.308 0.033
1948.60126 12.515 0.036
1949.64135 12.394 0.035
1950.62809 12.375 0.032
1952.6186 12.304 0.034
1953.61884 12.821 0.033
1954.62933 12.555 0.041
1955.61624 12.338 0.038
1958.60448 12.699 0.036
1959.6143 12.316 0.041
1961.60821 12.47 0.039
1963.58895 12.599 0.041
1964.60794 12.328 0.04
1965.59663 12.561 0.039
1966.59398 12.863 0.042
1967.59332 12.587 0.044
1979.56871 12.869 0.056
1981.56053 12.461 0.05
1984.53253 12.729 0.05
2026.49153 12.27 0.029
2033.50437 12.356 0.034
2070.44847 12.585 0.036
2168.88096 12.443 0.038
2172.87005 12.636 0.041
2183.88722 12.602 0.042
2185.85757 12.695 0.045
2190.82013 12.838 0.041
2192.8308 12.413 0.039
2194.83414 12.608 0.038
2196.85224 12.523 0.047
2198.8317 12.703 0.039
2200.83721 12.463 0.04
2202.82467 12.791 0.041
2214.79205 12.341 0.05
2217.80245 12.473 0.045
2221.80828 12.449 0.054
2224.79424 12.788 0.043
2226.77601 12.413 0.046
2228.76609 12.791 0.046
2230.76231 12.336 0.046
2232.81178 12.684 0.043
2234.76138 12.482 0.044
2236.74506 12.479 0.049
2237.82993 12.263 0.055
2240.71498 12.366 0.059
2241.84132 12.419 0.053
2241.84132 12.502 0.053
2520.90403 12.335 0.039
2545.84102 12.512 0.031
2545.84102 12.513 0.035
2557.82268 12.876 0.038
2559.84421 12.358 0.029
2561.85933 12.556 0.03
2565.84256 12.654 0.031
2621.82171 12.528 0.029
2623.76001 12.49 0.029
2625.75489 12.536 0.035
2628.70948 12.472 0.038
2628.70948 12.476 0.038
2632.81363 12.353 0.029
2632.81363 12.512 0.029
2639.73145 12.674 0.028
2641.7413 12.282 0.026
2643.75313 12.581 0.029
2645.72128 12.348 0.025
2647.71777 12.416 0.025
2650.69185 12.369 0.036
2652.71427 12.583 0.026
2655.65924 12.444 0.029
2657.80285 12.229 0.038
2659.76881 12.504 0.029
2661.76494 12.529 0.029
2663.7614 12.505 0.027
2665.75307 12.632 0.027
2667.75376 12.368 0.026
2669.7439 12.728 0.028
2671.74231 12.281 0.026
2675.72463 12.339 0.025
2677.70668 12.53 0.026
2679.65276 12.525 0.033
2681.66879 12.253 0.028
2683.65288 12.711 0.027
2685.63349 12.413 0.037
2686.78359 12.349 0.04
2688.68336 12.429 0.032
2689.79558 12.525 0.042
2691.70962 12.796 0.03
2693.72388 12.513 0.04
2697.69037 12.265 0.041
2699.68554 12.532 0.048
2701.68348 12.403 0.044
2703.67923 12.553 0.037
2705.67148 12.086 0.056
2707.66768 12.366 0.03
2711.61145 12.351 0.026
2713.61891 12.543 0.028
2715.63319 12.318 0.038
2719.54447 12.483 0.032
2720.68679 12.536 0.053
2722.61222 12.667 0.028
2724.61013 12.378 0.026
2726.60845 12.687 0.028
2728.59965 12.398 0.033
2730.59556 12.344 0.028
2733.64187 12.405 0.034
2735.6375 12.668 0.03
2737.62465 12.459 0.031
2739.61714 12.867 0.03
2741.58446 12.301 0.03
2743.59198 12.512 0.031
2745.60456 12.279 0.054
2754.52548 12.612 0.03
2754.52548 12.777 0.03
2756.52713 12.239 0.034
2756.52713 12.499 0.034
2758.52022 12.748 0.064
2760.5401 12.221 0.027
2762.53888 12.861 0.047
2764.52335 12.338 0.028
2766.58958 12.485 0.027
2776.53285 12.308 0.034
2784.47785 12.664 0.035
2786.47804 12.305 0.028
2786.47804 12.403 0.028
2789.47671 12.729 0.028
2791.50975 12.539 0.039
2794.48216 12.436 0.029
2797.4818 12.532 0.051
2811.4593 12.524 0.028
2814.45225 12.632 0.033
2886.90159 12.438 0.033
2894.88634 12.812 0.035
2897.89271 12.527 0.028
2900.89755 12.527 0.049
2906.88298 12.56 0.028
2910.8805 12.464 0.028
2916.84226 12.711 0.029
2922.83344 12.49 0.036
2925.87553 12.343 0.029
2928.84141 12.359 0.051
2931.84451 12.314 0.034
2934.82765 12.478 0.036
2940.79624 12.278 0.029
2942.83459 12.512 0.032
2946.772 12.434 0.03
2948.84207 12.26 0.028
2955.8097 12.684 0.032
2958.81178 12.485 0.033
2964.806 12.457 0.031
2971.7619 12.43 0.026
2976.77344 12.645 0.033
2978.77374 12.379 0.029
2983.75422 12.291 0.034
2986.74443 12.637 0.029
2989.7415 12.447 0.028
2991.80088 12.339 0.029
2996.78443 12.548 0.034
3000.72557 12.524 0.036
3007.73855 12.798 0.036
3009.77115 12.472 0.036
3011.7985 12.653 0.038
3019.7333 12.555 0.029
3033.73251 12.734 0.028
3035.76047 12.503 0.03
3043.65261 12.673 0.039
3045.68137 12.459 0.03
3051.62644 12.566 0.039
3053.67565 12.456 0.038
3057.76188 12.738 0.038
3060.63016 12.849 0.03
3064.69459 12.571 0.033
3074.63047 12.492 0.031
3078.66063 12.349 0.042
3082.7082 12.22 0.041
3086.70003 12.44 0.049
3091.52666 12.625 0.032
3093.56046 12.334 0.033
3097.5666 12.26 0.033
3099.57636 12.799 0.038
3105.58794 12.528 0.058
3107.59026 12.785 0.03
3109.59549 12.326 0.03
3111.59318 12.715 0.031
3115.62532 12.577 0.03
3116.52171 12.398 0.033
3116.52171 12.404 0.04
3122.53814 12.703 0.032
3122.53814 12.758 0.032
3129.51337 12.448 0.045
3133.54382 12.463 0.032
3165.48409 12.802 0.031
3169.4645 12.684 0.031
3176.4568 12.308 0.035
3296.8498 12.732 0.033
3357.73584 12.518 0.035
3363.72563 12.568 0.045
3383.71666 12.537 0.045
3385.75518 12.46 0.051
3387.7407 12.783 0.054
3392.72606 12.607 0.056
3392.72606 12.668 0.055
3395.64741 12.248 0.053
3395.71919 12.428 0.055
3397.76865 12.395 0.049
3399.83088 12.488 0.044
3404.74175 12.728 0.035
3406.78237 12.386 0.041
3409.59742 12.246 0.039
3411.65014 12.566 0.034
3413.70008 12.665 0.039
3415.71061 12.378 0.033
3417.70231 12.548 0.041
3419.68823 12.502 0.044
3425.71649 12.513 0.049
3427.74575 12.208 0.054
3433.72242 12.445 0.048
3436.71664 12.539 0.044
3439.6985 12.801 0.032
3445.57632 12.576 0.053
3447.59078 12.226 0.057
3449.69562 12.541 0.061
3452.58551 12.395 0.046
3454.59602 12.881 0.048
3456.58866 12.391 0.041
3460.58208 12.415 0.034
3462.58872 12.559 0.058
3466.63797 12.668 0.041
3469.63028 12.557 0.033
3473.63379 12.432 0.039
3478.57201 12.354 0.038
3490.56509 12.285 0.049
3492.56689 12.575 0.036
3497.55422 12.748 0.031
3502.55679 12.314 0.046
3520.49626 12.535 0.043
3523.47085 12.453 0.046
3526.4763 12.318 0.042
3528.49745 12.526 0.06
3542.45093 12.77 0.059
3618.91139 12.353 0.047
3628.9017 12.533 0.037
3636.88577 12.505 0.048
3640.88703 12.325 0.035
3640.89393 12.47 0.035
3644.88679 12.181 0.046
3646.88747 12.585 0.047
3650.87647 12.708 0.05
3653.86644 12.445 0.046
3654.86833 12.375 0.036
3656.87293 12.581 0.042
3658.83981 12.456 0.038
3659.77542 12.398 0.05
3659.783 12.244 0.051
3659.79053 12.296 0.049
3659.8077 12.371 0.047
3659.82244 12.393 0.048
3659.85323 12.739 0.045
3659.88098 12.824 0.045
3660.83792 12.673 0.044
3662.84678 12.282 0.05
3664.82866 12.701 0.039
3666.83295 12.414 0.047
3668.85993 12.576 0.037
3670.82313 12.521 0.037
3672.81802 12.381 0.035
3673.85644 12.614 0.037
3677.82887 12.59 0.039
3699.80948 12.701 0.042
3700.80612 12.555 0.035
3703.79899 12.649 0.036
3705.82892 12.416 0.044
3706.79168 12.307 0.04
3708.77498 12.519 0.037
3711.82311 12.598 0.038
3715.75576 12.285 0.043
3718.74799 12.423 0.051
3721.74118 12.557 0.038
3724.73497 12.218 0.04
3727.71791 12.347 0.043
3730.77994 12.591 0.043
3732.72664 12.432 0.041
3733.78123 12.606 0.036
3736.74814 12.359 0.036
3739.68805 12.668 0.046
3741.76633 12.453 0.039
3744.69647 12.325 0.041
3749.79315 12.661 0.056
3752.73208 12.416 0.052
3755.64766 12.488 0.042
3757.70471 12.316 0.04
3759.75125 12.757 0.046
3762.67903 12.506 0.053
3764.79734 12.236 0.045
3770.60127 12.561 0.044
3772.67427 12.156 0.046
3774.77758 12.516 0.045
3779.64007 12.461 0.055
3790.7704 12.265 0.05
3795.69264 12.426 0.035
3797.68331 12.393 0.04
3799.72784 12.483 0.039
3802.59646 12.431 0.053
3804.66141 12.327 0.047
3806.66674 12.23 0.054
3811.67954 12.844 0.045
3813.69799 11.998 0.049
3815.72315 12.59 0.053
3818.54732 12.59 0.039
3820.58722 12.237 0.059
3822.66907 12.371 0.055
3825.53156 12.075 0.064
3827.54675 12.647 0.045
3829.57465 12.667 0.041
3831.57687 12.447 0.041
3833.58508 12.472 0.051
3833.58508 12.49 0.051
3835.5974 12.158 0.054
3837.63512 12.452 0.055
3849.53102 12.447 0.042
3851.5499 12.418 0.036
3853.56237 12.464 0.031
3855.57495 12.324 0.045
3858.53849 12.494 0.041
3860.56177 12.628 0.036
3862.54984 12.459 0.035
3864.57569 12.74 0.04
3867.53379 12.278 0.048
3869.54079 12.679 0.051
3871.53968 12.222 0.043
3875.54202 12.252 0.035
3887.48881 12.536 0.053
3892.48062 12.654 0.038
3902.45891 12.232 0.036
3905.45048 12.529 0.047
3908.45612 12.31 0.035
4089.73727 12.72 0.052
4103.7955 12.44 0.05
4106.68856 12.507 0.037
4135.74856 13.085 0.044
4137.74802 12.42 0.039
4149.73928 12.569 0.048
4151.77977 12.618 0.048
4167.62329 12.477 0.045
4172.66709 12.26 0.041
4174.67976 12.852 0.041
4180.58847 12.664 0.056
4188.61641 12.66 0.036
4192.64747 13.129 0.044
4204.55222 12.644 0.039
4228.53806 12.754 0.04
4230.5408 12.44 0.041
4234.54652 12.455 0.044
4341.91864 12.276 0.05
4346.91331 12.513 0.047
4357.89967 12.437 0.047
4361.90025 12.493 0.043
4365.8794 12.644 0.036
4373.87525 12.565 0.044
4377.86776 12.768 0.049
4381.86668 12.656 0.054
4385.84945 12.467 0.039
4403.83943 12.555 0.038
4407.8593 12.603 0.044
4410.84805 12.309 0.041
4428.77 12.424 0.044
4431.80638 12.483 0.043
4437.78753 12.361 0.035
4440.77872 12.48 0.04
4443.78692 12.883 0.039
4452.74772 12.931 0.064
4455.74079 12.351 0.055
4458.728 12.409 0.053
4461.71526 12.607 0.04
4464.70582 12.45 0.044
4470.7151 12.715 0.04
4473.76164 12.742 0.048
4473.76164 12.894 0.048
4487.72755 13.001 0.044
4489.78421 12.613 0.045
4509.74961 12.254 0.045
4547.67519 12.951 0.055
4554.68429 12.366 0.057
