1868.78912 12.501 0.032
1868.7986 12.588 0.033
1869.77774 12.35 0.033
1869.77957 12.442 0.037
1871.72312 12.807 0.036
1871.73058 12.872 0.034
1872.83295 12.643 0.028
1872.8401 12.522 0.032
1874.71288 12.374 0.034
1874.71941 12.475 0.034
1875.78287 12.453 0.032
1876.82674 12.613 0.03
1878.70672 12.578 0.032
1879.8378 12.462 0.03
1880.81853 12.896 0.037
1881.78925 12.614 0.029
1881.79813 12.618 0.027
1884.75847 12.779 0.027
1885.80611 12.808 0.03
1886.78362 12.88 0.03
1886.78524 12.766 0.028
1887.75929 12.672 0.032
1888.75736 12.391 0.034
1888.76832 12.53 0.042
1889.77197 12.644 0.039
1899.70982 12.396 0.029
1900.72584 12.617 0.028
1902.70959 13.051 0.027
1903.73964 12.773 0.028
1904.70503 12.475 0.031
1905.71376 12.52 0.029
1906.70683 12.48 0.026
1907.7141 12.617 0.027
1908.69942 12.747 0.027
1913.68515 12.478 0.027
1914.6968 12.68 0.028
1915.69194 12.707 0.029
1918.67202 12.618 0.034
1918.67808 12.288 0.034
1919.69691 12.464 0.036
1920.68437 12.754 0.031
1922.68676 12.655 0.028
1923.67465 12.722 0.055
1924.67199 12.346 0.033
1925.67503 12.658 0.038
1926.6647 12.828 0.029
1928.67557 12.746 0.027
1929.66841 12.52 0.026
1931.6593 12.846 0.04
1932.65707 12.686 0.028
1933.66606 12.948 0.025
1934.65594 12.886 0.027
1935.58947 12.647 0.026
1937.62817 12.656 0.028
1938.6672 12.73 0.027
1939.68538 12.666 0.026
1941.61569 12.491 0.027
1945.63918 12.691 0.029
1946.64355 12.707 0.033
1948.59123 12.457 0.035
1949.63296 12.554 0.034
1950.61748 12.863 0.032
1952.61784 12.778 0.033
1953.6242 12.592 0.029
1954.61244 12.636 0.037
1955.61105 12.546 0.032
1958.59422 12.951 0.032
1959.60631 12.804 0.031
1961.60025 12.515 0.031
1963.57894 12.997 0.033
1964.59796 12.744 0.031
1965.5889 12.658 0.031
1966.58408 12.53 0.032
1967.58121 12.64 0.033
1968.58511 12.871 0.032
1979.54838 12.823 0.045
1982.5812 13.048 0.034
1984.55917 13.017 0.042
1995.53828 12.9 0.053
1997.51603 13.795 0.054
2025.47234 12.632 0.03
2027.53017 12.507 0.031
2033.50134 12.559 0.029
2039.47421 12.766 0.045
2053.50515 12.555 0.03
2056.46048 12.681 0.034
2058.5094 12.495 0.031
2082.46489 12.83 0.052
2087.46747 12.817 0.03
2140.92726 12.888 0.044
2144.9124 12.471 0.037
2173.84863 12.395 0.039
2183.85392 12.849 0.044
2184.898 12.885 0.052
2186.83633 12.432 0.041
2188.85708 12.621 0.039
2190.81354 12.52 0.037
2192.80363 12.598 0.039
2194.80221 12.992 0.036
2196.83859 12.736 0.036
2198.79235 12.528 0.038
2200.80247 12.915 0.035
2202.78452 12.553 0.037
2212.75325 12.865 0.042
2212.79118 12.527 0.048
2213.80435 12.813 0.042
2217.75725 12.6 0.037
2221.77414 12.557 0.055
2221.77414 12.599 0.055
2222.82731 12.598 0.049
2225.7325 12.627 0.038
2227.75123 12.571 0.044
2229.73714 12.678 0.044
2232.80714 12.794 0.04
2234.7216 12.478 0.04
2235.81829 12.629 0.039
2236.85881 12.497 0.055
2239.73627 12.534 0.047
2240.8166 12.917 0.046
2241.84077 13.091 0.047
2441.46341 12.782 0.026
2445.45473 12.755 0.031
2519.91569 12.455 0.041
2521.91982 12.406 0.052
2526.88428 12.725 0.042
2545.82598 12.605 0.032
2556.86514 12.96 0.051
2558.83624 12.532 0.027
2558.83833 12.584 0.028
2561.79197 12.484 0.027
2561.79636 12.517 0.026
2565.80571 12.799 0.04
2565.81015 12.644 0.034
2574.78045 12.702 0.042
2574.78498 12.604 0.043
2577.77125 12.736 0.03
2621.81355 12.348 0.047
2623.76319 13.19 0.042
2625.74429 12.444 0.046
2628.71889 12.918 0.034
2631.84439 13.023 0.036
2635.69805 12.676 0.026
2637.71692 12.359 0.037
2639.7158 12.681 0.022
2641.72802 12.822 0.028
2643.74208 12.416 0.039
2645.7284 12.641 0.027
2647.70665 12.843 0.045
2650.67848 12.713 0.024
2652.7009 12.727 0.032
2657.72644 12.639 0.033
2659.75537 13.014 0.052
2661.75154 12.671 0.031
2663.748 12.479 0.031
2665.73971 12.677 0.023
2667.74042 12.774 0.024
2669.7306 12.309 0.041
2671.72906 12.551 0.025
2673.72594 12.492 0.052
2675.71148 12.596 0.023
2677.69359 12.606 0.025
2679.67422 12.648 0.029
2681.64666 12.547 0.025
2684.79094 12.588 0.037
2686.69665 12.843 0.034
2689.72001 12.438 0.032
2691.66657 12.689 0.03
2693.67911 12.524 0.026
2695.66028 12.531 0.037
2697.66648 12.657 0.038
2699.6593 12.382 0.045
2701.65735 12.547 0.037
2703.65324 12.824 0.038
2705.64558 12.505 0.034
2707.64392 12.983 0.029
2709.62583 12.721 0.042
2710.7719 12.424 0.029
2712.58794 12.749 0.063
2713.69092 12.578 0.028
2715.67557 12.924 0.053
2717.75944 12.982 0.042
2720.59051 12.606 0.058
2721.76137 12.692 0.047
2723.65895 12.722 0.026
2725.64941 12.556 0.024
2727.6431 12.799 0.025
2732.71954 12.614 0.027
2734.57779 12.537 0.027
2736.54847 12.737 0.028
2738.57328 12.915 0.026
2740.56865 12.645 0.028
2742.57014 12.578 0.028
2746.58064 12.857 0.042
2750.63366 12.544 0.031
2752.59311 12.959 0.034
2757.57811 12.823 0.024
2759.60557 12.914 0.03
2761.58638 12.465 0.025
2763.58289 12.781 0.025
2766.56358 12.611 0.029
2770.57703 12.753 0.03
2776.51378 12.741 0.032
2783.523 12.825 0.027
2785.52483 12.568 0.026
2790.54938 12.831 0.029
2793.47518 12.979 0.027
2796.47185 12.553 0.026
2810.48501 12.502 0.024
2812.48977 12.856 0.026
2814.49233 12.727 0.029
2820.46705 12.681 0.028
2861.93029 12.467 0.036
2861.93177 12.54 0.035
2879.90311 12.56 0.037
2884.91123 13.16 0.039
2893.89098 12.419 0.046
2896.87856 12.746 0.036
2905.86536 12.392 0.027
2908.87094 12.858 0.026
2911.85762 12.358 0.037
2916.80731 12.426 0.025
2916.81499 12.563 0.026
2923.83307 12.354 0.046
2927.78161 12.439 0.029
2927.79333 12.703 0.029
2929.84426 12.3 0.063
2932.84371 12.837 0.035
2935.8289 12.547 0.04
2940.76702 12.497 0.026
2942.81102 12.607 0.026
2944.80028 12.694 0.057
2947.78241 12.593 0.031
2950.75745 12.85 0.039
2956.82742 12.442 0.033
2963.78923 12.794 0.032
2970.79816 12.895 0.029
2974.72985 12.829 0.043
2976.75567 12.863 0.037
2978.76558 12.486 0.033
2980.7746 12.452 0.031
2983.74563 12.542 0.038
2986.7301 12.908 0.032
2988.82688 12.519 0.035
2991.72741 12.409 0.031
2994.71939 12.651 0.03
2996.77315 13.146 0.054
2998.77812 12.523 0.034
3001.75293 12.772 0.028
3006.68721 12.775 0.037
3008.73002 12.631 0.033
3010.73969 12.534 0.043
3013.6626 12.56 0.039
3016.7117 12.555 0.037
3018.71233 12.758 0.039
3028.78499 12.764 0.029
3031.62342 12.612 0.035
3035.68905 12.474 0.037
3039.68623 12.535 0.048
3042.68954 12.409 0.041
3044.71407 13.003 0.039
3047.64854 12.552 0.052
3050.61685 12.728 0.053
3052.75773 12.849 0.031
3054.7381 12.659 0.034
3056.81159 12.466 0.034
3059.62327 12.625 0.03
3061.66755 12.703 0.033
3063.71697 12.552 0.063
3066.73998 12.7 0.036
3068.67588 12.87 0.037
3070.70693 12.596 0.063
3072.78506 12.791 0.044
3075.59049 12.571 0.033
3077.63055 12.841 0.047
3077.63055 12.86 0.047
3079.6294 12.552 0.043
3081.63039 12.898 0.041
3085.64505 12.507 0.035
3087.64556 12.831 0.044
3089.67616 12.818 0.051
3093.64458 13.288 0.043
3097.64006 12.415 0.037
3099.69365 12.578 0.049
3102.52784 12.928 0.039
3104.54546 12.849 0.051
3106.55611 12.269 0.031
3108.56062 12.65 0.032
3110.56842 12.703 0.029
3112.57833 12.527 0.04
3114.59043 12.561 0.03
3116.61288 12.532 0.038
3121.62529 12.375 0.032
3124.50958 12.593 0.033
3126.55615 12.352 0.038
3132.59902 12.45 0.036
3134.61038 12.374 0.034
3144.53162 12.506 0.032
3146.58191 12.508 0.03
3154.51464 12.666 0.031
3158.5043 12.493 0.041
3163.54 12.58 0.031
3169.52257 12.328 0.057
3175.4741 12.386 0.03
3185.46791 12.756 0.043
3189.45938 12.614 0.046
3356.73733 12.607 0.037
3366.71299 12.849 0.047
3367.71041 12.443 0.059
3373.7863 12.908 0.05
3373.7863 12.937 0.048
3387.64953 12.582 0.037
3389.69813 12.816 0.034
3391.74238 12.864 0.038
3394.78412 13.121 0.04
3397.62813 12.489 0.036
3399.69832 12.356 0.041
3404.71026 12.697 0.033
3406.75845 12.808 0.041
3408.82224 12.921 0.052
3409.57424 12.509 0.033
3411.64382 12.42 0.033
3413.6682 12.557 0.043
3415.68559 13.023 0.031
3417.67537 12.583 0.052
3419.66086 12.345 0.037
3421.68171 13.266 0.051
3421.70873 12.641 0.054
3423.66889 12.755 0.053
3425.69561 12.397 0.046
3427.72686 12.614 0.047
3427.74013 12.381 0.045
3431.678 12.372 0.041
3433.70017 12.459 0.041
3433.71711 12.589 0.048
3436.68848 12.54 0.046
3439.67978 12.57 0.03
3443.5395 12.729 0.031
3445.56705 12.669 0.039
3445.57167 12.64 0.055
3447.58187 12.525 0.034
3447.5864 12.747 0.037
3449.60447 12.527 0.055
3452.5303 12.342 0.046
3453.7404 12.737 0.056
3455.64945 12.506 0.048
3457.65756 12.505 0.038
3459.6521 12.949 0.033
3461.6575 12.553 0.044
3463.71818 12.779 0.042
3466.53803 12.568 0.032
3469.54487 12.802 0.03
3471.55123 12.478 0.03
3473.5425 12.644 0.037
3477.619 12.812 0.033
3479.61886 13.102 0.072
3481.61929 12.548 0.037
3483.64075 12.71 0.051
3487.64116 12.644 0.045
3491.52584 12.495 0.044
3495.52747 12.623 0.03
3497.60006 12.713 0.032
3500.59668 12.609 0.042
3509.55861 12.845 0.033
3512.55453 12.384 0.039
3516.55846 12.67 0.067
3520.549 12.627 0.038
3523.49429 12.442 0.042
3525.54387 12.665 0.032
3528.48895 12.579 0.035
3530.48644 12.8 0.032
3539.49817 12.452 0.044
3543.48807 12.834 0.046
3547.48809 12.505 0.032
3621.90025 13.056 0.069
3629.89087 12.376 0.042
3633.88843 13.054 0.065
3639.89384 12.732 0.034
3643.88295 12.549 0.032
3648.85044 12.57 0.05
3652.83428 12.74 0.042
3655.83539 12.491 0.034
3658.82874 12.49 0.037
3662.83055 13.315 0.059
3666.80779 12.494 0.052
3670.80098 12.829 0.036
3677.79203 12.596 0.036
3702.76568 12.559 0.033
3705.81835 12.809 0.042
3708.76879 12.513 0.035
3712.80493 12.673 0.035
3715.74946 12.387 0.043
3718.72624 12.65 0.05
3721.72893 12.551 0.04
3724.71839 12.869 0.037
3727.70522 12.583 0.038
3730.77046 12.598 0.05
3733.75474 12.637 0.031
3736.72072 12.594 0.03
3739.67272 12.497 0.034
3741.73962 12.444 0.035
3744.68041 12.505 0.043
3749.68949 12.542 0.056
3751.78154 12.777 0.052
3754.67182 12.708 0.043
3756.74666 12.596 0.052
3758.83248 12.387 0.039
3761.66563 12.96 0.055
3763.75222 13.168 0.072
3768.7295 12.514 0.038
3771.59689 12.675 0.049
3775.7005 13.258 0.053
3779.77894 12.652 0.058
3783.61148 12.536 0.058
3787.7001 12.867 0.043
3789.75503 13.249 0.041
3792.61961 12.605 0.041
3794.67338 12.764 0.043
3796.69754 12.599 0.039
3798.76987 12.549 0.041
3801.56221 12.531 0.042
3803.63938 12.061 0.054
3805.65961 12.788 0.044
3808.67517 12.69 0.054
3810.69793 12.281 0.05
3812.70058 12.577 0.053
3814.7203 12.924 0.05
3816.74685 12.706 0.046
3819.54636 12.574 0.044
3821.60184 12.352 0.04
3823.63707 12.562 0.053
3825.65528 12.628 0.06
3827.6979 12.646 0.045
3830.55113 12.815 0.035
3832.56053 12.398 0.049
3834.57038 12.681 0.048
3836.58691 12.747 0.063
3848.58192 12.944 0.073
3850.61324 12.707 0.039
3852.60841 12.38 0.042
3854.61944 12.586 0.035
3860.52528 12.976 0.035
3862.52442 12.379 0.034
3864.55027 12.218 0.039
3866.55091 12.669 0.045
3868.57343 12.654 0.048
3870.57266 12.576 0.042
3872.58271 12.569 0.037
3876.58468 12.529 0.034
3882.55683 12.568 0.034
3886.55714 12.738 0.063
3891.50631 12.87 0.038
3893.5352 12.848 0.048
3897.51807 12.601 0.055
3900.49754 12.381 0.044
3902.51908 12.577 0.042
3905.47805 12.616 0.034
3907.49848 12.446 0.035
4091.71947 12.879 0.038
4103.74465 12.485 0.044
4105.83775 12.447 0.045
4126.76679 12.675 0.049
4128.79103 12.545 0.035
4131.60763 12.84 0.036
4133.66183 12.982 0.047
4135.68537 12.659 0.046
4137.68794 12.52 0.035
4145.80268 12.527 0.044
4149.67876 12.312 0.052
4151.72094 12.445 0.033
4153.70014 12.893 0.032
4157.80547 12.547 0.05
4160.54881 12.571 0.037
4162.58536 13.001 0.041
4164.60156 12.758 0.046
4166.65119 12.428 0.056
4174.6323 12.433 0.041
4176.67314 12.399 0.044
4179.66419 12.648 0.051
4183.71927 12.419 0.06
4185.70811 12.973 0.055
4189.62159 12.837 0.033
4191.6467 12.468 0.047
4193.67513 12.492 0.045
4196.70091 12.239 0.074
4202.55933 12.543 0.033
4204.65726 13.014 0.041
4215.65 12.511 0.07
4227.53499 12.508 0.03
4229.55209 12.424 0.033
4231.56113 12.833 0.046
4233.56181 12.713 0.031
4235.56328 12.585 0.032
4247.51975 12.409 0.034
4250.52699 12.595 0.039
4254.52782 12.607 0.048
4257.51077 12.633 0.053
4259.52964 12.411 0.061
4277.4609 12.558 0.046
4284.46508 12.498 0.051
4334.92019 12.964 0.046
4340.91803 12.779 0.051
4349.89077 12.408 0.038
4355.87923 12.434 0.037
4363.86268 12.787 0.047
4367.87743 12.315 0.045
4375.88336 12.591 0.05
4379.83429 12.435 0.038
4383.84206 12.726 0.05
4386.86 12.586 0.033
4404.83022 12.332 0.069
4408.79061 12.503 0.044
4411.83566 12.815 0.051
4421.81862 12.626 0.047
4425.82676 12.731 0.035
4428.7984 12.373 0.048
4431.78538 12.645 0.045
4437.76709 12.737 0.034
4440.75537 12.502 0.031
4443.77273 12.734 0.039
4452.7119 12.726 0.057
4457.72209 12.721 0.051
4460.70911 12.649 0.055
4463.69652 12.413 0.035
4465.78342 12.698 0.061
4468.7172 13.067 0.052
4474.72613 12.727 0.041
4480.65975 12.735 0.041
4484.67241 12.479 0.044
4486.72437 12.578 0.048
4488.78798 12.735 0.065
4491.62794 12.578 0.038
4493.67497 12.9 0.035
4497.65589 12.622 0.047
4499.75005 12.583 0.034
4504.73557 12.549 0.031
4507.60693 12.351 0.048
4509.69143 12.543 0.046
4511.75705 12.483 0.035
4517.6898 12.515 0.066
4519.69395 12.678 0.049
4521.71058 12.503 0.036
4523.73956 12.503 0.036
4525.78691 12.369 0.035
4528.59246 12.957 0.047
4530.65552 12.554 0.043
4532.72862 12.833 0.034
4536.56851 12.807 0.044
4538.63734 12.24 0.045
4540.64168 12.892 0.065
4542.64613 12.602 0.057
4546.68089 12.375 0.05
4548.67725 12.797 0.05
4553.56691 12.823 0.05
4555.59285 12.564 0.038
4557.60745 12.525 0.041
4559.65418 12.29 0.037
4561.68904 12.802 0.039
4564.5364 12.582 0.041
4568.5912 12.629 0.04
4570.58225 12.432 0.034
4572.58753 12.767 0.045
4574.61256 13.061 0.054
