1900.76219 13.682 0.038
2031.50194 13.804 0.029
2033.52038 13.809 0.032
2058.44907 14.552 0.039
2545.87 13.657 0.031
2557.86194 13.557 0.028
2562.85762 13.541 0.033
2621.83388 13.22 0.029
2623.79036 13.645 0.023
2625.78527 13.378 0.03
2628.74681 14.261 0.037
2632.80773 13.556 0.031
2635.75103 14.357 0.031
2635.75103 14.38 0.035
2637.75627 13.987 0.025
2639.78348 12.779 0.023
2643.76786 13.048 0.024
2645.75919 13.768 0.023
2647.74852 13.184 0.034
2650.72485 13.758 0.027
2652.73132 13.092 0.026
2661.72527 12.48 0.029
2663.7217 13.564 0.029
2667.7141 14.025 0.028
2669.70353 13.695 0.032
2671.70264 14.733 0.029
2673.69846 13.687 0.042
2675.68496 13.229 0.026
2677.66685 13.597 0.026
2679.66798 12.807 0.037
2681.65866 13.687 0.032
2683.65642 13.608 0.031
2689.70593 13.338 0.034
2691.65044 13.837 0.028
2693.66283 13.349 0.025
2697.6593 13.181 0.025
2699.65201 13.386 0.032
2701.6476 13.326 0.026
2703.64333 13.861 0.024
2705.63551 13.373 0.034
2707.63361 13.805 0.024
2709.6178 13.408 0.029
2715.70845 12.997 0.047
2719.59432 13.276 0.026
2721.61294 14.554 0.028
2723.61325 13.675 0.029
2725.60981 13.776 0.024
2727.60332 13.613 0.026
2729.60106 13.216 0.03
2733.58907 13.401 0.03
2735.58445 13.541 0.025
2737.57613 13.531 0.03
2741.50647 13.458 0.029
2742.60174 13.343 0.031
2746.58546 13.479 0.043
2750.58583 13.854 0.027
2752.5572 14.287 0.025
2755.55263 13.309 0.024
2757.54937 13.89 0.022
2759.57663 13.835 0.038
2761.55235 13.933 0.024
2763.54866 13.577 0.025
2776.48494 13.97 0.031
2783.48927 13.027 0.025
2785.4932 13.705 0.025
2787.49291 12.999 0.026
2791.48062 13.331 0.027
2796.44917 13.145 0.035
2918.87143 12.499 0.079
2923.85949 13.284 0.039
2927.85343 12.982 0.038
2933.85446 13.897 0.03
2940.84642 13.24 0.032
2943.84929 13.977 0.029
2947.84525 13.741 0.039
2947.84525 13.762 0.03
2955.81222 14.851 0.036
2961.82258 14.238 0.035
2964.86054 12.84 0.039
2968.80219 12.981 0.047
2972.84862 13.249 0.036
2975.78163 13.799 0.028
2977.79292 12.8 0.054
2979.81501 14.084 0.03
2981.81875 13.679 0.04
2984.78903 14.425 0.04
2987.83601 13.568 0.03
2990.78191 14.028 0.038
2993.77274 13.791 0.027
2996.75587 13.698 0.032
2998.79315 13.282 0.035
3001.78393 13.704 0.027
3008.7526 13.215 0.039
3017.73628 13.415 0.031
3019.74472 14.28 0.029
3023.76184 13.978 0.03
3030.75171 13.39 0.033
3033.6608 13.627 0.027
3035.68912 13.742 0.036
3044.70465 12.888 0.034
3047.65618 14.222 0.032
3050.63462 13.871 0.027
3052.78339 13.721 0.031
3055.60573 13.652 0.042
3057.62819 13.758 0.041
3061.70853 13.557 0.03
3071.61369 13.468 0.042
3073.64953 14.146 0.036
3075.67231 13.255 0.042
3077.68465 13.482 0.036
3079.69577 13.704 0.039
3082.56765 13.404 0.032
3090.59664 14.249 0.069
3092.58995 13.613 0.028
3096.59057 13.77 0.034
3098.61301 13.19 0.043
3100.61484 13.53 0.039
3104.63267 13.763 0.039
3106.62694 16.832 0.036
3108.63019 12.809 0.055
3110.62314 14.005 0.032
3112.63122 13.364 0.033
3115.50726 13.288 0.03
3124.46252 13.362 0.035
3126.53674 14.282 0.036
3128.56672 14.604 0.039
3133.50182 13.46 0.029
3142.50835 13.307 0.03
3154.47876 13.724 0.033
3158.47398 13.482 0.04
3162.47281 13.486 0.031
3165.46737 13.629 0.038
3169.45306 13.966 0.034
3356.78312 12.717 0.046
3362.7732 13.681 0.055
3366.75739 13.498 0.067
3373.77582 13.541 0.072
3373.82281 13.903 0.06
3387.69735 12.902 0.054
3391.78317 13.762 0.059
3397.71131 14.321 0.054
3399.73953 13.327 0.06
3404.74809 14.1 0.034
3406.80493 13.373 0.044
3409.63398 13.17 0.033
3411.66242 13.898 0.036
3413.70914 13.723 0.038
3415.72403 13.181 0.031
3417.72924 13.47 0.042
3419.69444 13.003 0.031
3424.63467 13.786 0.061
3426.63238 13.573 0.054
3428.64129 12.796 0.048
3430.63842 13.785 0.042
3432.63658 13.244 0.064
3434.63506 13.77 0.05
3437.62612 13.031 0.033
3443.66911 13.816 0.037
3445.63402 13.422 0.043
3447.63079 13.468 0.057
3452.55659 13.475 0.075
3455.63783 13.073 0.048
3459.64241 13.006 0.038
3461.65357 13.81 0.047
3464.5375 13.497 0.033
3466.56521 13.686 0.044
3469.57278 13.807 0.032
3469.63854 13.222 0.042
3471.58108 13.468 0.032
3473.5769 13.422 0.034
3481.53703 13.608 0.038
3483.5451 13.732 0.077
3489.57625 13.93 0.033
3491.58382 12.925 0.055
3500.51759 13.038 0.038
3502.54749 16.522 0.047
3511.49343 13.759 0.035
3513.5042 14.557 0.055
3517.50453 13.527 0.045
3521.50679 13.864 0.06
3525.49083 14.072 0.033
3528.46874 13.95 0.036
3658.87104 13.015 0.047
3664.86882 13.303 0.047
3672.85901 13.69 0.044
3702.82836 13.563 0.038
3706.79773 13.568 0.051
3706.80513 13.256 0.042
3711.8381 13.337 0.033
3711.84438 13.416 0.042
3714.78576 14.089 0.034
3714.79727 13.657 0.047
3717.78822 12.402 0.049
3717.79049 13.214 0.047
3720.77602 14.106 0.055
3720.77838 13.209 0.05
3724.81182 13.428 0.041
3725.80955 13.571 0.05
3727.76136 13.366 0.045
3728.75705 13.768 0.059
3731.75996 13.404 0.047
3732.73614 14.124 0.048
3734.75744 12.713 0.06
3735.7419 13.287 0.048
3737.73617 13.439 0.033
3739.83451 13.783 0.036
3740.79201 15.052 0.048
3742.71978 14.197 0.035
3743.71647 13.04 0.044
3745.70951 13.543 0.052
3745.80159 13.654 0.049
3752.73577 13.48 0.049
3755.68098 13.668 0.041
3755.69069 13.362 0.049
3757.72969 13.434 0.049
3757.74472 13.359 0.055
3759.78491 14.004 0.049
3762.68628 13.635 0.046
3764.80421 13.723 0.046
3770.63632 13.369 0.069
3772.69509 14.259 0.038
3779.66044 13.82 0.058
3787.67785 13.769 0.048
3789.72913 13.154 0.047
3792.61736 13.58 0.042
3794.67012 15.468 0.042
3795.67271 13.877 0.044
3796.69225 13.721 0.033
3798.75166 13.305 0.038
3799.72117 13.813 0.055
3801.5855 13.333 0.043
3809.61339 15.151 0.054
3811.61725 12.874 0.049
3813.6262 13.372 0.067
3815.65252 14.138 0.043
3817.67629 14.69 0.044
3819.68976 13.473 0.047
3820.66233 13.457 0.066
3822.5698 13.662 0.049
3824.60784 13.295 0.045
3826.60813 13.386 0.05
3828.6184 13.524 0.048
3834.50844 13.398 0.059
3850.58273 13.483 0.041
3852.57656 13.081 0.038
3854.58871 13.492 0.043
3861.47818 13.46 0.034
3863.50254 13.716 0.04
3865.51362 13.615 0.042
3868.49792 13.225 0.043
3870.5082 13.334 0.04
3872.52382 13.555 0.035
3877.45827 13.7 0.035
3881.45983 13.997 0.034
3891.47682 13.799 0.039
3894.46601 15.442 0.045
3901.45932 13.02 0.039
3904.45437 13.802 0.041
4089.75002 14.06 0.066
4090.76602 13.03 0.073
4103.73747 13.584 0.063
4107.76631 13.442 0.046
4111.771 13.251 0.063
4111.77373 13.461 0.054
4125.67708 13.716 0.045
4127.69648 13.281 0.036
4127.6991 12.942 0.041
4129.70499 13.507 0.045
4134.68932 14.075 0.051
4136.69633 12.949 0.051
4136.69892 12.836 0.057
4145.61728 13.535 0.052
4147.61522 13.774 0.047
4147.67348 14.506 0.07
4150.71378 13.569 0.043
4152.73392 13.504 0.046
4157.64568 13.901 0.054
4162.61329 13.259 0.057
4163.7163 13.056 0.055
4166.66008 13.396 0.058
4172.63025 12.768 0.066
4174.58987 14.336 0.036
4174.64477 13.941 0.05
4176.61526 13.143 0.048
4176.67816 12.725 0.062
4179.66899 14.134 0.056
4181.68032 13.208 0.076
4191.55698 14.045 0.039
4191.55931 13.575 0.048
4193.56272 14.033 0.042
4204.58859 13.838 0.037
4204.59088 13.629 0.053
4216.51694 13.06 0.046
4216.53804 13.429 0.044
4227.51901 14.306 0.031
4227.55162 13.755 0.049
4229.5352 13.435 0.035
4230.47526 12.648 0.048
4231.54054 14.136 0.057
4233.5428 14.231 0.035
4234.50691 13.389 0.049
4235.5474 12.669 0.039
4238.52426 13.598 0.058
4257.47235 13.586 0.057
4258.4721 13.372 0.041
4382.88364 14.006 0.04
4408.84368 13.278 0.043
4408.85925 13.412 0.052
4422.84632 13.523 0.062
4427.8551 13.738 0.044
4431.79438 12.902 0.055
4435.80545 13.464 0.042
4438.82831 13.763 0.062
4441.8194 13.394 0.051
4453.77512 13.725 0.038
4453.77786 13.895 0.048
4456.76951 13.108 0.058
4465.73796 12.908 0.07
4465.74854 13.521 0.067
4468.72755 13.82 0.047
4471.75615 13.871 0.065
4471.76641 13.535 0.072
4474.74796 14.603 0.042
4477.76666 13.468 0.04
4477.79388 13.513 0.051
4484.70078 13.461 0.059
4484.70383 13.595 0.048
4491.75033 13.71 0.048
4493.76656 13.127 0.037
4493.76917 12.864 0.047
4497.6901 13.257 0.052
4499.78117 14.268 0.035
4499.79351 13.748 0.049
4505.63894 13.527 0.054
4507.69332 14.136 0.063
4509.71379 13.074 0.054
4509.76899 13.263 0.058
4511.78095 13.029 0.043
4517.64066 13.886 0.042
4517.64406 13.542 0.054
4519.64791 13.094 0.049
4519.65044 12.873 0.062
4521.66314 13.93 0.041
4521.66583 13.683 0.046
4523.67735 13.729 0.034
4523.67995 13.627 0.047
4525.70415 14.71 0.052
4525.7075 14.231 0.058
4527.72188 13.868 0.051
4527.72437 13.288 0.052
4530.62206 13.632 0.043
4530.62465 14.301 0.052
4532.69207 13.75 0.038
4532.70198 14.234 0.049
4536.57814 13.717 0.046
4536.58578 13.721 0.051
4538.64674 13.786 0.053
4538.65355 13.392 0.053
4548.58239 13.981 0.055
4553.55578 14.051 0.038
4555.57725 12.871 0.052
4555.58233 12.587 0.041
4559.61208 13.467 0.051
4559.61824 13.905 0.043
4562.5412 13.92 0.051
4564.5811 12.719 0.054
4564.58982 12.811 0.044
4566.59937 14.519 0.064
4571.48894 13.259 0.048
4573.54049 12.846 0.046
