2622.74903 12.626 0.029
2622.77861 12.86 0.026
2624.77712 12.84 0.028
2624.7997 12.565 0.031
2627.80184 12.978 0.032
2634.79238 12.583 0.028
2635.76297 13.053 0.037
2635.76297 13.054 0.034
2637.76797 12.464 0.024
2638.79421 12.855 0.026
2641.76801 12.626 0.023
2643.77054 12.89 0.023
2643.80242 12.536 0.033
2645.76186 12.633 0.022
2647.74208 12.474 0.045
2650.72751 12.62 0.023
2652.73849 12.428 0.025
2655.69973 12.774 0.032
2659.73289 13.038 0.034
2661.7301 12.854 0.027
2663.72652 12.504 0.028
2665.71819 12.58 0.022
2667.71889 13.024 0.024
2669.7083 12.403 0.027
2671.70741 12.526 0.023
2673.7032 12.586 0.023
2675.68967 12.89 0.023
2677.66931 12.799 0.022
2679.67043 12.454 0.031
2683.65885 12.738 0.033
2689.64489 12.495 0.05
2691.63891 12.605 0.028
2693.65128 12.869 0.025
2697.64531 12.573 0.024
2699.63562 12.696 0.024
2701.63357 12.918 0.026
2703.62928 12.584 0.025
2705.6214 12.532 0.032
2707.61949 12.618 0.026
2709.6037 12.91 0.028
2714.58035 13.072 0.04
2717.57193 10.324 0.038
2723.62466 12.9 0.033
2725.6212 12.619 0.029
2727.61467 12.43 0.035
2729.61242 12.614 0.028
2733.60039 12.574 0.036
2735.59577 12.454 0.028
2742.49953 12.646 0.035
2751.53172 12.731 0.034
2754.5322 13.025 0.027
2756.53151 12.64 0.062
2760.54209 12.849 0.026
2764.52522 12.474 0.034
2784.47924 12.762 0.032
2787.45519 12.55 0.028
2791.45224 13.468 0.043
2924.88445 12.693 0.041
2934.87435 12.947 0.031
2941.86542 12.501 0.039
2946.86771 12.56 0.032
2947.86283 12.574 0.028
2947.86283 12.575 0.043
2951.86546 12.716 0.036
2955.85711 12.648 0.037
2956.85663 13.055 0.038
2961.83533 12.741 0.037
2965.82616 12.398 0.036
2970.84613 12.596 0.03
2974.81687 13.406 0.033
2979.7957 12.68 0.028
2982.80546 12.986 0.047
2987.83142 12.405 0.032
2990.78486 12.874 0.04
2996.76618 12.558 0.027
3001.78948 12.908 0.026
3006.74483 12.844 0.032
3008.75791 12.544 0.034
3015.75564 12.463 0.052
3017.75941 12.841 0.063
3019.78547 12.499 0.029
3025.67577 12.854 0.037
3031.78201 12.707 0.035
3033.74954 12.718 0.031
3036.65858 12.531 0.04
3042.6847 12.299 0.055
3044.70967 12.76 0.037
3047.65889 12.421 0.036
3050.64214 12.614 0.035
3053.63217 12.857 0.028
3055.6969 12.718 0.046
3057.73872 12.538 0.039
3060.62129 12.206 0.069
3064.66411 12.632 0.034
3069.61024 12.898 0.05
3073.65689 12.91 0.035
3075.67728 12.544 0.039
3078.56199 12.508 0.028
3082.65552 12.285 0.07
3086.64643 13.019 0.03
3088.65431 12.587 0.05
3091.52984 12.273 0.075
3097.58003 12.39 0.04
3099.60241 13.07 0.043
3101.60782 12.547 0.042
3104.50444 12.52 0.061
3106.52715 12.811 0.037
3108.54232 12.508 0.029
3110.54842 12.655 0.03
3112.56144 12.795 0.031
3114.57166 12.616 0.031
3124.48372 12.574 0.036
3126.54408 12.486 0.038
3129.49999 12.329 0.046
3131.52426 12.693 0.041
3134.49344 12.48 0.052
3142.47427 12.536 0.03
3146.47113 12.843 0.033
3327.81085 12.342 0.044
3327.81085 12.358 0.058
3327.82117 12.429 0.048
3327.82117 12.445 0.047
3327.82417 12.511 0.056
3327.83222 12.521 0.045
3327.83222 12.53 0.058
3327.83486 12.686 0.048
3327.83954 12.464 0.049
3327.84276 12.605 0.044
3327.84276 12.63 0.043
3327.84789 12.699 0.045
3327.84789 12.728 0.046
3327.85334 12.682 0.041
3327.85835 12.787 0.044
3327.85835 12.807 0.068
3327.86306 12.913 0.061
3328.79486 12.557 0.06
3328.81111 12.526 0.042
3328.81111 12.64 0.075
3328.81316 12.6 0.044
3328.83207 12.4 0.043
3328.83207 12.431 0.047
3328.85746 12.325 0.045
3328.85746 12.327 0.041
3329.84482 12.717 0.044
3329.84482 12.733 0.044
3330.81037 12.351 0.056
3330.81822 12.557 0.039
3330.81822 12.563 0.045
3330.83214 12.621 0.05
3330.83214 12.653 0.041
3330.83712 12.427 0.042
3330.83712 12.429 0.041
3330.84237 12.491 0.04
3330.85055 12.461 0.052
3330.85055 12.518 0.052
3334.80863 12.735 0.045
3334.80863 12.744 0.043
3334.81694 12.76 0.045
3334.8197 12.91 0.042
3334.82217 12.682 0.052
3334.82217 12.706 0.044
3334.82706 12.713 0.043
3334.82706 12.719 0.041
3334.83028 12.525 0.044
3334.83028 12.531 0.057
3334.83728 12.614 0.041
3334.84066 12.51 0.042
3334.84066 12.612 0.072
3334.85315 12.797 0.042
3334.85315 12.803 0.042
3334.8565 12.403 0.045
3334.8565 12.434 0.051
3335.81484 12.82 0.042
3335.81484 12.834 0.056
3335.83357 13.007 0.04
3335.83628 12.982 0.04
3335.83628 12.991 0.043
3336.81241 12.555 0.05
3336.81241 12.6 0.053
3336.82153 12.898 0.057
3336.82153 12.929 0.053
3336.82482 12.416 0.054
3336.82482 12.428 0.076
3337.80165 12.819 0.057
3337.82078 12.717 0.053
3337.82078 12.747 0.066
3337.83848 12.907 0.05
3337.83848 12.918 0.048
3338.7673 12.375 0.077
3338.79912 12.294 0.055
3338.79912 12.316 0.055
3338.80258 12.335 0.047
3338.80258 12.383 0.05
3338.82667 12.434 0.047
3338.82667 12.439 0.061
3338.83797 12.522 0.04
3338.83797 12.526 0.044
3339.81426 12.331 0.049
3339.81426 12.334 0.047
3339.84723 12.247 0.067
3339.84723 12.295 0.064
3340.78644 12.3 0.058
3340.81138 12.892 0.055
3340.81138 12.923 0.068
3340.82279 13.085 0.054
3340.82279 13.099 0.054
3343.82531 12.636 0.043
3343.82531 12.671 0.047
3344.80483 12.494 0.039
3344.81739 12.505 0.043
3344.82128 12.393 0.042
3344.82394 12.209 0.061
3344.82894 12.438 0.051
3344.82894 12.466 0.04
3344.83455 12.506 0.042
3344.83455 12.677 0.049
3344.85117 12.533 0.064
3345.77439 12.737 0.04
3345.78703 12.827 0.042
3345.78703 12.843 0.04
3345.80432 12.843 0.045
3345.80432 12.851 0.038
3348.76574 12.663 0.044
3348.76574 12.684 0.063
3348.79233 12.769 0.065
3348.79233 12.828 0.058
3348.79503 13.184 0.047
3348.79807 12.875 0.047
3348.79807 13.036 0.053
3348.80568 12.72 0.046
3348.80568 12.725 0.052
3348.81889 12.701 0.065
3349.76207 12.551 0.075
3349.77506 12.562 0.049
3349.77506 12.579 0.051
3350.79026 13.7 0.078
3351.77045 12.701 0.072
3351.7826 12.454 0.058
3351.79554 12.565 0.054
3351.80409 13.116 0.071
3351.81034 12.516 0.073
3351.81984 12.951 0.043
3352.79885 12.412 0.061
3352.79885 12.419 0.055
3352.80193 12.477 0.067
3352.80193 12.507 0.062
3354.76865 12.367 0.062
3354.76865 12.405 0.054
3354.7817 12.576 0.058
3354.78721 12.298 0.075
3354.78721 12.301 0.052
3354.78945 12.287 0.054
3354.78945 12.293 0.06
3354.79288 12.429 0.055
3354.79706 12.45 0.052
3354.79706 12.466 0.047
3357.74737 12.486 0.036
3357.77649 12.421 0.032
3363.75516 12.907 0.044
3383.68253 12.334 0.052
3385.70641 12.508 0.041
3389.6671 12.748 0.044
3389.6671 12.79 0.038
3390.69577 12.813 0.04
3390.69577 12.816 0.038
3398.63972 12.718 0.05
3402.78929 13.555 0.058
3404.62901 12.469 0.031
3405.62731 13.04 0.037
3407.61696 12.509 0.058
3409.71767 13.092 0.049
3410.60829 12.877 0.044
3411.77368 12.579 0.044
3414.60699 12.421 0.036
3415.5967 12.863 0.028
3416.61853 12.966 0.04
3418.69508 12.732 0.05
3424.70601 12.248 0.059
3426.56723 12.604 0.045
3431.57798 12.668 0.057
3431.68443 12.495 0.04
3432.54772 12.819 0.076
3433.64707 13.393 0.038
3436.53709 12.639 0.043
3439.52565 12.89 0.034
3439.64745 12.352 0.044
3439.68587 13.335 0.054
3442.6535 12.488 0.032
3443.5162 12.268 0.034
3444.64246 12.752 0.055
3446.65152 12.781 0.046
3447.51397 12.615 0.055
3454.49048 12.665 0.048
3678.8635 12.557 0.038
3701.80477 12.602 0.063
3704.79639 12.362 0.032
3705.81535 12.755 0.045
3707.79519 12.442 0.034
3708.80472 13.169 0.034
3712.77592 12.566 0.035
3715.76621 12.815 0.043
3715.79484 12.693 0.044
3718.76514 12.77 0.05
3718.78815 13.035 0.055
3726.73693 12.855 0.04
3726.76721 12.545 0.046
3730.72681 12.262 0.044
3730.7467 12.445 0.052
3734.71802 13.023 0.061
3740.70845 12.618 0.037
3741.67962 12.845 0.035
3741.71124 12.487 0.032
3741.74102 12.5 0.034
3741.77024 12.659 0.032
3741.79816 12.702 0.033
3741.82845 13.005 0.037
3741.85715 12.648 0.052
3742.67694 12.716 0.034
3742.70813 12.962 0.03
3742.73714 12.727 0.033
3742.76913 12.471 0.039
3742.80111 12.849 0.041
3742.83345 12.436 0.039
3742.864 12.5 0.04
3743.67635 12.805 0.042
3743.69686 12.545 0.039
3743.70524 12.479 0.037
3743.736 12.459 0.039
3743.76599 12.766 0.043
3743.79489 12.85 0.035
3743.838 12.5 0.038
3746.68805 12.138 0.066
3753.66831 12.563 0.046
3756.65797 12.988 0.063
3759.64661 12.291 0.046
3762.64953 12.681 0.051
3765.63952 12.64 0.049
3768.62649 12.785 0.036
3771.61831 13.575 0.048
3774.6086 12.471 0.052
3780.59666 12.859 0.065
3789.56599 12.54 0.047
3792.55693 12.896 0.046
3795.55044 12.523 0.044
3798.54811 12.227 0.043
3801.54145 12.601 0.04
3808.51759 12.611 0.049
3811.51021 12.733 0.049
3814.50385 12.494 0.044
4089.76716 13.139 0.051
4109.71733 12.53 0.051
4124.68097 12.991 0.056
4125.64812 12.498 0.037
4127.66744 12.483 0.044
4128.63772 13.008 0.035
4135.61966 12.429 0.062
4136.62703 12.612 0.041
4147.58619 12.717 0.055
4151.57628 12.752 0.032
4151.59859 12.41 0.031
4153.60014 12.883 0.041
4154.56823 12.757 0.054
4156.58791 12.366 0.035
4157.55897 12.934 0.054
4163.56626 13.075 0.067
4166.53685 12.338 0.041
4166.55792 12.783 0.042
4174.5172 12.444 0.052
4177.50958 12.297 0.039
4180.51715 12.48 0.036
4182.50084 12.5 0.073
4183.5142 12.473 0.063
4192.4882 12.542 0.042
4409.86178 12.277 0.042
4413.85247 13.145 0.05
4421.8338 13.212 0.044
4421.85469 12.876 0.044
4425.82402 12.553 0.035
4425.84589 12.388 0.032
4428.81403 12.274 0.053
4428.83389 12.68 0.051
4435.79438 12.216 0.036
4436.81401 12.662 0.037
4438.78614 12.399 0.044
4439.80557 12.726 0.047
4441.78667 12.774 0.05
4443.82642 12.598 0.042
4452.79582 12.655 0.059
4455.78598 12.983 0.045
4456.80737 12.693 0.053
4458.72625 12.853 0.056
4462.79652 12.578 0.044
4462.81644 12.843 0.046
4465.76156 12.713 0.074
4465.77825 12.297 0.068
4468.74952 12.508 0.039
4468.76732 12.853 0.041
4471.76334 12.842 0.071
4474.75781 12.812 0.041
4474.81175 12.549 0.044
4477.77211 12.947 0.038
4478.73776 12.634 0.041
4484.71876 12.986 0.047
4489.72789 12.223 0.063
4491.77014 13.369 0.053
4492.78721 12.598 0.055
4494.679 12.674 0.044
4494.79987 13.261 0.044
4498.6875 13.277 0.047
4498.72018 13.169 0.043
4501.65826 12.472 0.041
4503.7748 12.58 0.048
4504.66268 12.691 0.06
4506.66884 12.684 0.046
4507.64744 12.841 0.073
4508.74589 12.69 0.046
4509.7344 12.878 0.075
4511.66065 13.131 0.037
4512.6307 12.013 0.079
4517.6489 12.391 0.049
4517.6761 13.225 0.06
4519.65522 13.314 0.058
4519.68034 13.263 0.057
4521.67097 12.434 0.039
4521.69877 12.398 0.042
4523.68896 12.509 0.038
4523.72432 12.818 0.046
4526.59742 12.846 0.059
4526.61857 12.664 0.055
4528.66016 12.491 0.05
4528.67418 12.778 0.053
4531.59677 12.868 0.045
4531.61971 12.421 0.041
4535.59702 12.636 0.042
4537.56566 12.902 0.047
4537.64516 12.593 0.033
4539.5789 12.222 0.077
4546.58818 13.046 0.078
4548.58698 12.495 0.054
4553.61221 12.612 0.043
4554.57924 12.611 0.049
4556.52979 12.826 0.046
4556.59661 12.726 0.062
4558.55257 12.622 0.043
4558.60082 12.73 0.039
4561.53769 13.053 0.05
4561.56582 13.265 0.047
4563.57373 12.547 0.046
4563.5859 12.367 0.05
4565.59859 12.617 0.043
4566.51895 13.05 0.055
4571.49088 12.698 0.046
4572.52064 12.415 0.05
4573.54245 12.715 0.069
4574.5463 12.959 0.049
