1868.8286 10.182 0.049
1870.77533 10.219 0.063
1872.76391 10.084 0.062
1874.76409 10.091 0.071
1876.7583 10.043 0.059
1878.75551 10.128 0.051
1880.74566 9.98 0.053
1884.76718 10.05 0.032
1885.85717 9.982 0.034
1887.73391 9.968 0.042
1889.73908 9.981 0.042
1899.76127 9.917 0.034
1900.76678 9.948 0.034
1902.75086 9.931 0.028
1903.7762 9.981 0.033
1904.7813 9.895 0.034
1905.75762 9.856 0.046
1906.76039 9.857 0.037
1907.76053 9.874 0.032
1908.74579 9.897 0.032
1913.72277 9.901 0.026
1915.73648 9.872 0.035
1918.74189 9.854 0.034
1920.71694 9.805 0.03
1921.72015 9.773 0.031
1922.71944 9.789 0.031
1924.70699 9.761 0.03
1925.71234 9.73 0.038
1926.70651 9.68 0.031
1928.70611 9.699 0.028
1929.70361 9.647 0.03
1930.69743 9.593 0.03
1931.69218 9.574 0.036
1932.69449 9.53 0.028
1933.69452 9.517 0.032
1934.68659 9.504 0.029
1935.61952 9.497 0.03
1935.71018 9.461 0.032
1937.65744 9.403 0.033
1939.65215 9.379 0.035
1941.63207 9.256 0.031
1945.68202 9.191 0.032
1946.6864 9.145 0.032
1948.62561 9.155 0.032
1949.66853 9.101 0.036
1952.64328 9.012 0.037
1953.65262 8.993 0.041
1954.65129 8.959 0.051
1955.6454 8.912 0.046
1958.62957 8.937 0.042
1959.64137 8.916 0.046
1961.63784 8.893 0.043
1963.61392 8.852 0.047
1964.62616 8.851 0.043
1965.62152 8.862 0.044
1966.62355 8.832 0.049
1967.6139 8.821 0.05
1968.61355 8.841 0.052
1977.59785 8.778 0.062
1979.58058 8.788 0.073
1980.59927 8.777 0.062
1981.60199 8.763 0.063
1982.58636 8.778 0.051
1984.58024 8.753 0.062
1985.57528 8.779 0.067
1993.56168 8.784 0.074
1994.59462 8.793 0.071
1995.56319 8.813 0.08
2016.47725 9.095 0.081
2025.47522 9.392 0.039
2027.51475 9.426 0.038
2031.46257 9.504 0.048
2033.48552 9.53 0.046
2053.48562 9.893 0.051
2055.50892 9.893 0.059
2057.51163 9.937 0.049
2068.50937 10.071 0.035
2071.47081 10.134 0.05
2082.45251 10.29 0.044
2087.45533 10.377 0.031
2167.90101 11.1 0.055
2172.88334 11.139 0.052
2184.85496 11.131 0.054
2186.87164 11.144 0.048
2189.85691 11.153 0.05
2191.85114 11.19 0.051
2193.85231 11.186 0.05
2196.8464 11.136 0.062
2198.85093 11.119 0.049
2200.85417 11.121 0.049
2202.83928 11.093 0.054
2206.80857 11.055 0.05
2212.81433 10.992 0.057
2214.78886 10.958 0.054
2215.86894 10.913 0.06
2216.80325 11.025 0.051
2221.81177 10.883 0.063
2221.83395 10.888 0.059
2224.78626 10.829 0.055
2224.81758 10.923 0.055
2226.79263 10.889 0.057
2228.7627 10.806 0.061
2228.78491 10.872 0.057
2230.75646 10.754 0.059
2230.78134 10.81 0.057
2232.84053 10.73 0.066
2233.75429 10.738 0.056
2234.76475 10.622 0.057
2235.7614 10.795 0.05
2236.7599 10.653 0.063
2239.76052 10.542 0.069
2239.78992 10.65 0.061
2242.74198 10.466 0.066
2247.79384 10.407 0.082
2248.85195 10.38 0.08
2254.79344 10.222 0.082
2256.73269 10.227 0.079
2443.47698 9.266 0.031
2540.86897 10.83 0.045
2545.85147 10.865 0.033
2545.85147 10.895 0.034
2552.86177 11.013 0.031
2557.86366 10.952 0.042
2559.87524 11.007 0.033
2562.84996 11.126 0.045
2564.85593 11.256 0.033
2578.84288 11.426 0.044
2621.84559 11.236 0.031
2623.79968 11.254 0.023
2625.78539 11.177 0.032
2628.7424 11.108 0.033
2628.7424 11.135 0.035
2632.81699 11.089 0.032
2635.73326 10.942 0.037
2637.7793 10.961 0.022
2639.79972 10.895 0.025
2642.73616 10.844 0.025
2644.76124 10.774 0.029
2646.73849 10.727 0.03
2649.73267 10.655 0.025
2651.70039 10.645 0.029
2655.75957 10.511 0.026
2658.71728 10.488 0.027
2662.71201 10.4 0.03
2664.70569 10.342 0.03
2666.70101 10.274 0.03
2670.70235 10.216 0.029
2672.69859 10.166 0.025
2674.69092 10.139 0.03
2676.67274 10.12 0.027
2678.66273 10.11 0.027
2679.69144 10.075 0.035
2680.6565 10.051 0.032
2681.77438 10.074 0.023
2683.69651 10.062 0.031
2685.67246 10.009 0.032
2688.80455 10.0 0.029
2690.73213 10.003 0.029
2692.78879 10.01 0.028
2694.70729 9.983 0.025
2700.70076 9.955 0.028
2706.64716 9.94 0.02
2709.75268 9.905 0.033
2711.64227 9.957 0.032
2712.77925 9.927 0.024
2714.62402 9.913 0.032
2720.74055 9.834 0.029
2726.64406 9.882 0.023
2728.6353 9.892 0.028
2730.63125 9.824 0.028
2733.67762 9.782 0.029
2735.67115 9.786 0.027
2737.65824 9.768 0.024
2739.64842 9.773 0.029
2741.61577 9.734 0.027
2742.71342 9.661 0.033
2744.61737 9.647 0.025
2747.6597 9.549 0.023
2751.55639 9.506 0.025
2754.55699 9.359 0.024
2756.55637 9.29 0.03
2760.56244 9.22 0.031
2762.56123 9.172 0.033
2764.5457 9.113 0.033
2766.60324 9.068 0.023
2770.59761 9.022 0.025
2782.57984 8.88 0.03
2784.56363 8.862 0.03
2786.55898 8.829 0.029
2789.55488 8.852 0.022
2792.4891 8.833 0.037
2795.47452 8.854 0.035
2804.50643 8.83 0.045
2809.50539 8.828 0.025
2811.51411 8.81 0.023
2813.51234 8.815 0.022
2814.47458 8.849 0.027
2819.46824 8.761 0.034
2819.47093 8.803 0.031
2831.46513 8.856 0.035
2835.45584 8.925 0.037
2907.8907 10.153 0.056
2916.87412 10.292 0.027
2922.86027 10.381 0.028
2929.85461 10.573 0.035
2932.86331 10.595 0.028
2940.83157 10.752 0.028
2943.83434 10.825 0.026
2946.81691 10.859 0.023
2949.82809 10.884 0.027
2956.81548 11.069 0.032
2960.82098 11.088 0.024
2963.82992 11.215 0.028
2967.79199 11.192 0.027
2971.78817 11.344 0.024
2974.83475 11.356 0.028
2977.75473 11.394 0.032
2979.81538 11.417 0.028
2985.79399 11.565 0.031
2988.78475 11.515 0.032
2991.77448 11.635 0.024
2994.76292 11.632 0.031
2997.75497 11.617 0.026
3000.81124 11.626 0.027
3006.73968 11.741 0.027
3008.7529 11.595 0.025
3010.78273 11.679 0.025
3013.7145 11.607 0.028
3016.75504 11.618 0.025
3018.76265 11.605 0.026
3023.74937 11.518 0.025
3028.73874 11.564 0.028
3030.76873 11.5 0.027
3033.66659 11.5 0.027
3035.71318 11.417 0.035
3039.8201 11.35 0.027
3042.72109 11.286 0.032
3044.75416 11.259 0.026
3047.68274 11.228 0.031
3050.65093 11.173 0.031
3052.7898 11.135 0.025
3055.60715 10.997 0.035
3057.64842 10.999 0.04
3059.69827 10.93 0.027
3061.72096 10.908 0.03
3066.79524 10.851 0.027
3066.80862 10.842 0.028
3068.71306 10.872 0.026
3070.7387 10.807 0.029
3073.61152 10.735 0.026
3075.65385 10.679 0.027
3077.67085 10.713 0.026
3079.68757 10.756 0.04
3081.71952 10.679 0.028
3085.71188 10.593 0.027
3087.7143 10.618 0.03
3089.73863 10.567 0.028
3091.75284 10.572 0.027
3093.74166 10.548 0.032
3097.68788 10.582 0.036
3100.52978 10.516 0.03
3102.54754 10.501 0.028
3104.56514 10.521 0.027
3106.57337 10.51 0.028
3108.57782 10.497 0.031
3110.58265 10.487 0.026
3112.59244 10.465 0.03
3114.60252 10.398 0.034
3116.62594 10.401 0.034
3116.62594 10.423 0.032
3121.58111 10.344 0.03
3125.60778 10.369 0.027
3127.62501 10.363 0.039
3127.62834 10.387 0.036
3130.50767 10.286 0.033
3130.51098 10.338 0.03
3134.55688 10.267 0.03
3134.56021 10.232 0.028
3142.59326 10.113 0.032
3144.50916 10.078 0.028
3146.54349 10.066 0.035
3146.56183 10.031 0.026
3153.52878 9.837 0.035
3153.53515 9.864 0.032
3156.53253 9.718 0.028
3156.53572 9.721 0.028
3159.55846 9.669 0.032
3160.49363 9.608 0.03
3163.4988 9.495 0.028
3163.51094 9.495 0.029
3165.52083 9.448 0.026
3167.46814 9.376 0.026
3168.52173 9.366 0.027
3171.45938 9.312 0.026
3175.46019 9.212 0.029
3176.50396 9.24 0.026
3179.50513 9.248 0.025
3184.47757 9.224 0.029
3184.48052 9.199 0.028
3187.46392 9.147 0.032
3187.46687 9.203 0.035
3280.8822 9.557 0.047
3298.87123 9.866 0.052
3355.7786 10.924 0.036
3358.7646 11.058 0.07
3365.76697 11.123 0.05
3385.69545 11.532 0.083
3387.74793 11.293 0.081
3390.6816 11.435 0.063
3392.76074 11.401 0.067
3395.74983 11.646 0.081
3397.78391 11.558 0.042
3400.657 11.445 0.045
3403.69553 11.611 0.068
3405.70467 11.629 0.064
3407.75407 11.609 0.039
3409.74858 11.62 0.038
3411.81753 11.637 0.073
3414.61664 11.645 0.074
3416.67079 11.566 0.045
3418.67481 11.621 0.107
3422.68065 11.53 0.071
3424.68892 11.43 0.082
3426.69016 11.599 0.055
3430.70248 11.564 0.043
3432.69923 11.475 0.092
3434.69288 11.465 0.082
3438.5699 11.389 0.04
3440.67732 11.419 0.031
3443.73381 11.439 0.068
3445.72141 11.443 0.099
3447.72353 11.445 0.086
3449.74959 11.233 0.062
3452.61002 11.187 0.083
3454.68233 11.266 0.055
3456.69034 11.217 0.035
3458.66361 11.14 0.078
3460.66367 11.097 0.041
3462.67061 11.01 0.058
3464.70311 10.987 0.037
3467.71657 10.966 0.036
3470.50575 10.954 0.034
3472.54146 10.848 0.036
3474.59199 10.843 0.043
3476.65791 10.779 0.061
3478.64562 10.734 0.049
3480.6406 10.686 0.087
3482.64807 10.633 0.083
3490.57712 10.586 0.039
3492.57901 10.509 0.087
3496.58337 10.6 0.037
3501.58187 10.409 0.056
3504.49378 10.675 0.059
3509.52498 10.411 0.033
3512.53729 10.319 0.05
3516.53878 10.441 0.046
3520.53252 10.391 0.034
3522.55598 10.429 0.089
3524.56886 10.309 0.042
3527.5112 10.727 0.048
3529.51438 10.261 0.043
3539.47595 10.29 0.042
3543.47546 10.3 0.036
3547.47528 10.167 0.031
3556.4595 9.948 0.034
3560.45959 9.855 0.042
3631.9023 9.399 0.038
3651.87596 9.533 0.046
3655.86829 9.522 0.079
3659.85472 9.556 0.053
3663.84543 9.509 0.057
3670.84548 9.588 0.037
3674.82887 9.662 0.036
3678.85878 9.742 0.048
3701.8129 10.049 0.046
3705.79051 10.103 0.067
3712.8366 10.209 0.039
3715.81074 10.242 0.07
3718.79726 10.175 0.062
3721.77376 10.316 0.033
3727.75659 10.539 0.073
3731.76043 10.437 0.078
3734.77434 10.539 0.044
3737.74915 10.558 0.036
3740.72557 10.683 0.07
3743.71677 10.671 0.053
3745.80191 10.668 0.049
3748.71607 10.655 0.062
3751.69827 10.835 0.038
3753.79663 10.898 0.048
3756.68757 10.89 0.076
3758.74408 10.95 0.043
3761.67261 11.002 0.042
3763.75765 11.001 0.083
3766.66184 11.065 0.075
3768.7505 11.054 0.052
3771.63701 11.182 0.067
3773.69923 11.107 0.07
3775.70933 11.186 0.051
3780.61554 11.358 0.079
3783.66655 11.304 0.087
3787.66862 11.385 0.051
3789.71637 11.42 0.037
3792.63108 11.385 0.044
3794.68211 11.534 0.056
3796.70866 11.446 0.053
3798.78164 11.462 0.051
3801.58734 11.592 0.081
3803.70077 11.512 0.062
3805.69203 11.643 0.043
3808.69308 11.555 0.061
3810.73579 12.726 0.064
3812.76442 11.699 0.062
3815.56254 11.648 0.063
3817.59379 11.752 0.056
3819.62194 11.735 0.054
3821.67784 11.72 0.077
3823.68734 11.711 0.044
3825.6999 11.812 0.042
3827.74245 11.782 0.049
3832.56871 11.729 0.073
3834.5777 11.664 0.082
3836.59417 11.802 0.069
3848.54114 11.701 0.059
3850.57603 11.7 0.068
3852.5666 11.665 0.04
3854.57552 11.548 0.054
3856.6189 11.584 0.039
3861.55836 11.471 0.038
3863.56079 11.5 0.036
3865.57155 11.477 0.032
3867.60751 11.431 0.038
3869.60506 11.383 0.06
3871.59867 11.367 0.058
3875.58814 11.33 0.037
3881.56851 11.255 0.052
3886.4839 11.099 0.028
3890.51763 11.053 0.043
3892.53307 10.964 0.05
3896.52763 10.86 0.043
3899.49479 10.835 0.035
3901.52599 10.847 0.032
3904.48076 10.757 0.042
3906.49608 10.831 0.052
3908.50696 10.73 0.035
4091.76692 9.926 0.08
4104.79267 9.901 0.062
4106.80232 9.909 0.067
4111.76568 10.12 0.064
4125.67752 10.167 0.06
4127.71934 10.232 0.04
4129.71827 10.285 0.038
4131.7628 10.392 0.08
4136.64645 10.453 0.07
4147.61639 10.616 0.041
4150.68884 11.273 0.082
4152.70137 10.685 0.036
4154.73339 10.754 0.06
4156.74937 10.853 0.076
4158.77073 10.896 0.049
4160.78394 10.927 0.039
4162.74122 10.969 0.05
4164.75836 10.981 0.077
4167.71189 10.972 0.07
4172.7725 11.08 0.056
4175.54502 11.263 0.06
4177.7384 11.113 0.05
4180.60892 11.235 0.066
4182.64159 12.034 0.072
4184.63721 11.388 0.051
4188.63784 11.379 0.047
4190.66278 11.418 0.047
4192.67183 11.405 0.042
4194.71055 11.497 0.046
4197.70706 11.61 0.054
4200.62223 11.59 0.039
4203.62999 11.654 0.047
4205.63245 11.747 0.049
4208.69763 11.785 0.05
4213.61657 11.77 0.059
4216.6279 11.784 0.038
4229.48413 11.984 0.035
4231.48382 12.236 0.044
4233.50629 12.017 0.032
4235.50913 12.083 0.046
4237.55772 12.056 0.047
4246.5352 12.04 0.038
4249.51477 12.061 0.037
4253.51516 12.008 0.04
4256.52639 11.999 0.035
4258.53557 12.009 0.041
4271.47498 11.74 0.055
4276.48417 11.799 0.039
4281.46801 11.754 0.039
4284.48404 11.72 0.039
4290.45863 11.532 0.039
4295.4566 11.505 0.037
4365.90018 10.521 0.045
4377.8786 10.392 0.044
4381.87717 10.254 0.039
4385.87014 10.106 0.041
4403.86448 9.82 0.053
4408.82518 9.798 0.036
4412.85918 9.72 0.041
4422.79336 9.647 0.056
4429.81577 9.589 0.043
4433.78027 9.612 0.033
4436.80697 9.629 0.037
4439.81949 9.544 0.044
4442.80674 9.591 0.041
4452.78309 9.667 0.046
4455.76585 9.59 0.043
4458.75496 9.576 0.076
4461.75392 9.682 0.042
4464.74588 9.659 0.038
4467.74538 9.688 0.039
4470.74045 10.126 0.062
4473.82054 9.773 0.071
4477.7208 9.822 0.052
4479.82299 9.76 0.045
4482.75552 9.806 0.073
4485.74961 9.807 0.065
4487.77424 9.886 0.042
4490.67587 9.966 0.041
4492.72064 9.953 0.039
4494.7384 9.95 0.042
4497.85496 10.122 0.056
4500.65845 10.102 0.052
4505.63997 10.139 0.047
4507.69434 10.061 0.056
4509.77004 10.12 0.04
4512.61868 10.21 0.05
4515.77015 10.215 0.057
4518.60157 10.233 0.037
4520.64087 10.21 0.057
4522.64745 10.346 0.054
4524.66339 10.316 0.033
4526.68054 10.348 0.048
4531.6119 10.366 0.061
4534.58529 10.373 0.048
4537.60022 10.557 0.056
4539.6119 10.427 0.06
4541.6178 10.569 0.049
4543.63677 10.515 0.041
4545.66627 10.512 0.045
4547.68369 10.529 0.044
4554.69134 10.626 0.041
4559.54775 10.792 0.049
4561.60836 10.7 0.04
4563.63904 10.705 0.042
4565.65122 10.8 0.054
4567.66149 10.837 0.038
4569.65845 10.788 0.054
4571.64993 10.886 0.044
4573.66499 10.906 0.055
