1868.83465 10.418 0.045
1868.85905 10.359 0.053
1870.78374 10.141 0.064
1870.80856 10.118 0.066
1872.80408 10.119 0.054
1874.77497 10.106 0.058
1874.79703 10.044 0.059
1876.79864 10.026 0.047
1878.78834 10.288 0.043
1880.75429 10.059 0.057
1880.77882 10.015 0.047
1884.79127 10.063 0.036
1887.76484 10.041 0.042
1889.76559 10.014 0.041
1899.75635 10.112 0.035
1899.77196 10.035 0.034
1900.78193 10.009 0.04
1902.74814 10.025 0.032
1902.7681 10.061 0.038
1903.79135 10.335 0.037
1905.74792 10.041 0.035
1905.77943 10.145 0.038
1906.78496 10.014 0.036
1907.76868 10.059 0.031
1908.74058 10.355 0.033
1913.71665 10.309 0.029
1913.73283 10.313 0.027
1913.73548 10.277 0.027
1914.72613 10.174 0.036
1914.72879 10.031 0.035
1915.75399 10.038 0.036
1918.70567 10.293 0.04
1922.71212 10.075 0.032
1922.7322 10.039 0.032
1924.71967 10.075 0.036
1925.70496 10.081 0.054
1925.72283 10.061 0.049
1926.69914 10.096 0.033
1926.71925 10.012 0.033
1928.69649 10.325 0.028
1928.69832 10.37 0.035
1928.71664 10.328 0.037
1928.71845 10.376 0.04
1929.69171 10.115 0.031
1929.69579 10.104 0.03
1929.71188 10.063 0.025
1929.71598 10.029 0.033
1930.68957 10.111 0.031
1930.69447 10.044 0.033
1930.71019 10.078 0.029
1931.68699 10.079 0.033
1931.70264 10.027 0.034
1932.68481 10.087 0.031
1932.70273 10.069 0.031
1933.68483 10.31 0.03
1933.70279 10.347 0.03
1934.67914 10.057 0.032
1934.68096 10.083 0.03
1934.69933 10.057 0.028
1935.70505 10.082 0.03
1936.65789 10.079 0.029
1936.67423 10.094 0.03
1939.64751 10.076 0.03
1939.67039 10.062 0.031
1941.65174 10.085 0.032
1945.67217 10.098 0.032
1945.69559 10.053 0.034
1946.67503 10.116 0.034
1946.69515 10.033 0.032
1948.69958 10.421 0.035
1949.64886 10.111 0.033
1950.64259 10.052 0.035
1950.6609 10.094 0.036
1952.63988 10.062 0.037
1952.65589 10.019 0.039
1953.64718 10.315 0.036
1954.6367 10.05 0.044
1954.65705 10.079 0.047
1955.63302 10.123 0.039
1955.65114 10.068 0.038
1958.61675 10.305 0.034
1958.61867 10.304 0.037
1958.63759 10.315 0.036
1958.6395 10.363 0.034
1959.64677 10.083 0.036
1961.61821 10.083 0.035
1961.62238 10.12 0.038
1961.65483 10.011 0.036
1963.61023 10.921 0.038
1963.62707 10.35 0.036
1964.61994 10.027 0.039
1964.62955 10.081 0.034
1965.60663 10.022 0.034
1965.62711 10.038 0.034
1966.61505 10.072 0.043
1966.62693 10.014 0.037
1967.6076 10.094 0.042
1967.62399 10.006 0.037
1967.62595 10.059 0.04
1968.61686 10.317 0.041
1977.58913 10.09 0.06
1977.60305 10.029 0.059
1979.58589 10.086 0.053
1980.60441 10.057 0.056
2026.49642 10.108 0.039
2027.5279 10.061 0.041
2031.48622 10.058 0.045
2033.49632 10.395 0.032
2033.51146 10.368 0.032
2053.51662 10.336 0.039
2054.46198 10.049 0.066
2057.45449 10.09 0.033
2058.44781 10.404 0.055
2069.46439 10.022 0.041
2070.4526 10.043 0.041
2078.4471 10.38 0.052
2080.4463 10.059 0.064
2085.44703 10.045 0.053
2184.85986 10.058 0.051
2184.88043 10.051 0.052
2190.84923 10.101 0.046
2190.87646 10.079 0.047
2192.86027 10.092 0.048
2192.87548 10.155 0.047
2194.85645 10.076 0.048
2196.86 10.016 0.05
2197.84425 10.065 0.052
2198.86234 10.046 0.049
2201.84524 10.081 0.04
2206.82558 10.1 0.045
2212.83999 10.108 0.049
2213.81419 10.072 0.048
2215.82517 10.112 0.046
2217.8207 10.124 0.047
2221.84211 10.153 0.052
2224.83726 10.049 0.049
2226.80083 10.112 0.052
2228.79315 10.096 0.052
2230.79227 10.093 0.048
2235.77681 10.097 0.046
2237.76675 10.129 0.048
2240.74933 10.077 0.054
2241.84788 10.092 0.056
2243.77372 10.086 0.059
2244.783 10.069 0.067
2248.73398 10.062 0.069
2250.76074 10.094 0.055
2251.84277 10.091 0.074
2254.80854 10.072 0.07
2256.75702 10.096 0.071
2258.75594 10.081 0.073
2260.76895 10.068 0.072
2260.78422 10.109 0.07
2261.80369 10.11 0.08
2263.74752 10.03 0.082
2441.45549 10.094 0.03
2545.88087 10.055 0.034
2545.88087 10.058 0.031
2552.87764 10.027 0.03
2556.87927 10.057 0.06
2557.8733 10.034 0.033
2561.87644 10.029 0.032
2615.84723 10.078 0.043
2621.85134 10.075 0.029
2625.79575 10.048 0.024
2632.80053 10.067 0.028
2632.82294 10.055 0.031
2635.7484 10.05 0.031
2635.7484 10.063 0.031
2637.79027 10.083 0.026
2639.80341 10.213 0.023
2642.74978 10.031 0.02
2646.74927 10.056 0.022
2651.70868 10.073 0.025
2652.73323 10.064 0.023
2655.76557 10.044 0.024
2658.72562 10.067 0.028
2660.70746 10.054 0.029
2662.71799 9.995 0.034
2664.71392 10.264 0.034
2666.707 10.035 0.025
2670.69241 10.042 0.024
2670.70605 10.079 0.028
2672.69316 10.032 0.029
2672.70412 10.064 0.023
2672.71587 10.041 0.034
2674.68092 10.269 0.025
2674.70138 10.247 0.037
2676.68773 10.079 0.035
2678.65265 10.085 0.025
2678.67087 10.009 0.023
2679.7805 10.072 0.026
2680.66696 10.013 0.027
2681.69538 10.07 0.031
2683.68149 10.061 0.026
2683.81662 10.07 0.027
2686.67625 10.079 0.041
2689.71297 10.119 0.023
2690.71185 10.059 0.024
2690.8346 10.044 0.039
2691.66196 10.066 0.032
2692.68546 10.087 0.037
2693.67443 10.022 0.025
2695.66251 10.053 0.029
2696.70482 10.039 0.028
2697.66864 10.121 0.028
2698.80727 10.044 0.029
2699.66136 10.194 0.023
2700.68312 10.065 0.03
2701.65933 10.043 0.021
2703.65512 10.026 0.021
2704.65518 10.217 0.025
2705.645 10.049 0.027
2706.63167 10.085 0.023
2707.64319 10.056 0.028
2709.62735 10.205 0.023
2710.77338 10.112 0.024
2711.62147 10.142 0.032
2711.63805 10.05 0.027
2711.64744 10.05 0.024
2712.59849 10.032 0.025
2713.62661 10.113 0.029
2713.63851 10.072 0.028
2714.61336 10.234 0.032
2715.63864 10.09 0.037
2715.6505 10.042 0.036
2715.71123 10.118 0.046
2719.56396 10.335 0.027
2719.59953 10.216 0.025
2720.71012 10.077 0.029
2720.72333 10.04 0.035
2722.62443 10.125 0.041
2722.62933 10.065 0.024
2722.63701 10.052 0.031
2724.62233 10.189 0.035
2724.62719 10.179 0.029
2724.63484 10.138 0.026
2725.64038 10.077 0.031
2726.62063 10.07 0.029
2726.62548 10.06 0.029
2726.63314 10.048 0.027
2727.63393 10.046 0.033
2728.61666 10.056 0.021
2728.62435 9.996 0.032
2730.60773 10.113 0.031
2730.61253 10.067 0.021
2730.62024 10.047 0.023
2733.65402 10.126 0.038
2733.65881 10.087 0.029
2733.66653 10.046 0.035
2734.57054 10.178 0.028
2735.64971 10.145 0.038
2735.6545 10.123 0.032
2735.66224 10.05 0.034
2737.63679 10.031 0.04
2737.64156 10.005 0.033
2737.6493 9.988 0.04
2739.62925 10.09 0.033
2739.63401 10.077 0.032
2739.63942 10.081 0.037
2740.56345 10.055 0.029
2741.59658 10.133 0.034
2741.6013 10.101 0.028
2741.60673 10.064 0.028
2742.56478 10.027 0.038
2743.60408 10.043 0.041
2743.61423 10.083 0.024
2745.61663 10.105 0.036
2745.62133 10.093 0.044
2745.6408 10.048 0.039
2750.52765 10.025 0.03
2750.5307 10.074 0.034
2750.57738 10.076 0.034
2751.62635 10.079 0.024
2751.6294 10.014 0.032
2752.55364 10.026 0.029
2754.58194 10.047 0.034
2754.59875 10.09 0.024
2754.60179 10.076 0.034
2755.54911 10.053 0.024
2756.5813 10.358 0.035
2756.59807 10.059 0.027
2756.60112 10.063 0.026
2757.54587 10.059 0.028
2759.478 10.272 0.029
2759.48106 10.32 0.026
2759.57316 10.067 0.034
2760.59008 10.067 0.029
2761.501 10.059 0.023
2761.50407 10.059 0.027
2761.54889 10.04 0.03
2762.58332 10.11 0.039
2763.49681 10.07 0.026
2763.49987 10.007 0.029
2763.54524 10.019 0.035
2764.56775 10.106 0.038
2766.49923 10.103 0.03
2766.50229 10.092 0.032
2770.50002 10.047 0.024
2770.50558 10.055 0.024
2775.52756 10.096 0.035
2775.53061 10.101 0.035
2776.58929 10.049 0.034
2782.4963 10.087 0.032
2782.4993 10.015 0.042
2782.55326 10.079 0.028
2783.4709 10.04 0.027
2784.50594 10.173 0.039
2784.50895 10.062 0.038
2784.54395 10.051 0.025
2785.47712 10.105 0.028
2786.50407 10.089 0.038
2786.50707 10.05 0.037
2786.53938 10.078 0.026
2787.47689 10.043 0.029
2789.5024 10.094 0.035
2789.50536 10.092 0.029
2790.51665 10.074 0.042
2791.52688 10.094 0.025
2792.48109 10.013 0.03
2793.45258 10.083 0.025
2794.49182 10.133 0.04
2794.49475 10.096 0.048
2796.45702 10.076 0.042
2796.46112 10.103 0.03
2797.48658 10.051 0.038
2797.48949 9.998 0.039
2804.45615 10.163 0.035
2804.45899 10.091 0.039
2809.45413 10.14 0.031
2809.45693 10.095 0.026
2810.45403 10.092 0.027
2811.47089 10.106 0.027
2811.47368 10.047 0.028
2812.45656 10.008 0.034
2812.4632 10.061 0.028
2813.4739 10.083 0.029
2821.46559 10.086 0.033
2900.89891 10.024 0.049
2908.8965 10.097 0.028
2910.89567 10.041 0.033
2923.87023 10.071 0.034
2926.87388 10.071 0.026
2927.86193 10.056 0.027
2931.86296 10.07 0.024
2932.87565 10.082 0.025
2935.85584 10.047 0.031
2940.86433 10.031 0.026
2944.82545 10.031 0.035
2946.82755 10.08 0.025
2947.82785 10.046 0.033
2947.82785 10.057 0.028
2949.8396 10.057 0.026
2951.83444 10.091 0.025
2955.82354 10.053 0.026
2957.83172 10.052 0.027
2958.8494 10.155 0.032
2960.82458 10.079 0.035
2961.8023 10.074 0.035
2962.81537 10.079 0.037
2964.8447 10.038 0.031
2965.83458 10.037 0.034
2967.82066 10.081 0.026
2971.79469 10.048 0.034
2975.7831 10.047 0.023
2977.78779 10.115 0.035
2977.82109 10.03 0.033
2978.7971 10.148 0.025
2979.81228 10.078 0.034
2980.79301 10.068 0.031
2982.77355 10.068 0.035
2983.80388 10.178 0.027
2985.78486 10.064 0.026
2985.80758 10.055 0.034
2986.80505 10.044 0.025
2988.77606 10.182 0.03
2989.79439 10.044 0.028
2990.76592 10.045 0.032
2991.75878 10.076 0.024
2992.77862 10.033 0.027
2996.80257 9.992 0.031
2997.76587 10.034 0.023
2998.75499 10.147 0.028
3000.75737 10.04 0.024
3000.8224 9.995 0.026
3001.77285 10.041 0.022
3001.80374 10.052 0.027
3005.72729 10.033 0.025
3006.72825 10.043 0.025
3006.75355 10.043 0.043
3006.75651 10.07 0.025
3007.75635 10.101 0.027
3008.77388 10.223 0.024
3009.7995 10.027 0.043
3010.80389 10.053 0.033
3012.70584 10.073 0.03
3013.72868 10.153 0.039
3015.75979 10.05 0.029
3016.7488 10.081 0.032
3016.75898 10.08 0.03
3016.77645 10.041 0.029
3017.76353 10.067 0.025
3018.7512 10.397 0.028
3018.78128 10.283 0.036
3019.80039 10.054 0.034
3023.72582 10.245 0.025
3023.74549 10.292 0.027
3023.80282 10.374 0.026
3027.83184 10.062 0.032
3028.73772 10.251 0.039
3030.7571 10.061 0.031
3030.76477 10.056 0.03
3032.71069 10.104 0.028
3032.73603 9.984 0.041
3033.65812 10.105 0.022
3034.72939 10.103 0.027
3034.75336 10.033 0.048
3035.69945 10.062 0.03
3035.71995 10.053 0.025
3036.80115 10.059 0.03
3036.8352 10.02 0.027
3040.83709 10.018 0.05
3042.69709 10.088 0.036
3042.70985 10.0 0.052
3043.67523 10.212 0.032
3043.68536 10.246 0.043
3047.66875 10.054 0.026
3047.68002 10.05 0.025
3048.68342 10.309 0.038
3048.69672 10.236 0.03
3050.63693 10.052 0.045
3050.65477 10.061 0.03
3051.64277 10.059 0.027
3051.65557 10.019 0.036
3052.78568 10.053 0.029
3052.79362 10.045 0.025
3053.70276 10.347 0.031
3053.71329 10.288 0.032
3055.60301 10.092 0.071
3055.61672 10.017 0.055
3055.77125 10.056 0.037
3057.63631 10.037 0.025
3057.65216 10.016 0.035
3058.59199 10.139 0.029
3059.68594 10.006 0.033
3059.70427 10.019 0.034
3060.65696 10.038 0.027
3061.71089 10.084 0.026
3061.72466 10.055 0.032
3064.77404 10.086 0.029
3064.78732 10.014 0.033
3067.58845 10.046 0.034
3067.59454 9.999 0.03
3067.73108 10.033 0.028
3067.74466 10.05 0.026
3069.73469 10.083 0.033
3071.6349 10.092 0.039
3071.7614 10.058 0.033
3074.5632 10.04 0.029
3074.6406 10.077 0.03
3075.6877 10.036 0.029
3075.6908 10.078 0.024
3076.67058 10.076 0.029
3076.67369 10.054 0.024
3077.70904 10.068 0.028
3078.66925 10.384 0.03
3078.67237 10.322 0.027
3079.71181 10.065 0.029
3079.71492 10.038 0.026
3080.6829 10.053 0.033
3080.69409 10.021 0.028
3081.74458 10.06 0.027
3082.57912 10.081 0.027
3082.71679 10.075 0.036
3085.74428 10.026 0.031
3086.58059 10.104 0.026
3086.70606 10.067 0.038
3086.71745 10.658 0.032
3086.71745 10.877 0.032
3088.59643 10.224 0.049
3088.70957 10.413 0.038
3088.72515 10.378 0.029
3090.56987 10.034 0.037
3090.60661 10.034 0.033
3092.60782 10.082 0.023
3092.70018 10.065 0.033
3093.56449 10.186 0.026
3096.57517 10.064 0.024
3096.6009 9.993 0.034
3096.68644 10.063 0.033
3097.56539 10.059 0.031
3098.60551 10.395 0.031
3098.61817 10.324 0.033
3098.68897 10.363 0.036
3099.57514 10.065 0.03
3100.6104 10.139 0.029
3100.62233 10.038 0.031
3101.54275 10.045 0.03
3101.58526 10.062 0.027
3102.62665 10.051 0.03
3103.54931 10.197 0.035
3103.59193 10.302 0.027
3104.63792 10.083 0.032
3105.55436 10.057 0.038
3105.58675 9.96 0.037
3106.62259 9.998 0.047
3106.63219 10.082 0.028
3107.56223 10.093 0.026
3107.58898 10.03 0.024
3108.62351 10.418 0.025
3108.63544 10.393 0.027
3109.57052 10.043 0.028
3109.59425 10.384 0.026
3110.6188 10.075 0.027
3110.62842 10.076 0.03
3111.56784 10.039 0.026
3111.59194 10.049 0.025
3112.62692 10.0 0.034
3112.63722 10.024 0.027
3113.58481 10.421 0.041
3113.60901 10.362 0.039
3114.6361 10.04 0.029
3114.64054 10.039 0.027
3115.59044 10.028 0.033
3115.62094 10.04 0.026
3121.4814 10.063 0.032
3121.4847 10.021 0.03
3121.54523 10.05 0.025
3121.54857 10.05 0.023
3123.51113 10.276 0.025
3123.5145 10.218 0.024
3125.54521 10.042 0.038
3125.54855 10.065 0.032
3125.59871 10.062 0.027
3127.57993 10.089 0.032
3127.58323 10.044 0.027
3128.52663 10.253 0.032
3129.59802 10.127 0.031
3130.54388 10.064 0.034
3131.59494 10.089 0.028
3132.55544 10.042 0.028
3133.5991 10.414 0.029
3134.57267 10.015 0.027
3142.54748 10.096 0.024
3146.52879 10.04 0.023
3152.46461 10.036 0.04
3153.51185 10.365 0.029
3156.46938 10.03 0.038
3159.51834 10.068 0.032
3160.48988 10.111 0.034
3163.47928 10.342 0.028
3164.47593 10.072 0.034
3165.49664 10.037 0.036
3167.48773 10.048 0.028
3169.46987 10.089 0.026
3171.47562 10.069 0.028
3176.44847 10.039 0.03
3177.44871 10.038 0.029
3180.45153 10.033 0.027
3184.45473 10.091 0.03
3277.89007 10.058 0.038
3355.79978 9.942 0.096
3358.78893 10.626 0.069
3365.78394 10.041 0.048
3386.7081 10.064 0.059
3388.75323 10.11 0.042
3390.82469 10.143 0.061
3393.84431 10.125 0.082
3396.58808 10.048 0.038
3400.72417 10.088 0.051
3403.7159 10.074 0.057
3405.72259 10.082 0.06
3407.78934 10.054 0.066
3409.76383 10.059 0.054
3410.62708 10.148 0.089
3412.63962 10.063 0.036
3414.67167 10.043 0.034
3416.67712 10.034 0.066
3418.68119 10.142 0.057
3420.66783 10.122 0.076
3422.6898 10.085 0.074
3424.69526 10.137 0.089
3426.69901 9.998 0.088
3430.71123 10.095 0.087
3432.70795 10.076 0.085
3434.70473 10.052 0.112
3440.68584 10.086 0.054
3443.75337 10.022 0.081
3445.71396 10.087 0.056
3445.73326 10.079 0.073
3447.71609 10.22 0.099
3447.73609 10.065 0.098
3449.72266 10.05 0.067
3449.72266 10.053 0.066
3450.55032 10.238 0.05
3452.59897 10.138 0.072
3452.67247 10.05 0.037
3452.67247 10.058 0.043
3454.72454 9.99 0.068
3457.52098 10.045 0.041
3459.55693 10.017 0.073
3461.58937 10.09 0.041
3463.60326 10.062 0.058
3465.57402 10.061 0.075
3465.64039 10.005 0.065
3468.63331 10.113 0.06
3470.65397 10.093 0.069
3472.6545 10.014 0.062
3475.53202 10.067 0.072
3477.53058 10.699 0.068
3477.5806 10.036 0.092
3479.57013 10.068 0.084
3479.60318 10.088 0.083
3481.60011 10.021 0.055
3483.6347 10.035 0.088
3491.51013 10.064 0.086
3491.52325 10.139 0.084
3495.52446 10.044 0.037
3497.58847 10.09 0.046
3497.59687 10.1 0.058
3500.5925 10.113 0.058
3504.57708 10.0 0.067
3509.50677 10.082 0.04
3512.52351 10.076 0.034
3520.51825 10.069 0.045
3522.54562 10.077 0.049
3523.47591 10.069 0.059
3525.51165 10.12 0.075
3526.48634 10.073 0.052
3528.48288 9.983 0.082
3530.48027 9.932 0.088
3539.45711 10.062 0.073
3539.46098 9.981 0.078
3544.45225 10.126 0.046
3653.88069 10.05 0.034
3657.87321 10.046 0.033
3662.87484 10.025 0.041
3666.85778 10.04 0.054
3671.85739 10.02 0.036
3675.84756 10.046 0.038
3699.80294 10.371 0.035
3703.7927 10.019 0.037
3707.78816 10.125 0.037
3712.85588 10.031 0.044
3718.81049 10.035 0.037
3721.79074 10.123 0.067
3725.82924 10.024 0.032
3728.76466 9.974 0.056
3732.73781 10.034 0.036
3735.75683 9.992 0.066
3740.79986 10.022 0.038
3743.74121 10.051 0.076
3746.7341 10.06 0.044
3748.80303 10.092 0.061
3752.75844 10.104 0.052
3755.69594 10.047 0.039
3757.75368 10.054 0.071
3760.69263 10.129 0.075
3762.79151 9.895 0.103
3765.66936 10.062 0.042
3768.6685 10.159 0.071
3773.64667 10.057 0.057
3775.69344 10.052 0.044
3778.58986 10.031 0.07
3780.67674 10.022 0.062
3783.72265 10.034 0.09
3787.6454 10.053 0.089
3787.72515 10.075 0.088
3789.7748 10.073 0.08
3792.64064 10.089 0.076
3794.67253 10.317 0.038
3796.71808 10.062 0.033
3798.78765 10.03 0.088
3801.57882 10.096 0.068
3801.59502 9.981 0.065
3803.72291 10.133 0.091
3808.57301 10.081 0.079
3810.59586 10.097 0.07
3812.60685 9.989 0.068
3814.60843 10.379 0.088
3816.65366 10.051 0.08
3818.66154 10.005 0.064
3820.69081 10.107 0.066
3822.72243 10.076 0.062
3825.54402 9.955 0.068
3826.51455 10.057 0.038
3827.5676 10.003 0.045
3829.58979 10.408 0.081
3831.59123 10.118 0.076
3834.53076 10.382 0.086
3836.53746 10.08 0.054
3836.65695 10.058 0.066
3848.49604 10.054 0.046
3848.49939 10.099 0.078
3850.55085 9.935 0.089
3852.53724 10.016 0.041
3854.54399 10.398 0.058
3856.58901 10.069 0.042
3861.46536 10.114 0.085
3863.48825 10.043 0.072
3865.50342 10.017 0.074
3867.55854 10.074 0.082
3868.51902 10.054 0.076
3869.56142 10.195 0.048
3870.52143 10.091 0.044
3871.55655 10.138 0.058
3875.56126 9.941 0.073
3882.49398 10.007 0.041
3886.49384 10.054 0.034
3887.45305 10.057 0.045
3889.50011 10.309 0.065
3891.48878 10.062 0.034
3894.47549 10.26 0.031
3898.47538 10.041 0.041
3898.48674 10.018 0.031
3901.46798 10.064 0.033
3901.47789 10.118 0.057
3903.49586 10.046 0.04
3904.46864 10.24 0.066
3906.46413 10.012 0.072
3908.4529 10.091 0.076
3908.48634 10.1 0.035
4091.78024 10.114 0.089
4105.74152 10.094 0.051
4107.80663 10.012 0.044
4111.80832 10.088 0.055
4125.6894 10.051 0.04
4127.72323 10.094 0.045
4129.72458 10.076 0.092
4131.7804 9.944 0.079
4135.71678 10.065 0.058
4137.71947 10.072 0.058
4149.71593 10.025 0.045
4151.76487 10.09 0.034
4153.76348 10.396 0.068
4155.7941 10.057 0.092
4158.59745 9.982 0.089
4160.63634 10.021 0.036
4162.64359 10.175 0.046
4164.65897 10.061 0.05
4167.62195 10.005 0.093
4172.66422 10.097 0.04
4174.67694 10.067 0.034
4176.72458 10.023 0.055
4179.71698 9.91 0.06
4184.54732 9.95 0.069
4189.56231 10.051 0.04
4191.57118 10.008 0.064
4193.57479 10.095 0.043
4196.60277 10.008 0.05
4201.5959 10.082 0.037
4204.59437 10.026 0.044
4207.64029 10.074 0.074
4213.58942 10.259 0.059
4229.48111 10.028 0.041
4231.48074 10.131 0.056
4233.50316 10.052 0.045
4235.50596 9.961 0.06
4237.55451 9.967 0.065
4246.49396 10.063 0.044
4253.48734 10.242 0.051
4256.51745 10.07 0.034
4258.5213 10.3 0.049
4259.48215 10.079 0.046
4271.46865 10.037 0.057
4276.46894 10.082 0.055
4281.46408 10.091 0.078
4286.45475 10.073 0.073
4371.89552 10.273 0.041
4381.88625 10.046 0.04
4386.87706 10.036 0.04
4408.85556 10.053 0.04
4422.83248 10.095 0.04
4427.84705 10.048 0.041
4431.81391 10.058 0.039
4436.79363 10.061 0.047
4440.79028 10.155 0.038
4443.8279 9.972 0.051
4453.79906 10.126 0.064
4456.78159 10.005 0.051
4459.76884 10.07 0.045
4462.81808 10.001 0.043
4465.76283 10.189 0.07
4471.79284 10.047 0.055
4474.78418 10.051 0.052
4477.83215 10.064 0.073
4484.73174 10.116 0.047
4486.76437 10.035 0.063
4492.78907 9.999 0.045
4494.80254 9.975 0.05
4498.72304 10.169 0.071
4503.64682 10.001 0.055
4508.63902 10.022 0.073
4510.67461 10.092 0.044
4512.70354 10.16 0.067
4517.66408 9.987 0.044
4519.66887 10.09 0.053
4521.68439 10.098 0.066
4523.71418 10.063 0.044
4525.77175 10.0 0.071
4528.60803 9.923 0.068
4530.67492 10.045 0.054
4532.76996 10.07 0.041
4536.58877 10.083 0.056
4538.6565 10.017 0.059
4540.66946 10.116 0.076
4545.66385 10.082 0.068
4547.60872 10.08 0.074
4554.56326 10.07 0.054
4556.58149 10.079 0.058
4558.59356 10.072 0.041
4560.62008 10.115 0.055
4562.64866 10.098 0.058
4565.52437 10.196 0.065
4567.56502 10.004 0.045
4572.51119 9.991 0.045
4574.53182 10.017 0.051
