1868.78193 13.116 0.032
1869.77231 13.176 0.03
1870.78708 13.165 0.033
1871.71809 13.139 0.032
1872.78251 13.64 0.031
1872.82763 13.475 0.03
1874.71419 13.179 0.03
1874.77791 13.145 0.039
1875.78018 12.442 0.034
1876.7698 12.245 0.034
1876.81917 12.466 0.03
1878.70794 12.308 0.032
1878.76667 12.926 0.035
1879.77019 13.242 0.027
1880.75905 13.323 0.04
1880.80359 13.157 0.035
1881.76955 13.162 0.029
1884.74651 13.385 0.029
1884.77592 13.263 0.029
1885.77785 13.103 0.031
1886.74978 12.849 0.032
1886.77545 12.507 0.028
1887.75648 12.461 0.034
1888.73706 12.562 0.039
1888.75838 12.446 0.036
1889.77298 12.801 0.042
1889.81589 13.736 0.049
1899.71748 12.527 0.029
1899.78499 13.032 0.034
1900.72668 12.761 0.027
1900.86072 13.397 0.039
1902.70666 13.464 0.026
1902.83813 13.153 0.03
1903.69378 12.949 0.033
1903.73671 13.145 0.027
1904.73105 13.458 0.029
1905.71079 13.15 0.027
1905.79707 13.179 0.033
1906.70165 13.737 0.025
1906.83309 12.66 0.032
1907.70866 13.162 0.026
1907.77909 12.711 0.029
1908.69644 13.461 0.024
1913.68217 13.12 0.026
1913.75413 13.11 0.027
1914.6938 12.977 0.027
1914.75608 13.694 0.029
1915.68892 13.269 0.03
1915.77516 13.346 0.03
1915.85919 13.722 0.032
1918.6727 13.373 0.036
1919.68913 13.635 0.037
1919.69132 13.617 0.041
1919.70696 13.162 0.041
1920.68135 12.707 0.031
1920.73515 12.334 0.034
1920.74359 12.389 0.037
1921.73323 12.426 0.04
1921.73842 12.62 0.038
1922.68144 12.781 0.03
1922.74212 12.71 0.03
1923.67164 12.853 0.053
1924.72951 12.8 0.035
1924.73114 13.236 0.035
1925.67202 13.06 0.039
1926.6617 13.189 0.026
1926.7359 13.399 0.037
1928.73023 13.101 0.032
1929.72395 12.986 0.029
1930.65668 13.245 0.027
1930.71937 12.548 0.026
1930.72908 12.522 0.028
1931.65405 12.423 0.044
1931.71245 12.511 0.035
1932.7096 12.812 0.027
1932.71698 12.779 0.029
1933.70968 12.831 0.026
1933.72417 12.839 0.027
1934.64843 12.944 0.026
1934.70847 13.073 0.028
1934.71822 13.195 0.029
1935.58562 12.83 0.027
1935.62515 12.888 0.035
1936.68322 13.582 0.026
1936.75896 13.089 0.027
1937.62354 13.201 0.026
1937.72033 13.477 0.027
1938.65069 13.055 0.027
1938.65696 13.465 0.027
1938.74513 13.457 0.027
1939.68157 13.319 0.029
1939.70931 13.139 0.026
1939.73433 13.439 0.028
1940.75657 12.468 0.03
1941.61189 13.184 0.026
1941.66812 13.149 0.029
1945.70582 13.238 0.034
1946.63893 12.988 0.033
1946.71292 12.892 0.038
1946.72682 13.566 0.034
1947.66081 12.824 0.036
1948.65455 13.173 0.042
1948.65841 13.261 0.038
1948.70966 13.976 0.039
1949.64819 13.427 0.036
1949.68832 13.603 0.039
1949.6959 13.208 0.038
1950.61899 13.255 0.034
1950.67488 13.927 0.036
1952.60516 13.41 0.031
1953.61896 13.225 0.029
1953.67104 12.53 0.032
1953.67251 12.391 0.031
1954.61554 13.18 0.035
1955.61863 12.216 0.027
1955.67286 12.78 0.034
1958.64718 13.155 0.032
1959.65683 12.976 0.033
1962.67271 13.815 0.034
1963.57607 13.565 0.031
1963.65961 12.878 0.032
1964.59286 13.405 0.025
1964.64631 12.683 0.029
1964.65395 12.422 0.029
1965.58377 12.714 0.028
1965.63491 12.695 0.029
1966.597 12.648 0.031
1966.63731 12.793 0.031
1966.65162 12.979 0.032
1968.63381 13.146 0.031
1968.64146 13.055 0.034
1977.57852 12.322 0.046
1977.60957 12.504 0.051
1979.5501 12.645 0.043
1979.62419 12.779 0.047
1981.54207 12.91 0.037
1981.63193 13.24 0.042
1982.57852 13.126 0.03
1982.61275 13.245 0.034
1984.55651 13.109 0.037
1984.60667 13.576 0.043
1985.59729 13.411 0.048
1985.61032 13.497 0.041
1993.51815 13.214 0.045
1994.5369 13.387 0.045
1995.53113 13.468 0.05
1995.58591 13.629 0.055
1996.589 13.339 0.049
1997.58301 13.07 0.051
1998.5869 12.539 0.055
2000.58168 12.741 0.053
2009.53365 12.746 0.058
2018.49808 13.156 0.053
2025.48889 12.939 0.029
2026.48593 13.055 0.03
2030.46368 13.744 0.033
2030.50151 13.277 0.031
2032.48756 13.095 0.031
2032.49906 12.891 0.032
2032.52354 12.436 0.029
2038.47264 13.275 0.035
2052.45965 13.195 0.037
2053.49417 13.139 0.031
2053.49701 13.104 0.032
2054.52502 12.235 0.06
2055.51588 12.346 0.045
2056.45874 12.42 0.032
2056.51802 12.654 0.035
2058.50346 12.983 0.05
2058.51212 13.029 0.031
2067.4803 12.558 0.041
2068.51731 12.806 0.038
2069.45919 12.956 0.029
2069.529 13.604 0.034
2082.48201 13.258 0.029
2083.47736 13.41 0.036
2087.4644 12.396 0.034
2131.93584 12.197 0.04
2167.84404 12.651 0.039
2171.85784 13.377 0.045
2172.89523 13.528 0.041
2173.84497 13.447 0.039
2183.84991 13.664 0.041
2184.86614 13.405 0.048
2184.89629 12.873 0.049
2184.89629 12.999 0.049
2186.83216 12.68 0.04
2188.85288 12.848 0.037
2190.8093 13.065 0.035
2190.85488 13.119 0.04
2191.88968 13.311 0.043
2192.86571 13.279 0.042
2193.81917 13.406 0.037
2194.86168 13.133 0.041
2195.80983 14.157 0.066
2197.81474 12.932 0.058
2197.84916 12.287 0.04
2199.81501 12.603 0.052
2199.85639 12.816 0.045
2201.84972 13.229 0.04
2206.81819 13.453 0.04
2212.74831 12.448 0.038
2212.82116 12.873 0.043
2213.79951 13.321 0.043
2214.81529 12.777 0.051
2215.77154 13.2 0.041
2215.77154 13.239 0.041
2216.81199 13.249 0.046
2217.75464 13.418 0.043
2221.77142 12.678 0.05
2222.81745 12.896 0.043
2224.82782 13.249 0.043
2225.72968 13.299 0.035
2226.8005 13.187 0.044
2227.74837 13.36 0.039
2228.79272 13.715 0.045
2229.73422 13.706 0.043
2230.7938 12.455 0.045
2232.80414 12.764 0.034
2233.76387 12.637 0.045
2234.72303 12.749 0.039
2235.77788 13.089 0.04
2235.82446 13.408 0.037
2237.71565 13.322 0.045
2237.77235 13.384 0.046
2239.7951 13.363 0.047
2240.74997 13.188 0.045
2241.84204 12.259 0.04
2242.81499 12.414 0.053
2243.77412 12.243 0.054
2244.70134 12.345 0.061
2247.76879 13.125 0.056
2249.75622 13.49 0.051
2249.77515 13.594 0.049
2252.74963 13.027 0.052
2253.74463 12.762 0.047
2254.75312 12.454 0.048
2254.81575 12.939 0.054
2255.74304 12.632 0.045
2256.7595 12.913 0.056
2256.79542 12.969 0.058
2257.75124 13.208 0.05
2260.79646 13.853 0.057
2264.75005 12.682 0.059
2441.4557 13.487 0.057
2442.50565 12.527 0.045
2444.46819 12.626 0.035
2444.49998 12.597 0.026
2445.45992 12.826 0.031
2453.5179 12.605 0.07
2463.52096 13.125 0.028
2470.46632 13.146 0.026
2499.91682 12.295 0.03
2519.92527 12.583 0.058
2540.89069 13.185 0.038
2545.82191 12.528 0.029
2545.88796 13.027 0.033
2552.87489 12.804 0.028
2553.84114 12.777 0.053
2558.86411 13.398 0.028
2561.79432 13.273 0.027
2561.85217 13.324 0.029
2565.808 12.258 0.035
2565.85847 12.514 0.041
2574.77806 13.164 0.045
2577.76666 12.127 0.035
2621.80828 12.856 0.051
2621.85809 13.164 0.043
2622.70971 12.41 0.03
2623.75113 12.796 0.027
2623.80975 13.274 0.038
2624.77347 13.373 0.053
2625.73674 13.147 0.031
2628.71598 13.529 0.052
2629.79772 12.957 0.061
2629.82062 12.764 0.043
2634.79732 13.179 0.031
2634.81612 13.018 0.048
2635.69507 13.275 0.041
2637.70929 13.157 0.023
2639.71281 13.304 0.043
2639.76056 13.331 0.036
2639.77033 13.465 0.035
2641.7227 13.184 0.024
2642.75965 12.322 0.034
2642.7648 12.266 0.038
2643.73667 12.321 0.044
2645.72539 12.844 0.039
2645.74344 12.888 0.026
2647.70132 12.949 0.031
2647.75597 13.348 0.05
2649.76435 13.311 0.035
2650.67545 13.44 0.039
2651.7214 13.218 0.033
2652.69555 13.473 0.031
2652.75683 13.31 0.024
2654.6965 12.277 0.042
2655.72382 12.495 0.049
2657.7234 12.933 0.048
2658.73559 12.971 0.039
2658.73953 13.691 0.056
2660.73156 13.046 0.049
2662.74109 13.401 0.051
2662.76004 12.859 0.044
2663.74497 12.587 0.05
2664.72786 12.693 0.047
2665.73668 12.752 0.04
2666.7346 12.852 0.035
2666.74902 12.947 0.041
2667.73738 13.025 0.041
2668.75695 13.212 0.026
2670.7269 13.476 0.035
2672.72757 13.414 0.055
2672.75107 13.591 0.029
2674.71079 12.906 0.047
2674.73888 12.587 0.029
2675.70848 12.429 0.041
2676.72077 12.364 0.037
2677.69057 12.814 0.042
2678.68584 12.703 0.062
2678.70722 12.898 0.028
2679.6712 13.11 0.054
2680.70477 13.31 0.046
2681.64368 13.468 0.052
2683.63702 13.607 0.052
2685.68812 13.681 0.062
2685.76081 12.041 0.048
2689.69597 12.819 0.04
2691.6589 13.147 0.061
2691.67215 13.063 0.05
2691.68891 12.987 0.05
2693.67146 13.415 0.049
2693.68472 13.42 0.05
2693.704 13.392 0.039
2695.66822 13.506 0.054
2695.67815 13.108 0.035
2696.77107 12.403 0.029
2697.67445 12.948 0.052
2697.68441 12.666 0.042
2699.66981 12.56 0.061
2699.67973 12.686 0.04
2700.73948 13.142 0.026
2701.66789 13.092 0.055
2701.67782 12.851 0.043
2703.66381 13.261 0.057
2703.67372 13.238 0.046
2704.68777 13.245 0.027
2705.65621 13.096 0.057
2705.66612 13.477 0.047
2706.66466 13.279 0.036
2706.86061 12.919 0.042
2707.65477 13.214 0.057
2710.60388 12.408 0.033
2710.61795 12.526 0.049
2710.62415 12.544 0.05
2711.76993 13.711 0.038
2713.68078 13.79 0.058
2717.75625 12.722 0.041
2719.71136 12.29 0.047
2721.64923 12.395 0.032
2721.66585 12.439 0.054
2722.59836 12.37 0.062
2724.59652 13.274 0.061
2724.66884 13.338 0.046
2727.69385 13.509 0.036
2730.58252 13.866 0.062
2733.63147 12.89 0.054
2734.57283 12.754 0.036
2736.54604 12.892 0.034
2737.61466 13.207 0.055
2738.57088 13.239 0.034
2738.61717 13.573 0.046
2739.60682 13.088 0.061
2740.62501 13.203 0.047
2741.57712 13.145 0.063
2742.67033 12.513 0.044
2742.67033 12.777 0.044
2743.66554 12.82 0.039
2743.70004 12.945 0.035
2744.59933 13.125 0.064
2750.5718 13.132 0.041
2750.61213 13.219 0.046
2751.74459 12.46 0.039
2752.57675 13.735 0.05
2755.56725 12.47 0.047
2757.56422 12.872 0.047
2759.59173 13.244 0.043
2761.56768 13.388 0.052
2763.50504 13.275 0.036
2763.56424 13.507 0.052
2766.5544 12.236 0.061
2770.5439 13.141 0.034
2770.55613 13.175 0.044
2775.64379 13.163 0.029
2776.58898 12.548 0.04
2782.4903 12.966 0.032
2783.49746 13.251 0.029
2785.50157 13.554 0.031
2786.50307 13.094 0.051
2787.50146 12.833 0.03
2789.50169 12.507 0.051
2790.46759 12.652 0.041
2790.53573 12.917 0.028
2791.52868 13.032 0.05
2792.54267 13.087 0.026
2794.49387 13.672 0.045
2809.45492 13.476 0.048
2809.5162 12.525 0.025
2811.47414 12.509 0.041
2812.46373 12.816 0.028
2814.4712 13.094 0.031
2819.47938 13.124 0.028
2821.46895 12.425 0.031
2830.45955 13.573 0.033
2860.93776 13.289 0.033
2879.90153 12.716 0.04
2896.87682 13.825 0.04
2905.86802 13.448 0.028
2908.88056 13.496 0.034
2921.86314 13.004 0.057
2923.83547 13.035 0.038
2923.85328 13.02 0.038
2927.78394 13.056 0.032
2932.84597 12.652 0.028
2934.84534 12.951 0.029
2940.76249 13.226 0.026
2942.8087 13.537 0.038
2943.84323 12.26 0.037
2944.79793 12.356 0.076
2946.8305 13.034 0.038
2949.84282 13.355 0.033
2956.82475 12.938 0.046
2957.82751 12.848 0.051
2963.79385 13.27 0.058
2967.82447 13.335 0.037
2970.79531 13.229 0.062
2971.79813 13.948 0.038
2972.84919 13.435 0.037
2974.73919 13.163 0.036
2976.75025 12.868 0.043
2977.79304 12.593 0.061
2978.76259 12.703 0.044
2983.74251 12.963 0.04
2983.79705 13.451 0.044
2984.81015 14.252 0.044
2986.80316 12.527 0.042
2988.79725 12.668 0.038
2989.79754 12.937 0.03
2991.72435 12.821 0.036
2998.77452 12.619 0.048
3007.67176 13.409 0.048
3007.78257 13.166 0.036
3008.79239 12.34 0.039
3009.73209 12.498 0.047
3009.8258 12.642 0.051
3023.77025 13.075 0.05
3030.70176 12.991 0.035
3033.60101 12.526 0.031
3035.6628 12.989 0.033
3035.69019 13.43 0.042
3036.68503 13.092 0.041
3039.66314 12.794 0.069
3042.6579 13.125 0.041
3052.66744 13.322 0.032
3052.80001 12.263 0.039
3054.70011 12.136 0.043
3054.73487 12.534 0.041
3055.63008 11.987 0.083
3059.62009 12.941 0.036
3061.6172 13.541 0.05
3066.73374 12.948 0.035
3067.65918 12.623 0.037
3069.6731 13.229 0.054
3073.7551 12.34 0.047
3085.63237 13.859 0.042
3098.65182 12.43 0.045
3107.69346 12.466 0.036
3116.57926 13.709 0.034
3118.66577 12.604 0.038
3124.59894 13.44 0.036
3142.60012 12.703 0.047
3179.49896 13.018 0.035
3184.45812 13.772 0.041
3184.48695 13.219 0.038
3355.77192 12.415 0.035
3356.73926 12.408 0.035
3358.82331 13.226 0.036
3362.72576 13.484 0.037
3362.76367 12.915 0.043
3365.79891 12.811 0.047
3372.75854 13.265 0.045
3372.75854 13.275 0.048
3373.84919 12.562 0.055
3373.84919 12.565 0.049
3385.72534 13.348 0.04
3387.6328 13.231 0.043
3387.78669 12.18 0.053
3389.69395 12.303 0.035
3390.71477 12.907 0.041
3391.73745 13.0 0.06
3393.76873 12.718 0.062
3394.77716 13.791 0.04
3396.69073 12.902 0.052
3397.62916 13.191 0.039
3398.76386 12.397 0.043
3399.69936 12.712 0.036
3400.76571 12.949 0.041
3403.75843 13.605 0.049
3404.71397 13.53 0.029
3405.77955 13.779 0.053
3406.76211 13.349 0.056
3408.66804 13.515 0.042
3408.82593 12.807 0.052
3410.75105 12.897 0.039
3411.62397 12.447 0.033
3412.80634 13.184 0.057
3413.66928 13.1 0.026
3415.64648 13.331 0.032
3417.67641 13.79 0.043
3417.70699 13.3 0.056
3419.66582 13.622 0.03
3419.69974 13.556 0.041
3423.67002 12.616 0.057
3425.72051 13.371 0.045
3427.72812 13.558 0.045
3427.74996 13.33 0.042
3431.68195 12.686 0.048
3431.71526 12.243 0.046
3433.70427 12.732 0.037
3433.74348 13.074 0.038
3436.6992 12.817 0.048
3436.73784 13.331 0.054
3439.68407 13.428 0.034
3439.7168 14.12 0.05
3442.83015 13.009 0.035
3443.53654 13.477 0.034
3444.73966 12.93 0.052
3445.5687 12.595 0.038
3446.75318 13.331 0.032
3447.58347 12.783 0.053
3449.60624 13.379 0.042
3449.67871 13.235 0.07
3450.67815 13.396 0.066
3452.53211 13.517 0.043
3452.79129 12.503 0.053
3453.74971 12.433 0.059
3454.81032 12.929 0.058
3455.68195 12.81 0.066
3456.80088 13.235 0.049
3457.67093 13.506 0.04
3458.81953 13.224 0.048
3459.66623 13.234 0.034
3461.5351 13.022 0.054
3461.6773 13.11 0.05
3463.57711 13.37 0.04
3464.53933 13.415 0.033
3465.61146 12.819 0.031
3466.56723 12.982 0.031
3468.60283 12.831 0.031
3469.57518 12.956 0.03
3470.62813 13.163 0.03
3471.58371 13.326 0.039
3473.5797 13.135 0.038
3474.64511 12.851 0.031
3476.51869 13.199 0.058
3476.70273 13.089 0.044
3478.5511 12.711 0.033
3478.68739 12.93 0.036
3480.57344 12.939 0.034
3480.67869 12.882 0.049
3484.60738 13.243 0.053
3484.71803 12.47 0.065
3489.58427 12.647 0.031
3489.60792 12.78 0.034
3491.61484 12.972 0.047
3495.58781 13.262 0.06
3495.61157 13.382 0.031
3497.65084 12.024 0.034
3499.53745 12.874 0.031
3501.54438 12.627 0.029
3503.59214 13.018 0.037
3504.69928 13.208 0.055
3506.5999 13.207 0.032
3509.56588 12.686 0.034
3511.50023 12.475 0.046
3511.65148 13.185 0.038
3517.51192 13.507 0.045
3521.51452 12.521 0.035
3522.48226 12.746 0.05
3523.53131 12.8 0.039
3524.52205 12.717 0.048
3526.52138 13.332 0.044
3526.54216 13.218 0.04
3528.53067 13.122 0.036
3530.52727 13.732 0.031
3538.56457 13.125 0.036
3539.48268 13.018 0.044
3543.48158 12.607 0.047
3544.57708 12.886 0.043
3547.48161 12.758 0.03
3556.46705 12.632 0.031
3556.52748 13.017 0.034
3559.5477 13.277 0.056
3562.46474 13.087 0.041
3564.47562 13.623 0.033
3570.51717 13.404 0.039
3575.50087 12.939 0.032
3586.47077 12.603 0.037
3621.8964 12.584 0.055
3629.8952 13.844 0.042
3639.87189 13.417 0.034
3643.85943 12.591 0.03
3652.8322 13.814 0.042
3653.87252 12.741 0.051
3655.83321 12.506 0.034
3658.81892 13.043 0.038
3661.86261 13.47 0.051
3662.82092 13.471 0.058
3665.84741 12.383 0.042
3665.85889 12.375 0.046
3669.861 13.237 0.038
3670.86452 13.31 0.038
3673.79213 13.483 0.031
3674.8462 13.692 0.038
3702.79078 12.942 0.035
3704.77921 13.594 0.03
3706.77071 12.854 0.049
3707.77609 13.797 0.031
3711.82491 12.778 0.031
3713.75667 12.732 0.043
3714.74668 12.987 0.035
3716.80226 12.989 0.049
3717.74577 13.487 0.045
3719.79854 13.321 0.049
3722.788 12.619 0.041
3722.81588 13.083 0.05
3725.77573 13.415 0.041
3726.75782 12.968 0.045
3728.71744 14.077 0.061
3730.80611 12.777 0.06
3732.70218 12.439 0.046
3733.81752 12.94 0.039
3735.71879 13.017 0.03
3736.76409 13.156 0.034
3739.75248 13.366 0.038
3740.74837 13.407 0.037
3742.76949 12.486 0.043
3743.67615 13.089 0.04
3743.67615 13.109 0.04
3745.75278 12.778 0.047
3745.76924 12.903 0.04
3748.66091 13.302 0.047
3748.74098 13.438 0.051
3750.70442 13.595 0.044
3751.72784 14.564 0.062
3753.69944 13.58 0.052
3754.71194 13.099 0.052
3755.75549 12.46 0.042
3756.77883 12.744 0.062
3757.7789 13.423 0.039
3759.70536 13.117 0.048
3760.64752 13.391 0.043
3762.69475 13.43 0.052
3762.74261 13.356 0.044
3765.68103 12.855 0.049
3767.76363 13.064 0.052
3768.67783 12.886 0.052
3770.79795 12.96 0.072
3772.67565 13.324 0.038
3773.67661 13.071 0.054
3774.77902 12.53 0.043
3775.73048 12.655 0.057
3777.58595 13.111 0.047
3779.6278 12.395 0.057
3780.64268 12.534 0.056
3783.69867 13.53 0.062
3787.67596 13.257 0.04
3787.74744 12.16 0.047
3789.7276 12.853 0.038
3790.61249 12.204 0.044
3792.6066 12.73 0.039
3792.71523 13.262 0.049
3794.65938 13.243 0.045
3796.67522 13.422 0.039
3797.60652 13.499 0.044
3798.72842 12.428 0.039
3799.67352 12.527 0.041
3801.71092 13.247 0.048
3803.62315 13.179 0.048
3804.59406 13.269 0.057
3805.64668 13.476 0.043
3806.63413 13.22 0.047
3808.65878 13.505 0.052
3808.77522 12.665 0.057
3810.67158 12.675 0.051
3810.8223 13.103 0.057
3812.67968 13.114 0.047
3814.67736 13.14 0.047
3815.6195 12.904 0.049
3816.70642 14.05 0.043
3817.64772 13.324 0.041
3818.73722 12.728 0.045
3819.66398 13.16 0.042
3821.56935 13.666 0.039
3821.73073 12.597 0.043
3823.61057 12.639 0.051
3823.76614 13.577 0.06
3825.6246 13.986 0.07
3825.81868 13.412 0.065
3827.66885 13.151 0.041
3828.54984 13.216 0.043
3830.54538 13.259 0.036
3832.55779 13.769 0.047
3832.62385 12.23 0.042
3834.56694 12.359 0.045
3834.61665 12.673 0.043
3836.5843 12.91 0.065
3836.64724 13.277 0.057
3848.55767 13.172 0.072
3848.59096 13.447 0.08
3850.5902 13.592 0.034
3850.62231 13.414 0.036
3852.58345 13.36 0.036
3852.6243 13.471 0.034
3854.59504 12.588 0.036
3854.62875 12.347 0.046
3856.63093 12.93 0.043
3856.69397 13.061 0.038
3861.57149 13.439 0.033
3861.58462 13.333 0.035
3863.57087 13.314 0.048
3863.5826 13.279 0.049
3865.57739 13.127 0.042
3865.58981 12.242 0.042
3867.61352 12.755 0.047
3867.63151 12.745 0.049
3869.6112 13.807 0.056
3869.62929 12.741 0.059
3871.60503 13.876 0.037
3871.62152 13.602 0.039
3875.59845 12.529 0.037
3875.61004 12.601 0.036
3877.66971 12.822 0.036
3881.58014 13.63 0.036
3883.52174 13.248 0.035
3886.49457 13.435 0.031
3887.52425 13.065 0.04
3890.52772 12.714 0.032
3891.53273 12.69 0.037
3892.54078 13.24 0.045
3893.56031 13.199 0.041
3897.46762 13.375 0.043
3897.53088 13.396 0.056
3899.56352 12.189 0.063
3900.46419 12.81 0.038
3901.58264 13.116 0.042
3902.50569 13.207 0.04
3904.49901 12.968 0.036
3905.46656 13.274 0.032
3906.51598 13.103 0.037
3907.48836 13.092 0.033
3908.52391 13.134 0.033
4090.76699 12.842 0.042
4091.71565 12.928 0.037
4105.67287 13.29 0.04
4106.76131 14.232 0.059
4107.72157 13.35 0.034
4109.84235 12.479 0.047
4111.7223 12.325 0.034
4125.71598 13.074 0.035
4126.76843 13.136 0.032
4127.76892 13.262 0.043
4128.79586 13.296 0.04
4129.76757 13.277 0.036
4131.61297 14.097 0.038
4131.82908 12.84 0.043
4134.67723 12.872 0.044
4135.67426 12.908 0.043
4136.74054 12.785 0.061
4137.67684 13.088 0.034
4145.78845 12.838 0.04
4149.67494 13.413 0.049
4150.80515 13.037 0.044
4151.7103 13.585 0.032
4153.63003 13.61 0.034
4153.69643 13.46 0.03
4155.68591 12.535 0.039
4155.7129 12.471 0.036
4157.74748 13.049 0.052
4157.80101 13.014 0.047
4159.74808 13.247 0.04
4160.55085 12.849 0.043
4161.71749 13.412 0.04
4162.57195 13.541 0.039
4163.72203 13.215 0.045
4165.75855 12.53 0.056
4168.76615 13.05 0.048
4172.61102 13.358 0.054
4173.73566 13.109 0.042
4174.62161 13.674 0.044
4176.63162 12.736 0.049
4179.65723 12.901 0.048
4180.77536 13.089 0.063
4181.66953 13.142 0.076
4183.56263 13.281 0.037
4183.70246 13.339 0.048
4185.59642 13.272 0.045
4185.69875 13.452 0.044
4189.61567 12.349 0.035
4190.72324 13.202 0.044
4191.64083 12.969 0.05
4192.71189 12.789 0.047
4193.65691 13.492 0.042
4194.746 13.434 0.048
4197.73998 12.281 0.057
4200.64088 12.541 0.045
4202.51111 12.719 0.051
4203.65038 13.242 0.036
4204.62678 13.335 0.041
4208.72414 12.659 0.066
4213.6218 13.091 0.06
4213.66946 13.215 0.051
4216.63335 13.395 0.035
4216.66008 13.072 0.053
4227.52681 13.092 0.031
4227.54347 13.216 0.035
4229.54318 13.285 0.034
4229.56221 13.662 0.047
4231.57135 13.483 0.05
4233.55041 12.227 0.052
4233.57128 12.359 0.033
4235.55522 12.745 0.031
4235.57276 12.649 0.033
4237.57737 13.114 0.076
4237.59924 13.425 0.066
4246.54828 12.706 0.036
4247.62143 13.172 0.053
4253.55635 13.235 0.04
4255.61975 12.822 0.039
4257.49156 12.793 0.056
4257.61083 13.273 0.08
4259.51697 12.852 0.073
4259.63271 12.73 0.062
4267.59571 12.993 0.049
4274.50959 13.038 0.039
4276.49034 12.94 0.042
4277.53619 12.756 0.039
4281.48024 13.667 0.053
4281.54013 14.016 0.049
4284.51344 13.747 0.04
4285.46835 13.49 0.041
4286.50729 12.922 0.041
4291.48642 12.988 0.057
4292.45818 12.972 0.035
4293.49874 13.154 0.034
4295.49911 13.279 0.033
4297.50458 13.149 0.052
4299.49368 12.198 0.04
4301.49706 12.688 0.053
4306.48801 13.276 0.037
4312.48001 12.262 0.074
4332.92597 12.417 0.048
4340.90252 13.096 0.044
4348.89706 13.035 0.043
4355.87168 12.484 0.036
4363.85405 13.288 0.044
4366.88848 12.397 0.036
4371.89188 13.366 0.05
4378.84073 12.338 0.069
4378.87941 12.81 0.073
4382.83212 13.687 0.035
4383.87866 13.307 0.041
4386.83009 13.522 0.033
4404.83696 13.27 0.04
4404.86673 13.088 0.049
4408.79297 13.053 0.043
4408.83837 13.596 0.048
4411.83863 12.4 0.051
4413.85291 12.74 0.056
4421.80545 12.478 0.048
4422.81476 12.66 0.06
4425.81104 12.892 0.031
4428.78146 13.506 0.048
4430.80334 13.19 0.053
4431.78686 12.988 0.044
4433.81246 12.648 0.038
4436.83419 13.324 0.044
4437.76931 13.365 0.034
4440.75763 13.396 0.032
4440.78004 13.959 0.042
4443.75572 13.581 0.041
4443.81352 12.129 0.042
4452.71673 13.465 0.057
4453.80414 12.83 0.06
4455.71317 12.656 0.045
4456.7899 13.007 0.051
4457.80558 13.23 0.045
4459.77974 13.024 0.07
4460.71508 12.83 0.054
4462.77029 13.342 0.046
4463.70441 13.267 0.04
4465.77532 12.634 0.06
4465.80059 12.503 0.06
4468.70658 12.68 0.044
4471.74021 15.317 0.07
4471.81121 13.763 0.052
4474.72787 13.279 0.057
4474.81205 13.043 0.049
4477.74584 12.321 0.037
4478.6923 12.289 0.045
4480.65291 12.778 0.053
4484.67743 13.34 0.059
4485.72378 13.207 0.07
4486.72679 13.833 0.046
4487.7731 12.14 0.055
4488.78969 12.709 0.059
4490.70548 12.742 0.042
4491.62147 12.451 0.037
4492.76093 13.178 0.04
4493.6766 13.099 0.031
4494.75792 13.255 0.043
4497.66088 14.015 0.043
4498.73159 12.466 0.041
4499.75601 13.19 0.037
4501.67845 13.034 0.047
4503.77531 13.777 0.053
4504.74667 13.284 0.038
4506.65295 13.341 0.053
4507.60884 13.225 0.05
4508.73034 12.915 0.042
4511.75899 12.897 0.035
4517.69195 13.457 0.061
4518.7379 13.194 0.05
4519.6959 13.192 0.054
4520.78824 12.748 0.051
4521.71265 12.272 0.035
4523.61764 12.303 0.053
4523.74088 12.963 0.035
4525.66775 13.054 0.055
4525.78829 13.541 0.042
4527.68687 13.509 0.04
4528.59458 13.335 0.057
4529.74077 13.127 0.043
4532.73005 12.776 0.047
4535.62091 12.981 0.047
4536.57085 12.82 0.046
4537.66839 13.503 0.035
4538.63971 13.289 0.043
4539.66657 13.205 0.061
4540.65278 13.536 0.067
4541.66572 13.18 0.036
4542.64865 13.013 0.06
4543.66751 12.606 0.056
4545.69391 12.908 0.066
4546.68338 13.019 0.049
4547.72282 12.898 0.057
4548.67898 13.132 0.052
4554.63111 13.645 0.056
4555.65477 12.363 0.032
4557.68195 12.72 0.039
4558.67714 13.065 0.034
4559.6982 13.284 0.041
4560.67874 13.033 0.04
4561.72259 13.338 0.037
4562.71847 13.284 0.038
4564.5396 13.285 0.041
4565.54491 13.06 0.04
4567.58526 12.67 0.048
4568.59448 12.877 0.041
4569.59496 13.172 0.042
4570.58556 13.118 0.035
4571.60828 13.152 0.045
4572.59082 13.935 0.044
4573.63802 13.278 0.047
4574.61868 12.802 0.054
4575.66621 12.517 0.045
