1868.81609 12.923 0.04
1870.75092 13.269 0.038
1871.85978 13.399 0.039
1873.75537 13.262 0.039
1875.74394 13.207 0.04
1877.74209 13.262 0.035
1879.73896 13.2 0.034
1880.75543 13.089 0.048
1880.85783 13.145 0.043
1884.75625 13.249 0.033
1885.82479 13.918 0.034
1887.72049 13.089 0.036
1889.71187 13.314 0.049
1899.7499 13.105 0.033
1900.75994 13.351 0.033
1902.74617 13.336 0.031
1903.76925 13.105 0.033
1904.76054 13.623 0.035
1905.75288 13.491 0.034
1906.74859 13.301 0.032
1907.7535 13.13 0.032
1908.74547 13.807 0.032
1913.71783 13.484 0.03
1915.72926 12.951 0.034
1919.76469 13.095 0.037
1920.71643 13.827 0.035
1921.71288 13.532 0.038
1922.71214 13.318 0.033
1924.70188 13.62 0.039
1926.69917 13.148 0.032
1928.70099 13.484 0.032
1929.69627 13.387 0.034
1930.69683 13.22 0.03
1931.69157 12.903 0.033
1932.68713 13.487 0.031
1933.68718 13.423 0.032
1934.68598 13.203 0.03
1936.66001 13.376 0.033
1937.69829 13.729 0.031
1946.68053 13.244 0.037
1950.64542 13.127 0.035
1952.64282 13.629 0.036
1954.6426 12.889 0.041
1954.66292 12.869 0.045
1958.62211 12.945 0.037
1961.62838 13.563 0.035
1964.63042 13.483 0.035
1965.6146 13.524 0.037
1966.61665 13.019 0.037
1968.60891 13.253 0.04
1968.60891 13.264 0.04
1977.59129 13.386 0.051
1979.62076 13.638 0.05
1981.60229 13.421 0.043
1982.59345 13.609 0.037
1985.57796 13.084 0.048
2027.5126 13.277 0.038
2031.46965 13.427 0.037
2033.4882 13.496 0.035
2053.47117 13.603 0.04
2055.49834 13.185 0.047
2057.49736 13.552 0.036
2059.50505 13.132 0.048
2064.50504 12.909 0.052
2068.48832 13.373 0.037
2071.45681 13.307 0.059
2085.47849 13.367 0.037
2173.88039 13.025 0.047
2185.8531 13.154 0.05
2189.88756 12.966 0.049
2196.83321 12.991 0.049
2200.83162 13.251 0.045
2239.76296 13.661 0.052
2440.45644 13.345 0.031
2443.46342 12.936 0.027
2454.47414 13.361 0.028
2470.45759 13.194 0.035
2557.8324 13.827 0.031
2559.84835 13.448 0.029
2562.82298 13.556 0.03
2564.82881 12.819 0.033
2609.68233 14.282 0.058
2610.62158 13.6 0.057
2610.63268 13.235 0.055
2610.63935 13.361 0.054
2610.6438 13.395 0.053
2610.64823 13.299 0.053
2611.72352 13.289 0.044
2611.72574 13.241 0.044
2611.72796 13.419 0.044
2611.7302 13.259 0.044
2611.73242 13.311 0.044
2611.73463 13.284 0.045
2611.73685 13.235 0.044
2611.73906 13.101 0.045
2611.74129 13.455 0.046
2611.74351 13.037 0.045
2611.74572 13.348 0.045
2611.74794 13.33 0.045
2611.75016 13.262 0.045
2611.7546 13.077 0.045
2611.75681 13.161 0.045
2611.75903 13.243 0.045
2611.76125 13.153 0.044
2611.76347 13.085 0.047
2611.76569 13.205 0.043
2611.76791 13.218 0.042
2611.77013 13.127 0.043
2611.77234 13.18 0.043
2611.77456 13.158 0.044
2611.77679 13.423 0.043
2611.77901 13.525 0.043
2611.78123 13.158 0.044
2611.78345 13.241 0.044
2611.78567 13.213 0.045
2611.78788 13.296 0.044
2611.79011 13.237 0.042
2611.79233 13.254 0.042
2611.79455 13.04 0.042
2611.79677 13.177 0.043
2611.79898 13.066 0.043
2611.80122 12.932 0.042
2611.80343 13.146 0.043
2611.80565 13.234 0.043
2611.80787 13.196 0.042
2611.8101 13.301 0.044
2611.81231 13.072 0.043
2611.81453 13.071 0.042
2611.81675 13.287 0.042
2611.81897 13.159 0.041
2611.82121 13.124 0.043
2611.82342 13.382 0.042
2611.82564 13.31 0.043
2611.84877 13.134 0.04
2611.85098 13.317 0.047
2611.85321 13.016 0.049
2611.8555 13.413 0.045
2611.85771 13.451 0.044
2611.85994 13.286 0.048
2611.86438 13.342 0.057
2611.86659 13.847 0.063
2613.63794 13.925 0.05
2613.66905 13.301 0.047
2613.6735 13.844 0.045
2613.6846 13.815 0.048
2613.68905 13.47 0.048
2613.69573 13.782 0.049
2614.65473 13.04 0.054
2614.65696 13.163 0.045
2614.66139 13.17 0.042
2614.66361 13.217 0.042
2614.66583 13.175 0.043
2614.66806 13.035 0.042
2614.67028 13.238 0.042
2614.6725 13.457 0.042
2614.67695 13.225 0.042
2614.67917 13.168 0.043
2614.68361 13.196 0.041
2614.68585 13.288 0.041
2614.6903 13.259 0.041
2614.69251 13.401 0.041
2614.69473 13.12 0.041
2614.69473 13.137 0.041
2614.69917 13.523 0.041
2614.70139 13.313 0.041
2614.70361 13.314 0.042
2614.70806 13.495 0.04
2614.71027 13.466 0.04
2614.71249 13.245 0.041
2614.71471 13.198 0.041
2614.71915 13.407 0.041
2614.72137 13.52 0.04
2614.72359 13.416 0.04
2614.72581 13.496 0.041
2614.73026 13.524 0.039
2614.73026 13.682 0.039
2614.73247 13.506 0.04
2614.73691 13.513 0.04
2614.73912 13.503 0.041
2614.74134 13.498 0.041
2614.74357 13.24 0.039
2614.75691 13.517 0.041
2614.76138 13.436 0.042
2614.76806 13.475 0.041
2614.77028 13.681 0.04
2614.7725 13.879 0.041
2614.77473 13.632 0.041
2614.77695 13.386 0.04
2614.78138 13.372 0.041
2614.82142 13.509 0.042
2614.82364 13.706 0.041
2614.82585 13.789 0.042
2614.82807 13.774 0.041
2614.83473 13.632 0.041
2614.85028 13.897 0.042
2615.6109 13.585 0.045
2615.61311 13.672 0.046
2615.62199 13.571 0.043
2615.62642 13.763 0.043
2615.63086 13.763 0.043
2615.65977 14.018 0.044
2615.67755 13.679 0.043
2615.68199 13.688 0.042
2615.68643 13.697 0.048
2615.69308 13.661 0.046
2615.69751 13.379 0.044
2615.69974 13.221 0.042
2615.70196 13.196 0.041
2615.70417 13.344 0.042
2615.70639 13.139 0.043
2615.70861 13.288 0.043
2615.71082 13.44 0.041
2615.71305 13.382 0.043
2615.71527 13.272 0.048
2615.71749 13.156 0.051
2615.72416 13.172 0.042
2615.72638 13.357 0.042
2615.7286 13.172 0.044
2615.73082 13.064 0.044
2615.73304 13.133 0.043
2615.73526 13.059 0.044
2615.73749 12.93 0.042
2615.7397 12.916 0.041
2615.74192 13.257 0.043
2615.74415 13.028 0.041
2615.74637 13.105 0.043
2615.74859 13.043 0.044
2615.75081 13.174 0.041
2615.75302 13.153 0.041
2615.75526 13.043 0.042
2615.75748 13.041 0.042
2615.7597 13.191 0.044
2615.76193 12.999 0.048
2615.76416 12.831 0.05
2615.76638 12.844 0.052
2615.76861 12.892 0.049
2615.77085 12.746 0.052
2615.77307 12.965 0.047
2615.77752 12.689 0.051
2615.77974 12.793 0.047
2615.78196 12.64 0.045
2615.78418 12.736 0.043
2615.78639 12.602 0.044
2615.78862 12.901 0.047
2615.79529 13.401 0.055
2615.79752 13.171 0.057
2615.79974 13.288 0.053
2615.80196 13.214 0.049
2615.80418 13.318 0.046
2615.80641 13.354 0.045
2615.80863 13.189 0.046
2615.81084 13.473 0.049
2615.81306 13.561 0.053
2615.81749 13.371 0.054
2615.81972 13.132 0.05
2615.82194 13.241 0.049
2615.82415 13.177 0.046
2615.82637 13.141 0.045
2615.82859 13.154 0.044
2615.83082 13.174 0.043
2615.83304 13.137 0.042
2615.83527 13.342 0.042
2615.83749 13.465 0.041
2615.84194 13.425 0.042
2615.84873 13.749 0.043
2615.85095 13.585 0.045
2617.60339 13.621 0.046
2617.60562 13.116 0.043
2617.61227 13.508 0.046
2617.6167 13.295 0.043
2617.61893 13.274 0.043
2617.63005 13.314 0.043
2617.63674 13.358 0.043
2617.63896 13.282 0.042
2617.64342 13.434 0.042
2617.65232 13.427 0.043
2617.65675 13.762 0.041
2617.65897 13.439 0.041
2617.67232 13.502 0.041
2617.7012 13.712 0.041
2617.70564 13.615 0.041
2617.72563 13.34 0.04
2617.72785 13.667 0.04
2617.73006 13.65 0.041
2617.73229 13.492 0.041
2617.74782 13.537 0.04
2617.75452 13.746 0.042
2617.75895 13.699 0.041
2617.78342 13.51 0.04
2617.79232 13.659 0.04
2617.8323 14.825 0.041
2618.60353 12.872 0.045
2618.60797 12.986 0.046
2618.61019 13.321 0.046
2618.61684 12.963 0.044
2618.61907 12.892 0.045
2618.62129 13.093 0.045
2618.62573 13.147 0.045
2618.63017 13.181 0.045
2618.64127 13.234 0.045
2618.64794 13.403 0.044
2618.65461 13.527 0.045
2618.65683 13.332 0.044
2618.65906 13.447 0.044
2618.66128 13.349 0.044
2618.66349 13.305 0.044
2618.66571 13.162 0.042
2618.66793 13.144 0.044
2618.67014 13.29 0.044
2618.67238 13.214 0.044
2618.67685 13.451 0.044
2618.68128 13.777 0.043
2618.68795 13.626 0.044
2618.69684 13.453 0.043
2618.75235 13.286 0.043
2618.75457 13.337 0.045
2618.77684 13.289 0.045
2619.72531 13.217 0.046
2619.74533 13.336 0.048
2619.74978 13.228 0.048
2619.78312 13.088 0.05
2619.80091 12.993 0.051
2619.85425 13.185 0.048
2621.85038 14.382 0.055
2623.79302 13.498 0.038
2625.7855 14.165 0.043
2635.74869 13.559 0.052
2637.76755 13.688 0.04
2639.7926 13.293 0.048
2642.72134 13.107 0.042
2644.7563 13.833 0.031
2646.73809 13.226 0.036
2649.7254 13.363 0.026
2651.69533 14.119 0.045
2655.7495 13.669 0.036
2658.71898 13.587 0.047
2662.70685 13.241 0.033
2666.69587 12.929 0.03
2670.69494 13.005 0.029
2672.70253 14.17 0.043
2674.68357 13.031 0.027
2676.67447 14.013 0.043
2680.65601 13.731 0.038
2681.7791 13.438 0.03
2688.79741 13.536 0.046
2690.72248 13.002 0.034
2692.77919 13.511 0.033
2694.70026 13.676 0.038
2696.71541 13.586 0.031
2698.71067 13.279 0.032
2700.6939 13.736 0.029
2704.66149 13.602 0.034
2706.64048 13.677 0.036
2709.68191 13.173 0.031
2710.82199 12.985 0.034
2712.59802 13.625 0.049
2713.7093 13.206 0.034
2717.77021 13.182 0.038
2720.6109 13.542 0.045
2723.66215 13.511 0.031
2725.6526 12.946 0.029
2727.64627 13.543 0.026
2732.72267 13.499 0.032
2734.58091 13.606 0.027
2736.55158 12.92 0.028
2739.671 13.57 0.034
2741.62674 13.67 0.032
2742.73197 13.885 0.044
2744.62137 13.324 0.034
2747.66664 13.623 0.04
2751.56072 13.494 0.029
2754.56146 14.037 0.029
2756.56095 12.972 0.029
2760.57001 12.819 0.029
2762.5661 13.874 0.037
2764.55068 13.091 0.028
2766.6083 13.916 0.031
2770.60289 13.952 0.034
2783.50664 13.151 0.03
2785.51069 13.542 0.031
2787.51054 13.117 0.033
2790.54229 14.004 0.032
2793.46805 13.255 0.059
2796.46944 13.454 0.036
2809.53656 13.656 0.031
2811.53501 12.94 0.028
2834.46589 13.346 0.039
2836.47061 13.792 0.031
2886.90594 13.482 0.034
2894.90428 14.52 0.04
2899.89174 13.563 0.031
2906.89088 13.968 0.027
2916.84473 13.001 0.027
2931.8487 13.675 0.039
2934.83828 13.803 0.028
2942.84468 13.819 0.039
2946.78218 13.981 0.031
2960.80041 13.537 0.04
2963.80908 12.977 0.034
2970.81763 13.608 0.036
2974.76539 13.447 0.045
2976.80766 13.763 0.038
2978.80684 13.399 0.033
2981.77336 13.524 0.048
2987.77315 13.461 0.035
2990.77509 13.033 0.044
2993.77076 13.909 0.035
2996.74885 14.132 0.034
2998.8085 13.372 0.038
3001.79473 13.467 0.029
3006.73191 13.07 0.034
3008.7576 14.685 0.041
3010.77018 13.254 0.036
3013.7016 13.434 0.037
3016.76535 13.992 0.035
3018.77017 13.222 0.041
3023.75953 13.982 0.036
3030.75783 12.871 0.038
3033.65866 13.174 0.035
3039.82449 14.167 0.04
3042.72837 13.322 0.045
3045.62259 13.201 0.042
3048.67329 13.523 0.042
3053.70202 13.118 0.036
3058.59146 14.036 0.037
3060.65656 13.473 0.03
3067.73099 13.928 0.035
3069.73471 13.199 0.046
3073.80179 13.183 0.046
3076.6096 13.327 0.032
3078.60779 13.694 0.041
3086.65284 14.312 0.033
3088.66322 13.295 0.056
3090.66592 13.955 0.051
3092.65808 13.483 0.031
3096.64473 13.2 0.037
3100.68895 13.286 0.046
3104.69452 13.573 0.041
3110.70321 14.169 0.042
3112.7014 13.295 0.037
3115.51323 13.2 0.033
3118.65353 14.208 0.039
3122.55255 13.517 0.035
3124.5836 13.301 0.036
3126.60356 13.713 0.042
3128.62526 12.751 0.048
3132.64619 12.619 0.043
3134.65206 13.752 0.037
3146.57944 13.295 0.033
3163.5056 13.513 0.036
3165.52542 13.413 0.037
3168.52719 14.2 0.034
3171.55817 12.956 0.039
3176.45791 13.439 0.038
3179.49458 13.599 0.045
3184.49918 13.595 0.041
3187.47744 13.843 0.043
3357.77794 13.437 0.036
3363.76186 13.373 0.047
3387.68668 13.79 0.043
3389.73216 13.007 0.045
3391.694 13.269 0.045
3391.78734 13.332 0.042
3393.81195 13.784 0.051
3393.81195 13.819 0.052
3394.79485 13.037 0.039
3397.65215 12.795 0.041
3399.71252 13.431 0.038
3404.72734 13.476 0.036
3406.77396 13.464 0.041
3411.67384 13.821 0.036
3415.74057 13.421 0.032
3419.80842 13.769 0.052
3421.75782 13.064 0.062
3425.7554 12.909 0.056
3427.80712 13.689 0.061
3431.77069 13.664 0.047
3437.56329 13.52 0.031
3440.59434 12.668 0.037
3443.63222 13.384 0.033
3445.6189 13.757 0.038
3447.62357 13.369 0.041
3452.60036 12.989 0.051
3452.61952 12.779 0.049
3455.68569 13.403 0.057
3457.68791 13.866 0.042
3459.67002 13.486 0.04
3466.5412 13.539 0.037
3471.55437 12.893 0.04
3473.54947 13.836 0.039
3477.65206 13.432 0.042
3481.62895 13.648 0.042
3483.65 13.631 0.055
3487.65012 13.028 0.045
3490.65282 13.117 0.05
3492.64983 13.282 0.04
3499.65496 13.393 0.036
3502.49996 13.171 0.036
3509.56176 13.755 0.036
3512.56105 14.073 0.044
3516.56575 13.184 0.043
3520.55212 13.645 0.039
3526.58697 13.534 0.045
3529.49618 13.388 0.039
3539.50453 13.566 0.049
3547.49099 13.462 0.036
3554.49616 12.881 0.034
3558.47846 13.121 0.039
3561.46397 13.234 0.038
3564.4714 13.212 0.038
3631.88863 13.324 0.048
3636.89269 13.162 0.053
3641.87206 13.382 0.039
3654.85114 13.475 0.043
3657.8539 13.496 0.043
3660.8619 13.568 0.05
3664.83367 13.409 0.047
3668.86514 13.899 0.041
3672.82285 13.716 0.038
3699.78184 13.522 0.043
3703.76739 13.367 0.04
3707.76515 13.618 0.036
3712.8287 13.555 0.036
3715.79669 13.939 0.045
3718.7803 12.702 0.053
3721.76824 13.563 0.046
3727.7602 13.603 0.062
3734.76498 12.951 0.066
3737.73993 13.271 0.035
3740.70912 13.224 0.035
3745.79131 13.239 0.041
3748.69875 13.117 0.052
3751.68881 13.627 0.053
3753.78581 13.079 0.052
3758.67332 13.819 0.037
3760.75196 13.181 0.039
3763.66219 13.26 0.048
3765.78095 12.919 0.039
3768.65222 13.135 0.041
3773.63407 14.228 0.053
3775.68359 13.45 0.053
3787.73754 13.662 0.048
3789.78641 13.163 0.049
3792.63205 13.091 0.045
3794.68625 13.587 0.048
3796.7097 13.103 0.036
3801.58858 14.032 0.044
3803.70205 13.587 0.054
3805.7017 13.352 0.054
3808.69759 13.049 0.058
3817.59556 13.538 0.044
3819.62386 13.061 0.045
3821.67892 13.241 0.049
3823.6886 13.517 0.054
3825.70114 13.941 0.06
3828.52999 13.443 0.046
3830.59629 13.486 0.038
3832.6111 13.5 0.044
3834.60262 13.482 0.044
3850.61642 13.342 0.038
3852.61163 13.428 0.039
3854.62266 13.192 0.038
3859.65694 13.198 0.048
3861.62267 13.596 0.041
3865.62994 13.626 0.048
3868.52716 13.475 0.047
3870.52979 13.24 0.042
3872.5469 13.51 0.038
3876.55157 13.555 0.038
3882.5078 12.939 0.039
3886.51675 13.029 0.036
3890.54265 12.948 0.039
3892.54916 13.69 0.044
3896.55003 13.583 0.054
3899.49954 14.002 0.053
3901.53079 13.414 0.039
3903.55095 14.229 0.036
3905.54435 13.134 0.038
3908.47897 13.477 0.037
4089.72457 13.419 0.063
4103.80309 14.419 0.047
4106.71444 14.114 0.049
4109.77082 12.824 0.045
4125.6665 13.682 0.037
4127.71325 13.464 0.036
4129.71218 13.806 0.036
4131.75215 13.399 0.039
4133.78209 12.772 0.052
4147.608 13.254 0.037
4150.68128 13.695 0.047
4152.69135 13.007 0.038
4154.71031 13.726 0.048
4156.71193 12.909 0.042
4160.73279 12.993 0.039
4162.7296 13.319 0.043
4164.74757 12.738 0.064
4167.6983 13.022 0.061
4172.75331 13.263 0.041
4182.63425 13.561 0.037
4184.62996 14.02 0.047
4190.6554 13.413 0.043
4200.61901 13.768 0.039
4203.62693 12.928 0.037
4205.6295 13.405 0.049
4208.69404 13.956 0.065
4216.65505 13.354 0.04
4231.56427 14.27 0.048
4235.5664 13.347 0.035
4246.54163 13.125 0.037
4249.52208 13.253 0.04
4256.53943 13.849 0.038
4258.55017 12.967 0.039
4278.48895 13.504 0.044
4285.50515 13.37 0.053
4290.47151 13.578 0.038
4293.46594 13.274 0.036
4297.4748 13.009 0.055
4300.46571 13.058 0.05
4372.87779 13.188 0.06
4380.86532 13.615 0.055
4392.84784 13.842 0.047
4411.81469 13.368 0.047
4421.83618 13.076 0.049
4425.84887 13.393 0.037
4429.78268 13.376 0.052
4432.80847 13.996 0.05
4435.81752 13.295 0.038
4441.82621 13.402 0.043
4448.7739 13.181 0.04
4457.75071 12.933 0.051
4463.73414 13.746 0.042
4466.73187 13.797 0.042
4478.76961 13.201 0.063
4487.73536 13.344 0.049
4489.79186 13.364 0.051
4492.65753 13.117 0.042
4497.82104 13.288 0.038
4500.6475 14.467 0.066
4505.628 14.179 0.053
4507.68476 13.431 0.052
4515.76197 13.684 0.064
4518.59313 13.551 0.048
4522.63796 13.633 0.056
4524.6577 13.467 0.043
4526.67133 13.618 0.054
4528.72204 13.206 0.048
4530.81834 13.597 0.039
4536.68832 13.518 0.037
4538.73093 13.255 0.049
4540.78772 12.749 0.055
4548.71994 13.899 0.054
4555.69818 13.388 0.038
4557.75024 13.51 0.042
4560.57419 14.065 0.04
4562.62207 13.373 0.048
4566.69121 13.56 0.046
4568.70225 13.808 0.042
4570.72258 13.601 0.039
4572.63859 13.435 0.053
4574.65461 13.862 0.055
