1868.84731 11.693 0.025
1870.79417 11.762 0.027
1872.78971 12.427 0.021
1874.78532 12.348 0.022
1878.77661 12.459 0.024
1880.76915 12.317 0.028
1880.77882 12.359 0.029
1884.7841 12.329 0.02
1885.8624 12.337 0.024
1887.74415 12.024 0.024
1889.75357 12.023 0.03
1900.77927 11.367 0.02
1902.76546 12.071 0.022
1903.78392 12.046 0.021
1905.70404 12.286 0.021
1906.75913 12.385 0.023
1908.8019 12.403 0.02
1913.73283 12.336 0.019
1914.74385 12.328 0.022
1915.75134 12.288 0.021
1918.76405 12.194 0.024
1919.78229 12.246 0.026
1920.7293 12.031 0.025
1921.72805 11.987 0.025
1922.72953 11.886 0.023
1924.71702 11.717 0.024
1925.72019 11.671 0.05
1926.7166 11.543 0.02
1928.71845 11.311 0.022
1929.71598 11.222 0.021
1930.71429 11.505 0.02
1931.70444 12.309 0.022
1932.70455 12.344 0.022
1933.70688 12.449 0.023
1934.70344 12.399 0.02
1935.62451 12.333 0.019
1935.7243 12.396 0.02
1937.66541 12.323 0.02
1939.66697 12.301 0.02
1945.69559 12.34 0.024
1946.69515 12.31 0.026
1948.63663 11.989 0.029
1950.65832 11.965 0.024
1952.65779 11.78 0.025
1953.64908 11.743 0.025
1954.65894 11.704 0.03
1955.65306 11.521 0.027
1958.6395 11.736 0.024
1959.64677 12.006 0.024
1961.65483 12.468 0.025
1963.62902 12.315 0.028
1964.63604 12.285 0.025
1966.63113 12.279 0.029
1967.62595 12.268 0.029
1968.62107 12.279 0.03
1977.60305 12.158 0.043
1979.58793 11.873 0.041
1981.6139 11.89 0.039
1984.58535 11.51 0.036
1985.58944 11.474 0.036
2025.47953 12.31 0.023
2027.52132 12.348 0.025
2031.4668 12.219 0.022
2033.49198 12.244 0.023
2056.46068 12.346 0.024
2059.46175 12.328 0.032
2068.44894 11.893 0.024
2080.4463 12.463 0.037
2085.44703 12.361 0.043
2171.90775 11.43 0.054
2183.89043 12.526 0.036
2188.87164 12.258 0.033
2192.86866 11.965 0.03
2194.86702 11.802 0.03
2197.85257 11.585 0.036
2201.85573 11.469 0.028
2206.82698 12.379 0.032
2212.83301 12.678 0.033
2212.85757 12.373 0.03
2214.8251 12.501 0.035
2216.82199 12.423 0.038
2224.84756 11.902 0.036
2228.80829 11.471 0.038
2235.78711 12.39 0.034
2240.75964 12.484 0.035
2242.76812 12.499 0.042
2248.73585 12.252 0.045
2252.82101 12.335 0.051
2258.75082 11.575 0.048
2441.45549 12.428 0.024
2444.4678 12.27 0.024
2545.87171 12.198 0.031
2545.87171 12.284 0.026
2545.88724 12.416 0.028
2545.88724 12.417 0.031
2552.88927 12.023 0.026
2558.87408 11.651 0.021
2561.86265 11.437 0.021
2565.86438 12.549 0.033
2615.84723 12.151 0.041
2621.84415 11.702 0.023
2625.79309 12.41 0.03
2628.76161 12.358 0.039
2628.76161 12.376 0.036
2628.77053 12.382 0.026
2628.77053 12.392 0.03
2632.81566 12.409 0.023
2635.76823 12.365 0.028
2635.76823 12.373 0.03
2637.79209 12.311 0.021
2639.80524 12.317 0.019
2642.74708 12.015 0.023
2644.76908 11.964 0.021
2646.75567 11.795 0.018
2649.74281 11.433 0.019
2651.706 12.13 0.027
2655.7629 12.166 0.027
2658.72744 12.339 0.022
2660.72504 12.408 0.029
2662.71987 12.317 0.019
2664.71577 12.355 0.018
2666.70885 12.303 0.019
2670.71471 12.226 0.018
2672.70412 12.031 0.019
2674.70552 11.877 0.02
2676.68283 11.688 0.036
2678.67275 11.419 0.017
2680.66887 11.538 0.018
2683.82079 11.8 0.023
2685.76377 11.29 0.032
2689.66982 12.324 0.022
2690.8346 11.435 0.036
2693.60887 12.246 0.018
2694.81338 12.397 0.021
2695.67855 12.336 0.024
2696.77138 12.48 0.032
2698.80727 12.367 0.028
2700.72502 12.256 0.022
2704.68516 11.987 0.022
2706.65489 11.762 0.021
2709.76552 11.995 0.02
2711.64744 11.482 0.019
2714.76298 11.605 0.025
2717.62911 12.38 0.027
2719.7173 12.479 0.03
2721.64799 12.428 0.025
2723.64525 12.281 0.026
2725.64038 12.348 0.02
2727.63393 12.246 0.021
2732.71243 12.261 0.025
2734.57054 11.697 0.023
2736.54358 11.292 0.021
2738.56823 11.309 0.031
2740.56345 11.957 0.021
2742.56478 12.376 0.029
2744.56099 12.317 0.027
2746.57723 12.329 0.032
2750.57738 12.357 0.024
2752.55364 12.363 0.021
2755.54911 12.324 0.02
2757.54587 12.142 0.019
2759.57316 12.13 0.027
2761.54889 11.994 0.026
2763.54524 11.837 0.023
2770.53596 11.55 0.025
2775.47152 12.349 0.023
2776.58929 12.368 0.027
2782.4993 12.365 0.024
2784.50895 12.254 0.025
2786.50707 12.251 0.022
2789.50536 12.112 0.022
2791.53528 12.07 0.021
2794.49475 11.731 0.022
2797.48949 11.416 0.041
2804.45899 12.318 0.031
2809.45693 12.356 0.02
2811.47368 12.328 0.021
2813.4739 12.343 0.024
2821.46559 12.085 0.026
2912.88936 12.057 0.027
2916.89028 11.905 0.026
2921.88159 11.386 0.048
2924.85989 12.317 0.025
2927.87567 12.448 0.025
2931.85054 12.373 0.03
2934.85683 12.384 0.021
2940.85225 12.148 0.025
2943.85509 12.032 0.027
2946.84272 11.834 0.024
2947.83426 11.752 0.035
2947.83426 11.754 0.031
2949.85692 11.715 0.029
2954.82244 12.583 0.037
2957.83172 12.367 0.031
2961.81138 12.274 0.04
2964.8447 12.358 0.025
2967.8468 12.359 0.023
2971.81105 12.199 0.021
2975.76027 11.728 0.021
2977.81593 11.831 0.06
2979.82837 11.724 0.021
2985.80758 12.107 0.027
2988.79582 12.388 0.028
2991.78543 12.35 0.025
2997.76587 12.288 0.022
2998.77389 12.3 0.028
3000.8224 12.384 0.024
3006.75355 11.747 0.048
3008.76861 11.756 0.025
3010.80105 11.8 0.025
3013.72586 12.255 0.029
3016.77645 12.108 0.025
3018.78128 12.458 0.027
3023.74549 12.334 0.021
3027.83433 12.345 0.029
3030.67793 11.995 0.02
3032.73603 12.315 0.035
3034.75336 12.041 0.033
3036.8352 12.168 0.024
3040.83709 12.047 0.06
3043.68536 12.081 0.05
3045.73114 11.737 0.025
3048.69672 12.275 0.029
3051.65557 12.28 0.023
3053.71329 12.391 0.031
3055.78183 12.328 0.038
3060.67027 12.136 0.022
3064.78732 12.301 0.034
3067.74466 12.101 0.026
3069.74765 11.904 0.032
3071.7614 11.927 0.036
3074.64371 12.509 0.024
3076.67369 12.405 0.022
3078.67237 12.329 0.027
3080.69409 12.356 0.029
3082.72813 12.387 0.033
3086.71745 12.446 0.026
3088.72515 12.37 0.031
3091.53319 11.729 0.029
3093.56449 11.797 0.025
3097.56539 11.431 0.028
3099.57514 11.397 0.03
3101.58526 11.784 0.028
3103.59193 12.539 0.025
3105.58675 12.5 0.042
3107.58898 12.392 0.022
3109.59425 12.365 0.023
3111.59194 12.35 0.024
3113.60901 12.368 0.024
3115.62094 12.346 0.023
3121.4847 11.686 0.025
3123.5145 11.706 0.022
3125.54855 11.761 0.023
3127.58323 11.811 0.025
3129.60362 11.66 0.03
3131.59822 11.54 0.03
3133.60391 11.322 0.026
3142.54289 12.337 0.023
3145.57555 12.353 0.023
3152.46935 11.718 0.052
3156.47264 11.452 0.025
3159.52155 11.55 0.029
3163.48245 12.346 0.021
3165.49981 12.4 0.023
3168.50483 12.37 0.024
3176.48188 12.269 0.037
3179.4963 12.183 0.024
3184.45775 11.783 0.027
3187.45554 11.482 0.031
3278.88871 11.731 0.035
3298.87674 12.394 0.025
3354.82995 12.26 0.058
3357.79738 12.383 0.041
3363.77611 12.022 0.038
3365.78394 11.98 0.035
3372.83108 11.77 0.037
3372.83108 11.821 0.042
3380.80218 12.467 0.036
3382.87076 11.905 0.036
3382.87076 11.909 0.039
3386.70518 12.33 0.037
3388.75032 12.347 0.028
3390.81849 12.267 0.033
3393.84431 12.366 0.042
3396.67888 11.738 0.034
3398.74031 11.835 0.044
3400.74621 11.75 0.029
3403.74112 11.359 0.028
3405.74514 11.283 0.03
3407.84019 11.667 0.038
3410.6363 12.358 0.052
3412.68935 12.314 0.033
3414.70416 12.337 0.023
3418.72482 12.309 0.037
3420.69968 12.169 0.027
3424.72562 12.185 0.06
3426.72748 12.08 0.032
3430.75543 11.935 0.03
3432.75565 11.779 0.042
3434.75626 11.617 0.036
3440.68819 12.396 0.031
3443.75941 12.294 0.032
3445.74155 12.364 0.036
3447.74179 12.439 0.047
3450.55032 11.902 0.034
3452.67247 12.187 0.035
3452.67247 12.239 0.04
3454.73276 12.365 0.044
3457.51842 11.673 0.028
3459.55419 11.481 0.032
3461.58316 11.68 0.045
3463.60075 11.934 0.03
3465.63791 11.901 0.025
3470.65153 12.365 0.032
3472.65212 12.273 0.032
3475.52962 12.229 0.025
3477.57829 12.281 0.045
3479.6001 12.237 0.029
3481.59777 12.07 0.028
3483.63236 12.146 0.046
3487.63364 11.94 0.045
3491.51926 12.136 0.058
3495.52136 12.339 0.023
3497.59454 12.376 0.026
3500.59029 12.36 0.047
3502.5907 12.625 0.051
3504.5749 12.266 0.031
3509.47188 12.056 0.025
3512.49823 11.971 0.028
3516.50207 11.747 0.04
3520.50221 11.327 0.031
3522.53088 11.268 0.041
3525.50671 12.424 0.025
3527.53038 12.304 0.043
3529.53355 12.34 0.034
3538.47149 12.136 0.036
3544.48505 11.849 0.033
3554.46221 12.483 0.024
3636.89711 11.924 0.04
3641.89496 11.483 0.031
3650.87771 12.334 0.037
3654.88128 12.406 0.03
3658.86085 12.415 0.033
3662.86282 12.129 0.037
3666.84957 11.87 0.035
3670.86792 11.666 0.028
3674.8503 11.391 0.027
3702.8161 11.369 0.048
3706.78793 12.503 0.03
3711.86074 12.397 0.028
3714.80581 12.29 0.03
3717.81602 12.405 0.035
3724.7439 11.892 0.026
3727.78107 11.916 0.036
3731.78413 11.678 0.031
3734.78326 11.432 0.042
3737.76777 12.372 0.034
3740.73656 12.353 0.031
3743.73213 12.328 0.027
3746.71568 12.388 0.034
3748.78491 12.348 0.043
3751.7085 12.193 0.037
3753.80834 12.308 0.042
3756.7007 11.829 0.04
3758.78937 12.012 0.042
3761.68187 11.31 0.039
3763.77152 11.625 0.045
3766.67893 12.515 0.039
3768.77176 11.774 0.038
3771.66285 12.452 0.039
3773.7535 12.334 0.045
3776.63681 12.3 0.035
3778.68308 12.281 0.041
3780.73512 12.49 0.036
3783.77991 12.283 0.038
3787.78081 12.193 0.035
3790.59888 11.954 0.045
3792.7108 11.561 0.032
3794.75489 11.644 0.031
3797.5868 12.396 0.035
3799.65368 12.309 0.029
3801.69122 12.468 0.055
3804.58925 12.369 0.036
3806.60924 12.309 0.035
3808.77007 12.47 0.047
3811.54919 11.852 0.035
3813.58985 11.869 0.032
3815.61393 11.913 0.029
3817.64176 11.909 0.044
3819.65992 11.764 0.033
3821.72666 11.987 0.034
3824.55374 12.323 0.027
3826.56287 12.309 0.03
3828.59955 12.356 0.042
3830.65172 12.537 0.039
3832.65178 12.391 0.034
3834.64804 12.309 0.037
3836.67163 12.286 0.044
3847.49461 11.416 0.04
3849.56881 11.575 0.035
3851.57482 11.469 0.025
3853.58492 11.394 0.023
3855.6122 11.416 0.03
3858.46833 12.387 0.041
3858.49652 12.327 0.045
3858.5244 12.399 0.038
3858.5474 12.311 0.03
3858.55338 12.279 0.035
3858.5813 12.302 0.039
3858.61289 12.261 0.053
3859.61692 12.414 0.049
3860.50128 12.388 0.03
3860.57065 12.367 0.026
3860.62462 12.414 0.039
3862.5587 12.32 0.026
3864.58813 12.249 0.03
3866.60291 12.422 0.032
3869.52398 12.302 0.039
3871.52615 11.998 0.028
3875.52762 11.868 0.025
3877.54957 11.815 0.025
3881.51985 11.374 0.024
3883.54553 11.405 0.025
3887.55277 12.415 0.035
3890.49237 12.428 0.03
3892.50771 12.408 0.026
3896.5051 12.356 0.032
3902.46717 11.998 0.025
3904.50519 11.991 0.029
3907.46772 11.643 0.028
4091.77734 11.569 0.029
4105.73865 12.26 0.039
4107.79345 12.415 0.026
4111.7939 12.487 0.055
4125.68657 12.513 0.028
4127.7313 12.421 0.025
4129.72945 12.496 0.032
4131.78321 12.415 0.034
4133.79371 12.639 0.043
4136.65871 12.294 0.028
4147.63017 11.647 0.026
4150.69467 11.764 0.036
4152.70871 11.677 0.031
4156.75595 11.504 0.048
4158.7807 11.474 0.035
4160.8123 11.676 0.034
4164.77478 12.291 0.052
4167.71751 12.345 0.033
4172.77803 12.324 0.043
4175.55133 11.533 0.027
4177.74467 12.268 0.043
4180.61437 11.498 0.04
4182.64776 11.489 0.037
4184.64339 11.384 0.04
4188.64388 12.405 0.04
4190.66801 12.512 0.032
4192.68145 12.446 0.032
4194.71866 12.476 0.04
4198.50215 12.105 0.048
4201.52523 12.052 0.037
4204.52636 11.748 0.035
4213.50682 12.383 0.031
4216.57557 12.514 0.032
4228.54447 12.406 0.034
4230.54722 12.297 0.026
4232.55702 12.118 0.046
4234.55631 12.07 0.029
4238.57753 12.047 0.05
4247.56116 12.498 0.038
4253.46201 12.428 0.032
4256.50335 12.307 0.025
4258.51418 12.289 0.029
4267.4578 11.635 0.029
4274.45308 12.474 0.028
4277.48364 12.567 0.033
4289.45188 12.197 0.037
4363.90001 11.374 0.039
4368.89673 12.364 0.036
4373.88768 12.48 0.033
4377.88922 12.28 0.039
4386.8693 12.2 0.029
4403.87136 12.354 0.032
4408.84499 12.377 0.031
4412.86546 12.277 0.032
4422.82206 11.614 0.04
4427.83824 11.6 0.031
4430.83641 12.413 0.036
4437.81917 12.359 0.034
4440.81622 12.36 0.028
4443.83827 12.351 0.033
4453.79359 11.68 0.031
4456.77788 11.549 0.033
4459.76594 12.647 0.044
4462.7547 12.425 0.029
4465.75642 12.365 0.044
4468.75036 12.353 0.035
4471.78991 12.435 0.042
4474.78044 12.175 0.036
4477.82922 12.257 0.035
4480.71699 11.523 0.042
4484.71998 11.342 0.033
4486.75379 11.371 0.035
4489.68535 12.328 0.032
4491.73178 12.44 0.031
4493.75661 12.321 0.033
4497.70392 12.383 0.029
4499.81411 12.379 0.034
4505.65355 11.975 0.033
4507.70892 12.032 0.038
4512.63944 11.391 0.042
4518.6169 12.429 0.032
4520.65744 12.334 0.031
4522.65333 12.559 0.04
4524.67467 12.23 0.031
4526.71544 12.386 0.034
4528.78073 12.549 0.041
4534.59111 11.923 0.039
4537.60595 11.765 0.033
4539.61769 11.731 0.053
4541.62483 11.494 0.033
4543.64413 11.443 0.039
4545.67168 11.507 0.054
4547.69589 11.342 0.045
4554.70109 12.353 0.041
4559.5531 12.082 0.038
4561.61458 12.582 0.035
4563.64533 12.297 0.032
4565.66182 12.271 0.035
4567.66776 12.137 0.03
4569.6647 12.037 0.032
4571.65499 11.927 0.041
4573.67002 11.831 0.039
