2622.81784 11.569 0.02
2624.83618 11.453 0.024
2627.82657 11.888 0.026
2634.81709 11.577 0.025
2636.82637 11.555 0.024
2638.81707 11.566 0.032
2641.78795 11.527 0.017
2643.83281 11.473 0.021
2649.75058 11.51 0.019
2651.74742 12.152 0.019
2655.81309 11.492 0.031
2662.75735 11.594 0.021
2664.74635 11.696 0.017
2666.74631 11.482 0.021
2670.74085 11.557 0.022
2672.73004 11.511 0.02
2674.7293 11.729 0.019
2676.71789 11.623 0.02
2678.70421 11.482 0.017
2680.70395 11.564 0.019
2684.66908 11.493 0.026
2688.69899 11.657 0.032
2690.68878 11.446 0.021
2691.79367 11.47 0.032
2694.63872 11.5 0.035
2696.66765 11.501 0.02
2698.65825 12.001 0.021
2700.65079 11.54 0.022
2702.64743 11.478 0.019
2704.63704 11.607 0.017
2706.63715 11.503 0.017
2709.74407 11.457 0.021
2715.6188 11.509 0.038
2719.59757 11.485 0.028
2721.6162 11.617 0.033
2723.61654 11.721 0.025
2725.61311 11.477 0.024
2727.60663 11.522 0.019
2729.60439 11.537 0.023
2733.59243 11.662 0.021
2735.58781 11.654 0.025
2737.5795 11.474 0.024
2743.54233 11.45 0.03
2745.55013 11.779 0.041
2751.53775 11.583 0.019
2754.53824 11.479 0.031
2756.53755 11.572 0.039
2760.54815 11.503 0.016
2762.54688 11.504 0.027
2764.5313 11.587 0.019
2784.48524 11.475 0.021
2786.4858 11.554 0.019
2789.48169 11.493 0.022
2792.4671 11.63 0.026
2812.44929 11.611 0.029
2962.8536 11.545 0.034
2971.85497 11.477 0.023
2975.83338 11.532 0.02
2978.84001 11.574 0.02
2981.84998 11.559 0.028
2990.80701 11.641 0.028
2996.80489 11.537 0.024
3000.80526 11.485 0.022
3006.78859 11.527 0.023
3008.80644 11.552 0.023
3011.76756 11.462 0.028
3016.79994 11.83 0.025
3018.82002 11.494 0.028
3025.70848 11.559 0.025
3032.71701 11.589 0.024
3034.74138 11.451 0.066
3036.80452 11.516 0.028
3043.72761 11.615 0.041
3045.77093 11.615 0.028
3048.71574 11.475 0.026
3051.67419 11.784 0.027
3053.75282 11.535 0.023
3056.6513 11.604 0.028
3060.72371 11.53 0.036
3071.65287 11.477 0.032
3073.69575 11.535 0.03
3075.69886 11.98 0.03
3077.72013 11.547 0.054
3082.62486 11.507 0.023
3086.62602 12.206 0.023
3088.63171 11.518 0.023
3090.64435 11.507 0.036
3092.6346 11.616 0.02
3098.57729 12.097 0.031
3100.58711 11.5 0.028
3102.59392 11.484 0.026
3104.60392 11.606 0.026
3106.60438 11.508 0.029
3108.60784 11.504 0.023
3110.60079 12.211 0.021
3112.61922 11.493 0.042
3114.62765 11.472 0.025
3126.49209 11.562 0.026
3128.53757 11.521 0.028
3130.55506 11.49 0.028
3132.56667 11.528 0.026
3145.53093 11.819 0.021
3159.47194 11.475 0.031
3167.46459 11.541 0.024
3171.45573 11.504 0.027
3327.82595 11.45 0.035
3327.82595 11.487 0.033
3327.83614 11.484 0.033
3327.83614 11.497 0.043
3327.86006 11.387 0.049
3327.86006 11.466 0.033
3328.82288 11.484 0.031
3328.82288 11.6 0.031
3328.82817 11.466 0.03
3328.82817 11.488 0.035
3328.844 11.461 0.032
3328.844 11.488 0.04
3328.85957 11.459 0.041
3329.83874 11.443 0.032
3329.83874 11.465 0.035
3330.82552 11.804 0.041
3330.83936 11.683 0.035
3330.83936 11.719 0.04
3330.85241 11.592 0.035
3330.85241 11.603 0.036
3333.85403 11.613 0.03
3333.8619 11.654 0.037
3333.8619 11.674 0.043
3334.82395 11.414 0.032
3334.82395 11.449 0.033
3334.84457 11.476 0.032
3334.84457 11.515 0.042
3334.84719 11.447 0.032
3334.84719 11.571 0.033
3334.86051 11.471 0.036
3334.86051 11.513 0.044
3335.84908 11.446 0.034
3335.84908 11.463 0.035
3335.85167 11.517 0.035
3335.85167 11.542 0.041
3336.81546 11.595 0.039
3336.81843 11.509 0.054
3336.81843 11.588 0.037
3336.82601 11.768 0.053
3336.85522 11.464 0.035
3336.85522 11.485 0.035
3337.81155 11.588 0.039
3337.81155 11.613 0.047
3337.84331 11.592 0.035
3338.79011 11.528 0.06
3338.80695 11.578 0.052
3338.84017 11.535 0.035
3338.84017 11.558 0.034
3339.82747 11.456 0.036
3339.82747 11.482 0.037
3339.83291 11.509 0.047
3339.84864 11.529 0.053
3339.85245 11.566 0.045
3340.78847 11.539 0.039
3340.78847 11.645 0.05
3341.81554 11.513 0.045
3341.81554 11.535 0.042
3341.82047 11.467 0.046
3341.82047 11.586 0.041
3355.8087 12.083 0.032
3365.77875 11.523 0.038
3383.72853 11.468 0.036
3383.72853 11.493 0.035
3383.73092 11.527 0.04
3385.83119 11.614 0.039
3386.71815 11.502 0.036
3386.71815 11.517 0.032
3388.71892 11.562 0.03
3389.70864 11.638 0.032
3389.70864 11.65 0.029
3392.69845 11.488 0.041
3392.69845 11.509 0.035
3394.70917 11.482 0.038
3398.78772 11.563 0.051
3399.67853 11.43 0.036
3399.67853 11.442 0.031
3400.78301 11.465 0.037
3403.7808 12.21 0.033
3406.66743 11.53 0.046
3408.69026 11.577 0.033
3410.77933 11.586 0.036
3413.64747 11.925 0.029
3415.6711 11.607 0.026
3417.66341 11.509 0.032
3419.65779 11.576 0.023
3426.71033 12.105 0.044
3430.72238 11.45 0.038
3432.71926 11.633 0.048
3434.71934 11.543 0.047
3444.56031 11.557 0.041
3446.57817 11.513 0.026
3455.64442 11.64 0.043
3457.65081 11.585 0.037
3459.64619 11.499 0.032
3461.65719 11.599 0.037
3464.60666 11.533 0.035
3466.62361 11.523 0.032
3469.61881 11.538 0.031
3471.62741 11.447 0.033
3473.62508 11.681 0.033
3481.55268 11.56 0.048
3483.56419 11.551 0.05
3490.55468 11.494 0.044
3492.56018 11.671 0.039
3497.56311 11.989 0.034
3500.54446 11.487 0.04
3512.48365 11.503 0.063
3520.51037 11.66 0.058
3523.47383 11.516 0.049
3526.48255 11.579 0.035
3529.47713 11.536 0.048
3703.84662 11.508 0.035
3707.83755 12.038 0.026
3712.84497 11.597 0.029
3715.82393 11.504 0.056
3718.82952 11.77 0.037
3721.82428 11.414 0.048
3727.77921 11.498 0.038
3731.78739 11.912 0.032
3734.77869 11.457 0.047
3737.76603 11.589 0.03
3740.75684 11.49 0.032
3743.75029 11.693 0.037
3746.73955 11.529 0.039
3749.68701 11.533 0.045
3753.82089 11.549 0.046
3756.70743 11.449 0.04
3758.72986 11.502 0.034
3761.69962 11.458 0.04
3763.81592 11.568 0.057
3766.69741 12.164 0.042
3768.80566 11.809 0.05
3771.66624 11.72 0.043
3773.76336 11.632 0.05
3776.65724 11.485 0.041
3788.72093 11.566 0.037
3791.61683 11.573 0.037
3793.70601 11.501 0.053
3796.60403 11.542 0.028
3798.70441 11.505 0.052
3800.6885 11.506 0.049
3808.66684 11.709 0.05
3810.6795 11.469 0.046
3812.68736 11.456 0.046
3814.68499 12.1 0.052
3816.71373 11.637 0.045
3819.55302 11.607 0.035
3821.62613 11.485 0.043
3823.66042 11.554 0.046
3825.67413 11.621 0.042
3828.53516 11.509 0.037
3835.58577 11.527 0.046
3849.55461 12.286 0.044
3851.56447 11.515 0.036
3853.57128 11.502 0.029
3855.58827 11.631 0.037
3863.51174 11.535 0.052
3865.51729 11.484 0.044
3867.56445 11.557 0.04
3870.49358 11.396 0.039
3872.51974 11.74 0.03
3876.52192 11.52 0.057
3890.46758 11.555 0.033
3892.49466 11.536 0.031
3897.4765 12.063 0.04
3900.46844 11.496 0.04
3903.46021 11.996 0.034
3907.45364 11.503 0.043
4089.78812 11.537 0.046
4109.76069 11.584 0.056
4125.79654 11.624 0.036
4128.68853 11.531 0.033
4130.7159 12.685 0.062
4136.76957 11.586 0.042
4145.75586 11.554 0.038
4153.64956 12.113 0.028
4155.64143 11.506 0.032
4157.71495 11.506 0.036
4163.69616 11.46 0.045
4173.70318 11.528 0.05
4176.55656 12.058 0.039
4183.67384 11.58 0.05
4192.64655 11.528 0.033
4201.59862 12.115 0.033
4204.59788 11.488 0.04
4228.51604 11.488 0.038
4230.52412 11.572 0.051
4232.54026 11.487 0.053
4247.503 11.51 0.033
4250.50923 11.579 0.032
4256.48786 11.543 0.033
4430.84552 11.415 0.04
4437.83688 11.45 0.039
4440.85701 11.616 0.036
4448.83045 11.533 0.029
4454.82522 11.499 0.043
4457.8072 11.671 0.034
4463.8409 11.504 0.035
4466.80291 11.443 0.039
4469.78531 11.729 0.037
4473.77805 11.545 0.039
4476.8325 11.679 0.058
4479.75752 11.336 0.067
4482.77801 12.233 0.045
4485.79445 11.454 0.053
4492.81196 11.48 0.034
4498.786 11.527 0.05
4501.69404 11.487 0.035
4503.79067 11.463 0.05
4506.68163 11.697 0.034
4508.75544 11.498 0.04
4511.66802 11.626 0.033
4518.68973 11.726 0.037
4520.71219 11.505 0.04
4522.70637 11.545 0.031
4524.72176 11.65 0.037
4526.76344 11.49 0.04
4529.61731 12.053 0.041
4531.68238 11.536 0.037
4535.62191 11.613 0.041
4537.66916 11.515 0.042
4539.66703 11.489 0.051
4547.62804 11.661 0.047
4554.62358 11.747 0.042
4558.66012 11.503 0.035
4560.66061 11.656 0.037
4563.55427 11.58 0.035
4565.59068 12.019 0.035
4567.6211 11.513 0.042
4573.53379 11.584 0.043
4575.56533 11.543 0.045
