2442.45521 13.203 0.031
2565.88234 14.819 0.048
2627.82175 13.595 0.032
2629.83821 13.677 0.027
2634.81225 13.043 0.026
2636.85179 13.276 0.027
2639.78522 13.428 0.021
2642.77516 12.532 0.026
2644.81154 13.274 0.025
2646.78177 12.677 0.022
2649.78013 13.127 0.028
2651.74267 13.226 0.024
2655.80581 13.386 0.028
2662.76175 13.579 0.024
2664.7485 13.442 0.023
2666.74396 13.598 0.027
2670.75449 13.402 0.021
2672.74825 13.464 0.02
2674.72237 13.301 0.021
2676.71558 13.316 0.022
2678.69961 13.197 0.021
2680.70167 13.011 0.022
2684.66681 13.142 0.036
2688.69675 12.925 0.039
2689.80423 13.915 0.042
2691.73664 13.293 0.027
2693.75566 13.599 0.023
2695.74913 13.69 0.029
2697.71098 13.465 0.026
2699.7036 13.124 0.025
2701.70158 13.673 0.026
2703.69736 13.279 0.027
2705.68965 13.248 0.025
2707.68605 13.286 0.032
2709.6439 13.227 0.023
2711.62498 13.051 0.029
2715.62343 12.718 0.038
2717.74358 13.051 0.038
2719.66489 12.765 0.03
2722.60021 13.695 0.024
2724.59819 13.225 0.02
2726.5965 13.532 0.023
2728.58766 13.206 0.02
2730.58355 13.118 0.027
2733.63219 13.543 0.024
2735.62778 13.618 0.023
2737.6125 13.452 0.029
2743.54031 13.125 0.036
2744.67315 12.57 0.038
2750.62775 12.66 0.026
2752.58702 12.597 0.024
2757.57389 13.141 0.021
2761.58178 13.323 0.023
2763.5781 13.373 0.025
2770.57122 13.675 0.031
2783.51401 13.723 0.025
2785.51566 13.346 0.022
2787.51538 13.666 0.021
2791.49111 13.537 0.033
2810.47131 13.772 0.026
2813.45652 12.912 0.03
2820.45534 13.555 0.03
2944.86748 13.0 0.061
2948.85028 13.235 0.047
2962.83523 12.333 0.05
2976.83166 13.976 0.058
2977.81379 12.583 0.051
2980.83656 13.926 0.043
2984.80906 13.332 0.04
2990.79893 13.185 0.039
2996.79971 13.47 0.03
3000.79986 13.242 0.026
3006.77769 13.052 0.029
3008.80385 13.167 0.03
3011.75684 13.172 0.043
3016.79735 12.582 0.032
3028.78261 13.897 0.061
3031.71657 12.917 0.039
3033.74394 13.173 0.027
3036.69827 13.336 0.037
3043.72515 12.382 0.054
3045.76838 12.67 0.072
3048.71317 13.318 0.037
3056.64881 13.055 0.029
3060.71361 13.148 0.044
3073.69324 13.572 0.039
3075.69643 13.64 0.037
3077.71769 12.968 0.045
3081.75412 13.455 0.029
3086.61825 13.777 0.028
3088.62394 13.563 0.049
3090.63936 13.639 0.031
3092.62211 13.362 0.027
3098.57494 13.5 0.043
3100.58476 13.307 0.04
3102.5916 13.339 0.032
3104.60158 13.149 0.03
3106.59977 13.279 0.031
3108.60403 13.436 0.028
3110.59848 13.189 0.026
3112.6169 12.96 0.027
3114.62531 12.991 0.029
3116.64012 13.268 0.028
3116.64012 13.293 0.045
3126.48983 13.74 0.038
3128.53535 13.333 0.04
3130.55279 13.166 0.037
3134.58157 13.553 0.036
3146.56711 13.536 0.028
3154.50422 13.3 0.03
3158.49344 13.028 0.039
3160.51444 13.569 0.038
3164.48437 13.112 0.027
3167.49681 13.77 0.03
3171.48396 13.251 0.03
3175.48644 13.785 0.03
3180.462 12.691 0.033
3362.81153 13.307 0.04
3383.73092 13.289 0.051
3385.83119 13.626 0.048
3388.71892 12.494 0.038
3390.8111 12.749 0.045
3394.70917 14.071 0.05
3398.78772 12.658 0.063
3400.78301 13.149 0.046
3404.72613 13.376 0.053
3406.77351 14.058 0.038
3409.67978 12.902 0.038
3411.73402 13.01 0.062
3413.77311 13.645 0.056
3415.80441 12.969 0.033
3418.65698 13.134 0.037
3420.68961 13.782 0.038
3430.68527 13.235 0.041
3432.68462 12.842 0.047
3434.67743 13.228 0.066
3444.56293 14.146 0.07
3446.61179 13.151 0.043
3453.63499 13.009 0.06
3455.62005 13.449 0.041
3457.63517 13.803 0.038
3459.62964 13.289 0.035
3461.64042 12.911 0.043
3463.67313 13.444 0.045
3465.68078 12.911 0.033
3468.66168 13.183 0.034
3475.53841 13.268 0.038
3481.52394 13.887 0.042
3483.54067 13.54 0.077
3491.51689 13.163 0.061
3495.51894 13.409 0.03
3497.59209 13.225 0.033
3500.57956 12.852 0.052
3502.58818 12.552 0.057
3512.56157 14.264 0.039
3517.49278 12.735 0.045
3521.49477 12.635 0.042
3523.5202 12.631 0.045
3526.51007 13.469 0.045
3528.51761 13.466 0.042
3540.46762 12.664 0.043
3544.46038 12.986 0.059
3675.86577 12.767 0.036
3704.84041 12.989 0.034
3708.83328 12.672 0.033
3713.83973 13.147 0.035
3717.83746 13.2 0.047
3720.82658 13.984 0.045
3726.8561 13.475 0.045
3730.80454 14.551 0.053
3733.81037 12.704 0.036
3736.79754 13.23 0.04
3739.77985 12.502 0.035
3742.77798 13.68 0.038
3745.76226 13.91 0.037
3748.7497 13.226 0.048
3753.8688 13.595 0.058
3756.72761 13.118 0.052
3758.811 13.257 0.037
3761.71951 13.403 0.052
3764.71035 12.613 0.042
3767.70035 13.483 0.048
3772.73541 13.639 0.047
3775.67346 12.687 0.048
3788.67856 13.711 0.046
3790.79239 13.23 0.049
3793.6466 13.039 0.042
3795.74486 12.654 0.034
3797.70542 12.778 0.044
3799.74541 12.431 0.047
3802.62293 13.183 0.051
3808.63415 14.208 0.058
3812.64469 12.749 0.05
3814.6407 12.621 0.05
3816.67274 12.696 0.052
3818.71578 12.758 0.049
3821.57655 13.023 0.046
3823.61682 13.271 0.047
3825.63043 13.473 0.058
3827.68114 13.114 0.046
3830.55612 13.087 0.037
3835.66389 13.164 0.059
3850.63367 13.543 0.035
3852.63702 13.49 0.038
3855.50583 13.488 0.085
3865.49778 13.533 0.04
3867.55034 12.795 0.057
3869.55575 13.213 0.053
3871.55082 13.663 0.045
3875.55295 13.417 0.042
3882.49075 13.724 0.046
3890.46274 13.262 0.036
3892.49242 13.594 0.037
3899.47838 12.598 0.043
3902.46412 13.449 0.033
3905.45572 13.999 0.037
3907.47834 13.51 0.035
4089.78812 13.296 0.057
4103.80985 13.179 0.049
4109.76702 12.6 0.044
4125.79654 13.067 0.043
4126.75511 13.625 0.049
4128.78909 13.011 0.047
4131.69653 14.127 0.043
4136.73418 12.511 0.047
4145.67421 13.408 0.058
4145.75586 12.935 0.047
4153.639 12.935 0.031
4155.67102 12.851 0.045
4157.73316 13.088 0.04
4163.65502 12.622 0.052
4165.67354 12.998 0.047
4168.67785 13.275 0.064
4190.58461 12.373 0.044
4192.5902 12.86 0.041
4194.63412 12.355 0.071
4205.56702 12.985 0.075
4227.55811 13.951 0.034
4235.57585 13.433 0.036
4238.53342 12.953 0.053
4250.50707 13.275 0.036
4423.859 12.603 0.058
4429.83902 12.409 0.046
4441.83243 13.563 0.041
4452.85212 12.785 0.055
4466.79641 13.048 0.055
4479.75404 12.612 0.045
4491.75912 13.322 0.042
4500.68795 13.582 0.057
4510.6577 12.52 0.055
4512.70068 13.01 0.052
4520.70974 13.271 0.043
4522.70393 13.864 0.036
4529.60783 12.546 0.052
4531.67358 13.611 0.043
4537.6668 12.674 0.036
4554.70925 13.581 0.055
4563.65205 13.599 0.049
