1868.85321 11.9 0.028
1869.82078 11.825 0.029
1870.80269 11.867 0.031
1871.81185 11.957 0.028
1872.79823 11.937 0.028
1873.81391 12.239 0.023
1874.79111 11.988 0.031
1875.8039 11.791 0.027
1877.79813 11.968 0.022
1879.79657 11.985 0.027
1880.78222 11.916 0.033
1885.74953 12.108 0.026
1886.86596 12.19 0.028
1888.75632 11.896 0.029
1888.79252 12.122 0.031
1899.78187 12.151 0.026
1899.81302 11.971 0.027
1902.76848 11.834 0.022
1902.80114 11.866 0.023
1903.87005 11.953 0.026
1904.724 11.991 0.026
1904.85066 11.857 0.023
1905.78032 11.922 0.028
1906.74373 11.966 0.022
1907.7148 11.898 0.022
1907.78493 11.852 0.023
1913.74552 11.764 0.021
1913.7721 11.864 0.021
1914.75423 12.027 0.024
1914.77192 12.188 0.023
1915.77787 11.976 0.024
1919.72783 11.986 0.029
1920.74425 12.112 0.029
1920.7574 12.21 0.027
1921.7362 12.043 0.032
1921.77779 11.778 0.027
1922.73771 11.834 0.026
1922.75314 11.82 0.025
1924.72527 11.83 0.028
1924.7497 11.966 0.026
1925.74835 12.216 0.024
1926.72712 12.253 0.024
1926.74487 12.035 0.025
1928.7245 11.791 0.023
1928.74673 11.758 0.022
1929.72495 11.845 0.022
1930.7226 11.975 0.022
1930.7404 12.192 0.021
1931.71961 12.282 0.022
1931.73769 12.172 0.026
1932.7129 12.006 0.022
1932.73287 11.874 0.021
1933.713 11.86 0.022
1933.74034 11.837 0.022
1934.71181 11.857 0.022
1934.72966 11.856 0.022
1936.6858 12.028 0.022
1936.7017 12.1 0.022
1937.74104 12.013 0.024
1937.76415 11.786 0.024
1938.77107 11.874 0.024
1939.67948 11.851 0.023
1939.76568 12.008 0.021
1940.77434 12.199 0.023
1941.66689 11.93 0.023
1945.71546 11.86 0.024
1945.7416 12.117 0.034
1946.7078 12.25 0.028
1946.74611 12.196 0.026
1948.6485 12.219 0.033
1948.6694 12.263 0.03
1949.68947 11.896 0.03
1949.71002 11.83 0.031
1950.66928 11.828 0.028
1950.69182 11.781 0.027
1952.66642 12.062 0.03
1953.67357 12.182 0.028
1953.68944 12.001 0.027
1954.67214 11.93 0.035
1954.69159 11.836 0.033
1955.68218 11.819 0.028
1958.64823 12.236 0.028
1958.66634 12.22 0.027
1959.66008 11.916 0.032
1961.63629 11.803 0.026
1962.58704 11.837 0.03
1963.64957 12.286 0.033
1963.67104 12.257 0.033
1964.64939 12.057 0.029
1964.66758 11.942 0.029
1965.64253 11.807 0.029
1966.64489 11.786 0.033
1966.66078 11.859 0.03
1967.63941 11.862 0.033
1967.65757 11.871 0.034
1968.63003 12.018 0.036
1968.65503 12.308 0.039
1970.68239 11.779 0.04
1977.61668 11.717 0.054
1977.63075 11.726 0.052
1978.65612 12.257 0.055
1979.59486 12.031 0.05
1979.63752 12.293 0.052
1980.62033 12.147 0.049
1980.63419 12.034 0.053
1981.62456 11.809 0.047
1982.60977 11.773 0.041
1982.62579 11.816 0.041
1984.60134 12.045 0.044
1984.61517 12.07 0.042
1985.62099 12.053 0.039
1994.52577 11.775 0.044
1994.5562 11.748 0.039
1995.57525 12.068 0.052
1995.59612 12.165 0.049
1996.57836 12.148 0.051
1996.59691 12.047 0.048
1997.5791 11.881 0.054
1997.59526 11.922 0.051
1998.57843 11.787 0.05
1998.59693 11.902 0.05
2000.57302 11.976 0.053
2000.58935 12.225 0.053
2011.51428 11.781 0.054
2011.55158 12.123 0.053
2014.53213 11.873 0.059
2016.52856 12.006 0.054
2016.54721 12.055 0.054
2018.52676 12.096 0.06
2025.49684 11.834 0.026
2026.48907 11.782 0.024
2027.50923 11.997 0.029
2030.48075 11.868 0.028
2030.51202 11.779 0.036
2032.49009 11.874 0.029
2032.502 11.943 0.026
2034.50285 12.001 0.044
2038.4865 12.134 0.03
2053.46637 11.86 0.026
2053.47697 11.928 0.025
2055.47512 11.933 0.031
2055.50247 11.856 0.036
2057.49234 11.831 0.026
2057.50294 11.828 0.028
2059.49533 12.358 0.041
2060.46148 12.189 0.053
2064.49013 12.335 0.032
2064.51759 12.098 0.034
2068.47562 11.9 0.025
2068.49574 12.068 0.026
2070.50116 11.908 0.027
2071.45944 12.039 0.064
2081.45263 12.019 0.026
2081.4847 11.83 0.026
2085.46692 12.308 0.028
2086.45952 11.96 0.031
2095.46726 12.167 0.06
2184.88232 11.919 0.042
2190.88055 12.101 0.036
2192.87717 11.898 0.035
2194.87092 11.857 0.036
2194.87997 11.957 0.036
2197.85926 11.99 0.046
2197.87282 11.945 0.038
2199.86675 11.832 0.036
2201.86457 12.239 0.035
2201.87532 12.136 0.039
2206.83773 11.978 0.036
2206.85555 12.186 0.034
2212.86821 12.022 0.039
2214.83795 11.862 0.044
2215.84368 11.821 0.041
2216.83024 12.011 0.044
2224.85575 11.769 0.046
2226.8267 11.843 0.046
2228.81676 12.173 0.045
2230.81564 11.761 0.044
2233.78599 12.142 0.042
2235.79752 11.867 0.039
2237.79733 11.853 0.045
2242.77849 11.754 0.051
2247.81835 12.014 0.052
2249.79309 12.066 0.047
2251.78937 11.958 0.047
2253.7634 11.746 0.051
2253.77438 12.055 0.048
2255.76378 12.207 0.05
2255.7772 12.089 0.048
2260.79189 11.876 0.056
2440.46114 12.235 0.021
2442.46866 11.778 0.024
2443.46801 11.857 0.02
2445.4772 12.17 0.021
2454.4651 11.912 0.021
2456.44878 12.15 0.032
2465.45346 12.086 0.028
2469.45437 11.937 0.03
2552.89523 11.782 0.057
2557.88063 12.041 0.04
2558.88261 11.796 0.031
2561.87756 12.256 0.029
2562.86067 12.115 0.036
2577.83977 12.186 0.024
2622.7594 11.777 0.025
2624.81076 12.248 0.031
2627.83806 11.966 0.032
2630.81288 12.083 0.028
2634.82633 12.239 0.025
2636.83862 11.808 0.029
2637.76725 11.833 0.026
2640.78392 12.283 0.027
2643.77454 12.04 0.02
2645.79582 12.19 0.022
2649.7462 11.903 0.022
2651.74309 12.211 0.02
2655.80883 12.023 0.024
2658.76056 11.816 0.024
2660.73938 11.927 0.04
2662.77143 11.887 0.021
2664.76044 11.866 0.023
2666.76049 12.296 0.024
2670.79481 12.207 0.022
2672.74242 12.066 0.023
2672.76042 11.947 0.021
2674.73249 11.789 0.021
2674.746 11.824 0.025
2676.71205 12.007 0.022
2676.73463 12.13 0.021
2678.69386 12.27 0.028
2678.71895 12.018 0.025
2680.69142 11.843 0.024
2680.71869 11.809 0.02
2684.67245 12.067 0.025
2685.83399 12.021 0.029
2689.68456 11.98 0.03
2689.70783 11.874 0.034
2691.70348 11.833 0.027
2693.71782 12.065 0.021
2695.69694 11.812 0.026
2697.67745 11.88 0.024
2697.70318 12.106 0.021
2699.69839 12.015 0.028
2701.69644 11.823 0.02
2703.66656 12.03 0.021
2705.65885 11.951 0.034
2705.68463 11.813 0.024
2707.65728 11.751 0.022
2707.68107 11.878 0.022
2709.65526 12.19 0.025
2710.61958 12.259 0.023
2710.78528 11.994 0.026
2712.6125 11.899 0.023
2713.67833 12.152 0.024
2713.72193 12.114 0.024
2714.78016 11.855 0.029
2715.68866 11.835 0.032
2717.77546 11.985 0.034
2720.61832 12.243 0.031
2721.66682 11.845 0.029
2723.66948 11.983 0.023
2725.66228 12.026 0.021
2727.65588 11.752 0.022
2728.65226 11.922 0.022
2730.64818 12.223 0.022
2731.78352 12.243 0.05
2733.69455 12.176 0.024
2734.56224 11.859 0.023
2735.68822 11.872 0.023
2736.572 12.099 0.024
2738.57863 11.91 0.023
2739.66534 12.328 0.028
2740.57389 11.875 0.026
2741.62332 12.194 0.024
2743.62182 11.933 0.03
2743.63837 11.921 0.026
2745.65346 12.32 0.047
2745.66085 12.316 0.047
2750.65418 12.214 0.025
2752.61099 11.926 0.022
2752.61392 11.943 0.023
2754.69364 12.218 0.026
2756.67034 11.902 0.022
2759.51016 12.069 0.056
2760.6871 12.03 0.024
2761.51658 11.798 0.022
2762.6491 11.795 0.059
2763.51241 12.09 0.02
2764.62796 11.864 0.021
2766.64165 12.051 0.023
2770.591 11.833 0.026
2770.62396 11.986 0.026
2776.54177 11.854 0.031
2776.54476 11.797 0.028
2783.55788 12.25 0.022
2783.56087 12.27 0.021
2785.55959 11.8 0.022
2785.56257 11.81 0.022
2787.54041 11.944 0.02
2790.56026 11.838 0.039
2790.56324 11.768 0.034
2793.48283 11.796 0.022
2793.4858 11.822 0.024
2796.4793 11.97 0.026
2796.48224 11.958 0.025
2804.57938 11.896 0.04
2810.49387 12.238 0.03
2810.49676 12.271 0.033
2812.49622 11.818 0.026
2812.49909 11.787 0.021
2814.49867 12.112 0.028
2814.50153 12.218 0.036
2820.48501 12.161 0.028
2820.48783 12.257 0.023
2829.50202 12.064 0.026
2830.47281 12.03 0.028
2832.46212 12.047 0.026
2834.46788 11.857 0.029
2835.46711 11.935 0.028
2836.47019 12.308 0.028
2839.46933 11.9 0.028
2929.87659 11.866 0.049
2933.87075 12.004 0.029
2946.8507 11.923 0.022
2951.83576 11.804 0.058
2951.8573 11.814 0.031
2955.82482 11.912 0.028
2955.84888 11.86 0.029
2958.85341 12.222 0.033
2960.84463 11.799 0.028
2962.81655 11.854 0.039
2964.82086 12.166 0.031
2965.83573 11.842 0.03
2968.81443 11.888 0.054
2973.81334 12.024 0.024
2973.82736 12.128 0.032
2976.79316 11.905 0.027
2979.78801 12.118 0.027
2979.79964 12.219 0.026
2982.83555 11.882 0.04
2985.83726 11.871 0.044
2988.80812 11.923 0.031
2988.81796 12.04 0.03
2991.79689 11.898 0.041
2991.82655 11.852 0.025
2994.79871 12.093 0.027
2994.81926 12.399 0.027
2997.78545 11.925 0.026
2997.80764 11.799 0.026
3001.7792 12.094 0.024
3001.80447 11.902 0.027
3005.73833 11.826 0.024
3005.75391 12.014 0.026
3007.76448 11.885 0.025
3007.80424 11.785 0.026
3009.8078 12.079 0.031
3010.76253 11.963 0.043
3012.7514 12.119 0.036
3013.76749 11.761 0.031
3015.80112 12.287 0.038
3016.82501 11.851 0.026
3017.80572 11.864 0.031
3019.74756 11.774 0.025
3025.67648 11.914 0.046
3025.69558 11.862 0.027
3029.76788 11.834 0.03
3031.82327 11.978 0.028
3031.83388 11.834 0.028
3034.69683 11.895 0.035
3034.70726 11.99 0.031
3036.77983 12.343 0.025
3036.78211 12.251 0.023
3041.73119 11.84 0.039
3041.73933 12.119 0.036
3043.76403 11.91 0.041
3043.777 11.788 0.04
3046.65706 11.922 0.028
3046.68611 11.776 0.027
3049.68495 12.153 0.024
3049.69265 12.082 0.024
3052.66484 11.787 0.047
3052.67483 11.865 0.025
3054.69742 12.029 0.031
3054.70751 11.962 0.029
3056.73493 11.852 0.026
3056.74499 12.056 0.027
3061.61914 12.113 0.037
3061.63571 12.161 0.055
3063.6786 12.083 0.051
3063.68871 12.14 0.039
3066.69677 11.823 0.029
3066.70215 11.866 0.03
3068.65097 11.98 0.029
3068.67477 12.051 0.027
3070.67884 11.912 0.033
3070.70424 11.86 0.033
3072.7602 12.295 0.045
3072.78395 12.021 0.034
3074.72761 11.923 0.032
3074.8043 11.84 0.034
3076.75557 11.914 0.032
3077.59729 12.012 0.055
3078.78359 11.837 0.037
3079.64368 11.91 0.037
3081.57128 12.027 0.03
3081.64233 12.024 0.025
3085.66943 12.114 0.027
3085.67243 12.002 0.024
3087.67202 11.857 0.036
3087.67499 11.843 0.03
3089.70074 12.317 0.053
3089.70521 12.22 0.034
3091.68339 11.789 0.031
3091.6864 11.835 0.027
3093.66832 11.828 0.032
3093.67138 11.916 0.031
3097.66079 12.059 0.031
3097.66388 11.873 0.052
3099.71781 12.25 0.042
3099.72091 12.123 0.038
3101.73521 11.799 0.038
3101.74142 11.903 0.036
3103.74675 12.147 0.033
3104.51399 12.289 0.038
3105.72368 11.813 0.032
3106.54491 11.87 0.026
3107.72292 11.885 0.029
3110.55741 11.872 0.026
3112.51301 11.825 0.023
3112.57219 12.211 0.025
3114.54779 11.941 0.023
3114.5793 11.875 0.025
3116.60145 12.234 0.04
3121.69856 11.773 0.032
3122.54796 12.044 0.026
3124.51894 12.184 0.024
3124.57599 11.825 0.026
3126.56843 11.954 0.029
3126.59643 12.092 0.035
3128.59496 11.94 0.036
3128.62043 11.82 0.036
3130.61222 11.829 0.034
3130.64327 12.019 0.039
3132.60787 12.205 0.027
3132.64363 11.968 0.032
3134.61986 11.748 0.027
3134.64938 11.836 0.03
3142.63226 11.985 0.027
3144.54688 12.129 0.024
3145.64113 12.0 0.027
3146.58647 11.983 0.026
3154.53962 12.163 0.029
3158.51827 11.914 0.035
3158.52153 12.036 0.034
3160.53413 11.888 0.035
3160.53743 11.984 0.033
3163.54665 12.3 0.027
3163.55143 12.237 0.025
3165.54728 11.946 0.028
3165.55052 11.92 0.031
3168.55852 12.121 0.029
3168.56169 12.226 0.025
3176.54444 11.869 0.025
3177.46046 12.079 0.029
3179.51119 12.028 0.026
3184.51057 12.031 0.03
3185.48759 12.178 0.032
3187.48033 11.965 0.031
3189.46375 11.855 0.038
3356.83821 11.94 0.039
3365.81373 12.319 0.037
3382.81482 11.925 0.056
3383.75531 11.896 0.039
3386.7407 12.067 0.038
3388.80366 11.779 0.045
3391.73006 11.867 0.037
3394.77613 11.882 0.036
3397.71237 12.03 0.044
3399.79173 11.84 0.035
3404.7888 11.76 0.051
3407.68848 11.913 0.033
3409.73598 11.835 0.041
3410.72709 11.769 0.041
3411.80461 12.288 0.031
3412.80042 11.926 0.036
3416.71849 11.886 0.051
3418.74056 12.223 0.037
3424.7281 11.857 0.039
3424.77067 11.87 0.045
3426.73 11.91 0.039
3430.75808 11.878 0.028
3430.78122 11.905 0.032
3432.75837 12.304 0.033
3434.7591 11.916 0.039
3438.66418 11.89 0.026
3442.60707 12.167 0.026
3443.80214 11.897 0.031
3444.646 12.137 0.043
3446.65572 11.981 0.041
3450.60543 11.847 0.041
3450.63672 12.029 0.043
3452.70385 11.74 0.045
3452.7439 12.058 0.052
3454.74719 11.925 0.044
3454.75263 11.934 0.042
3456.75841 11.944 0.039
3458.75053 12.268 0.035
3458.75603 12.34 0.03
3460.76701 11.817 0.036
3463.53579 12.163 0.047
3463.5711 12.062 0.029
3465.59044 11.856 0.028
3465.60218 11.876 0.043
3468.59134 12.301 0.027
3468.59895 11.926 0.031
3470.62218 11.96 0.027
3470.62412 11.927 0.029
3472.6138 12.319 0.036
3472.6158 12.176 0.041
3474.6387 11.837 0.024
3476.69696 11.872 0.045
3476.69887 11.823 0.036
3478.67335 11.823 0.061
3478.6828 11.805 0.039
3480.66382 12.248 0.035
3489.67406 11.962 0.03
3490.58631 11.732 0.06
3491.67895 12.076 0.049
3496.6212 12.076 0.028
3499.55255 12.375 0.038
3499.60911 11.793 0.031
3501.56279 11.84 0.035
3503.62921 11.862 0.033
3504.5112 12.157 0.051
3509.58866 11.953 0.029
3511.5435 11.808 0.027
3512.60092 12.176 0.035
3517.52388 11.856 0.043
3517.54977 11.771 0.039
3521.52063 11.86 0.034
3521.53855 11.834 0.029
3523.53729 11.967 0.034
3523.54671 11.919 0.033
3525.56525 11.882 0.029
3525.57878 11.872 0.027
3528.49293 11.872 0.033
3530.46092 11.898 0.027
3530.49033 12.193 0.028
3539.52981 12.048 0.038
3539.53295 12.129 0.031
3547.50254 11.909 0.04
3547.50569 11.871 0.025
3556.47478 12.288 0.028
3556.4786 12.298 0.026
3560.46511 11.853 0.036
3562.47838 12.081 0.033
3563.4613 11.959 0.03
3564.47642 11.866 0.03
3672.86721 12.002 0.032
3700.83348 12.001 0.033
3704.82028 12.11 0.027
3708.81793 11.912 0.028
3713.80254 11.813 0.03
3716.84455 11.907 0.033
3720.79198 12.079 0.033
3724.80485 12.051 0.032
3727.8093 11.925 0.031
3731.81594 12.074 0.042
3734.79803 11.934 0.048
3737.78409 12.03 0.028
3743.7746 11.909 0.031
3746.7663 12.037 0.041
3749.75492 11.805 0.044
3752.76378 12.456 0.036
3757.7891 12.214 0.041
3760.72549 11.805 0.028
3763.70463 12.106 0.043
3766.70165 11.736 0.046
3769.69984 12.301 0.045
3771.75469 11.925 0.05
3774.6885 12.315 0.044
3776.65343 12.115 0.047
3778.75496 12.301 0.043
3780.7741 11.949 0.044
3783.81038 11.947 0.046
3788.6972 11.984 0.045
3790.81287 11.984 0.038
3793.6396 11.926 0.045
3793.64862 11.804 0.045
3795.75512 11.874 0.031
3797.72122 11.847 0.042
3799.7735 11.867 0.039
3802.61557 12.207 0.047
3802.63182 12.014 0.051
3804.69477 12.152 0.048
3806.69149 11.975 0.04
3809.70533 12.202 0.052
3811.73934 11.74 0.041
3813.75915 12.132 0.048
3818.61649 11.909 0.035
3820.5676 11.863 0.041
3820.65022 11.965 0.042
3822.65107 12.019 0.042
3822.699 11.886 0.048
3824.76451 11.976 0.042
3827.54641 11.981 0.035
3828.69071 11.864 0.035
3829.58567 11.951 0.036
3831.58718 11.999 0.035
3833.59549 12.022 0.046
3835.60778 11.75 0.05
3836.70001 11.93 0.05
3837.64551 12.094 0.044
3848.68135 11.866 0.064
3850.69005 12.356 0.041
3850.6965 12.233 0.035
3852.70272 11.868 0.033
3853.49695 11.841 0.027
3859.68156 11.85 0.039
3860.53404 12.144 0.034
3861.66113 12.21 0.033
3862.53027 11.862 0.04
3863.62387 12.097 0.038
3864.55905 12.099 0.038
3865.64144 11.867 0.037
3866.57401 11.834 0.044
3868.53583 11.949 0.041
3868.59904 12.059 0.04
3870.53836 12.215 0.031
3870.59737 11.928 0.038
3872.55554 12.515 0.033
3872.60259 12.045 0.031
3876.56666 11.818 0.028
3882.51571 11.985 0.039
3882.56579 11.838 0.031
3886.57767 11.833 0.026
3890.57446 11.957 0.027
3892.58286 11.734 0.062
3897.47028 12.245 0.037
3897.47341 12.234 0.034
3899.53942 12.085 0.062
3899.54256 12.083 0.042
3901.56374 11.924 0.03
3902.47345 12.257 0.029
3904.48997 11.85 0.036
3904.51264 11.903 0.031
3906.50425 12.281 0.036
3906.53255 12.048 0.031
3908.51529 11.861 0.032
4090.79418 11.988 0.033
4104.74867 11.81 0.047
4106.80732 12.409 0.041
4111.86875 11.91 0.042
4126.781 12.066 0.03
4128.80401 11.861 0.03
4131.70307 11.862 0.032
4133.75701 12.372 0.049
4135.7922 11.867 0.034
4137.76411 12.157 0.034
4146.71767 11.876 0.047
4149.8127 11.843 0.042
4152.65791 12.034 0.04
4156.70026 11.847 0.045
4158.72502 11.993 0.049
4160.71084 12.078 0.066
4162.71945 11.976 0.052
4164.74408 12.214 0.055
4167.69229 11.805 0.043
4172.74483 11.921 0.031
4174.78418 11.924 0.031
4177.71315 11.868 0.043
4180.6286 11.841 0.045
4182.66123 11.951 0.057
4184.65925 11.912 0.037
4190.67914 12.171 0.052
4192.69003 11.853 0.035
4194.73137 12.375 0.057
4197.72363 11.807 0.055
4200.63174 11.839 0.029
4203.64029 11.929 0.045
4205.64121 11.995 0.036
4208.71167 11.875 0.048
4215.66682 12.1 0.034
4227.63918 12.289 0.03
4229.6448 11.909 0.029
4233.65191 11.992 0.028
4235.64933 11.841 0.03
4238.54545 11.754 0.046
4247.52257 11.898 0.029
4250.52961 12.219 0.042
4254.54889 11.949 0.065
4257.51467 11.753 0.062
4257.52024 11.934 0.044
4259.53101 12.247 0.043
4259.53658 11.946 0.039
4268.53873 11.98 0.064
4271.49166 12.287 0.042
4274.54387 11.94 0.033
4278.49424 12.003 0.029
4283.49981 11.977 0.047
4285.5139 11.887 0.051
4291.49608 12.059 0.031
4294.45879 11.902 0.032
4296.46762 11.943 0.037
4299.45969 11.922 0.032
4301.46607 11.845 0.045
4409.85578 12.388 0.035
4423.82551 11.705 0.042
4428.82838 11.896 0.043
4432.81224 11.949 0.037
4435.83795 12.215 0.036
4439.80928 11.904 0.041
4443.8098 11.869 0.035
4454.83677 11.87 0.048
4457.81456 11.919 0.037
4460.80289 11.93 0.045
4463.80366 11.878 0.032
4466.81573 12.357 0.04
4469.78913 11.855 0.041
4473.78661 12.009 0.058
4477.77792 12.179 0.04
4484.7579 11.974 0.048
4486.78507 11.987 0.043
4489.73088 12.181 0.038
4494.70515 12.23 0.034
4497.81918 12.153 0.038
4500.6996 12.116 0.053
4505.68659 12.286 0.038
4507.73335 11.84 0.04
4510.66863 12.07 0.044
4512.71624 11.868 0.05
4516.65807 12.405 0.052
4518.73357 11.929 0.038
4520.78443 11.804 0.046
4522.8403 12.032 0.03
4525.63793 12.23 0.044
4527.67783 11.883 0.034
4529.72533 12.269 0.031
4531.76604 11.809 0.049
4535.62921 11.841 0.034
4537.67592 11.971 0.028
4539.67399 11.826 0.054
4541.67299 12.315 0.031
4543.67472 11.785 0.045
4545.70096 12.207 0.051
4547.72973 11.851 0.048
4554.73128 12.242 0.048
4559.57797 12.204 0.034
4561.63955 11.945 0.034
4563.66753 11.921 0.033
4565.72409 12.256 0.034
4570.56032 12.074 0.029
4572.57932 11.952 0.036
4574.60346 12.277 0.041
