1868.85455 12.868 0.036
1870.804 12.438 0.037
1872.7995 12.51 0.033
1874.79236 12.71 0.038
1876.79395 12.467 0.034
1878.78362 12.404 0.035
1880.78337 12.672 0.042
1884.79103 12.561 0.029
1888.75283 12.891 0.038
1899.79408 12.882 0.032
1900.86074 12.576 0.034
1903.7131 12.78 0.032
1904.83811 12.459 0.029
1905.82039 12.5 0.03
1906.84024 12.555 0.028
1907.80058 12.736 0.029
1913.76441 12.687 0.027
1914.76871 12.997 0.028
1919.70599 12.868 0.037
1920.75193 12.621 0.032
1921.76055 13.008 0.034
1922.74987 12.827 0.031
1924.74418 12.455 0.034
1925.74507 12.338 0.074
1926.74157 12.455 0.03
1928.7389 12.684 0.029
1929.73721 12.921 0.028
1930.73486 12.633 0.027
1931.72961 12.46 0.051
1932.72729 12.428 0.027
1933.73003 12.499 0.028
1934.72409 12.541 0.028
1935.765 12.484 0.028
1938.66687 12.453 0.03
1939.71928 12.331 0.027
1940.7633 12.544 0.029
1945.72799 12.879 0.029
1946.72745 12.725 0.033
1948.66522 12.428 0.038
1949.70189 12.462 0.036
1950.68168 12.747 0.033
1953.68385 12.643 0.032
1954.68602 12.636 0.041
1955.67884 12.476 0.034
1958.663 12.837 0.032
1961.70174 13.046 0.032
1962.693 12.615 0.034
1963.66551 12.458 0.034
1964.66206 12.565 0.031
1965.6552 12.686 0.033
1966.65749 12.773 0.034
1967.65207 12.856 0.035
1968.64728 12.64 0.036
1970.7039 12.829 0.037
1977.62755 12.636 0.052
1979.62522 12.611 0.052
1980.62873 12.704 0.05
1981.6329 12.861 0.041
1982.62042 12.82 0.039
1984.61206 12.457 0.046
1985.61566 12.64 0.044
1994.54411 12.96 0.044
2025.4944 12.853 0.03
2027.49867 12.663 0.034
2032.49517 12.789 0.034
2034.49836 13.047 0.052
2038.4753 12.528 0.035
2040.6117 12.916 0.044
2053.4577 12.388 0.034
2053.4577 12.41 0.034
2055.46771 12.727 0.035
2057.47378 12.742 0.032
2059.49125 12.664 0.041
2064.46736 12.861 0.043
2068.4649 12.478 0.034
2070.49727 12.447 0.035
2070.49727 12.528 0.035
2080.50095 12.523 0.029
2083.48871 13.04 0.035
2086.5138 12.511 0.034
2184.87797 12.693 0.051
2190.87371 12.685 0.041
2192.87264 12.728 0.042
2194.87314 12.763 0.042
2197.86142 12.578 0.039
2199.86886 12.311 0.045
2201.86663 12.8 0.039
2206.83515 12.7 0.041
2212.84316 12.421 0.042
2216.83424 12.894 0.048
2224.85276 12.799 0.044
2228.8137 12.464 0.045
2230.81253 12.949 0.045
2233.78282 12.506 0.042
2235.79432 12.383 0.042
2237.79409 12.769 0.045
2244.78288 12.64 0.054
2248.74094 12.583 0.049
2250.76291 12.8 0.048
2253.75746 13.199 0.052
2258.77641 12.842 0.054
2445.47345 12.481 0.028
2445.47345 12.61 0.028
2464.46566 12.873 0.026
2468.45744 12.457 0.028
2545.87863 12.546 0.037
2545.87863 12.555 0.033
2557.8697 12.715 0.031
2561.85963 12.432 0.031
2565.86806 12.673 0.036
2578.86691 12.526 0.047
2622.73053 12.453 0.034
2624.78924 12.492 0.043
2627.82128 12.681 0.035
2628.77108 12.6 0.036
2634.82091 12.526 0.041
2635.76185 12.708 0.037
2636.85907 12.507 0.046
2639.77535 12.525 0.032
2642.76994 12.428 0.035
2642.76994 12.435 0.035
2645.75345 12.517 0.024
2647.7705 12.418 0.044
2652.76467 12.726 0.029
2655.72944 12.509 0.041
2662.76126 12.541 0.026
2664.75709 12.73 0.048
2666.75033 12.671 0.028
2670.76134 12.549 0.035
2672.75023 12.411 0.027
2674.73804 12.629 0.025
2676.729 12.7 0.034
2678.71323 12.533 0.035
2680.71304 12.505 0.036
2684.65996 12.519 0.033
2685.78368 12.74 0.036
2689.69511 12.928 0.036
2693.70995 12.639 0.045
2695.6795 12.511 0.031
2697.68573 12.72 0.026
2699.68101 12.769 0.025
2701.67905 12.45 0.026
2705.66727 12.799 0.029
2707.66582 12.536 0.026
2711.82359 12.55 0.032
2713.69156 12.595 0.033
2714.79428 12.658 0.037
2717.66352 12.568 0.041
2719.73329 12.536 0.04
2719.73329 12.693 0.04
2721.6826 12.627 0.028
2722.80034 12.633 0.037
2724.68545 12.798 0.031
2726.67001 12.533 0.024
2728.65666 12.579 0.025
2732.74106 12.698 0.029
2734.59413 12.849 0.028
2736.56917 12.514 0.03
2737.77322 12.644 0.029
2739.6885 12.738 0.029
2741.6442 12.553 0.031
2742.75303 12.913 0.046
2744.63681 12.608 0.031
2747.69687 12.631 0.037
2751.56654 12.701 0.028
2754.56719 12.481 0.024
2760.57553 12.72 0.024
2762.57156 12.454 0.032
2764.55606 12.543 0.026
2766.61362 12.421 0.027
2770.60804 12.652 0.029
2775.50214 12.628 0.034
2776.6082 12.599 0.033
2784.52972 12.586 0.03
2786.52774 12.463 0.029
2789.52372 12.914 0.033
2791.55132 12.881 0.027
2794.51085 12.492 0.027
2797.5033 12.742 0.053
2804.47757 13.072 0.04
2811.49227 12.604 0.026
2813.49263 12.848 0.027
2821.48185 12.839 0.029
2826.47107 12.606 0.03
2830.47197 12.738 0.035
2832.48872 12.596 0.033
2834.49218 12.539 0.039
2836.49451 12.556 0.031
2841.46466 12.494 0.033
2843.4731 12.586 0.04
2910.89339 12.525 0.053
2927.85888 12.478 0.036
2931.85961 12.953 0.033
2934.86272 12.577 0.03
2940.8607 12.83 0.032
2944.82165 12.788 0.061
2951.82746 12.621 0.034
2955.81916 12.726 0.036
2958.83232 12.444 0.037
2962.81078 12.978 0.043
2965.82736 12.527 0.04
2968.83131 12.512 0.039
2975.78559 12.622 0.03
2977.82101 12.556 0.052
2980.79296 12.665 0.034
2986.82046 12.912 0.031
2989.81557 12.765 0.038
2992.80586 12.708 0.043
2998.78457 12.591 0.037
3005.77681 12.526 0.032
3007.80091 12.621 0.028
3010.74428 12.535 0.042
3013.74638 12.639 0.036
3016.80432 12.498 0.033
3018.82187 12.665 0.06
3023.78489 12.364 0.03
3030.71407 12.659 0.044
3035.68925 12.376 0.044
3042.72787 12.745 0.046
3044.75846 12.706 0.033
3047.69735 12.75 0.034
3050.66846 12.42 0.029
3052.81195 12.797 0.03
3057.68984 12.732 0.03
3059.72887 12.699 0.036
3061.78349 12.795 0.033
3064.61661 12.413 0.054
3067.66605 12.44 0.031
3069.68069 12.643 0.043
3071.71106 12.697 0.053
3073.76178 12.593 0.04
3075.76293 12.766 0.035
3077.8127 12.854 0.057
3086.62806 12.775 0.031
3088.63382 12.592 0.032
3090.64658 12.506 0.042
3092.63689 12.573 0.032
3096.61759 12.568 0.032
3098.63002 12.641 0.04
3100.64155 12.627 0.039
3102.64585 12.698 0.038
3104.65966 12.712 0.044
3106.65403 12.691 0.035
3108.65966 12.458 0.037
3110.65144 12.538 0.033
3112.6601 12.913 0.029
3114.71631 12.89 0.033
3116.72406 12.55 0.034
3121.5158 12.859 0.037
3123.54296 12.849 0.03
3125.56875 12.744 0.034
3127.60302 12.603 0.037
3129.64998 12.674 0.046
3131.63982 12.419 0.043
3133.6408 12.583 0.033
3144.65092 12.791 0.033
3153.48028 12.68 0.048
3154.61356 12.636 0.034
3158.54546 12.571 0.041
3160.559 12.381 0.046
3163.56506 12.526 0.031
3165.56962 12.679 0.034
3168.57293 12.482 0.032
3171.57878 12.518 0.044
3175.56795 12.521 0.033
3178.53789 12.604 0.034
3182.53724 12.553 0.038
3186.50488 12.773 0.038
3189.52214 12.797 0.049
3276.89261 12.486 0.06
3356.81032 12.528 0.04
3363.82413 12.592 0.05
3372.82553 12.425 0.05
3380.83646 12.544 0.046
3386.73284 12.476 0.044
3388.79998 12.346 0.051
3391.72312 12.516 0.045
3393.78402 12.524 0.048
3393.78402 12.566 0.051
3394.76684 12.601 0.04
3397.69985 12.8 0.045
3399.75462 12.766 0.041
3404.76665 12.454 0.041
3409.72398 12.679 0.058
3411.79033 12.51 0.059
3413.78711 12.336 0.039
3415.81275 12.612 0.037
3418.6461 12.852 0.046
3420.69586 12.988 0.041
3424.72196 12.536 0.05
3426.72383 12.309 0.04
3430.74416 12.713 0.038
3440.71212 12.606 0.042
3443.83406 12.855 0.036
3445.78108 12.437 0.036
3447.81022 12.536 0.044
3450.56699 12.619 0.044
3450.75065 12.353 0.051
3452.68884 13.058 0.045
3454.73855 12.756 0.05
3456.74759 12.838 0.047
3458.74702 12.463 0.04
3460.76388 12.624 0.046
3463.53185 12.789 0.044
3465.5874 12.819 0.033
3467.76216 12.649 0.039
3470.51717 12.783 0.034
3472.56094 12.845 0.035
3474.60219 12.864 0.045
3476.66649 12.742 0.043
3478.65441 12.507 0.043
3480.6495 12.445 0.054
3482.6568 12.407 0.054
3489.54069 12.632 0.036
3495.55544 12.638 0.037
3497.60934 12.594 0.034
3502.62504 12.656 0.046
3511.57916 12.68 0.038
3511.57916 12.75 0.038
3521.55517 12.745 0.044
3523.55771 12.804 0.046
3525.58462 12.524 0.034
3529.59378 12.651 0.057
3538.49888 12.406 0.037
3543.54454 12.666 0.058
3547.53063 12.594 0.038
3556.50363 12.452 0.053
3560.47839 12.823 0.035
3562.48187 12.555 0.036
3564.48 12.434 0.034
3570.46395 12.389 0.038
3643.89164 12.427 0.042
3650.885 12.368 0.062
3655.87922 12.531 0.045
3659.87016 12.578 0.044
3663.8739 12.683 0.05
3671.8524 12.391 0.042
3675.84321 12.63 0.036
3702.83087 12.648 0.036
3706.80684 12.692 0.046
3713.77799 12.772 0.045
3716.81581 12.843 0.046
3719.81993 12.469 0.045
3726.79792 12.523 0.048
3730.81207 12.715 0.059
3733.82353 12.774 0.034
3736.77945 12.52 0.04
3739.78045 12.873 0.045
3742.77865 12.66 0.046
3745.76275 12.458 0.047
3748.75035 13.253 0.054
3751.73949 12.472 0.054
3754.72134 12.599 0.048
3756.78847 13.09 0.053
3759.71539 12.565 0.05
3762.70184 12.704 0.045
3768.6874 12.68 0.047
3770.8078 12.386 0.057
3773.68373 12.423 0.05
3775.73091 12.353 0.054
3780.65628 12.483 0.054
3783.70571 12.673 0.056
3789.76287 12.624 0.047
3792.66851 12.791 0.046
3794.71777 12.885 0.049
3796.8298 12.376 0.035
3799.61813 12.714 0.047
3801.65964 12.716 0.043
3803.83589 12.557 0.068
3805.77022 12.722 0.054
3808.72735 12.432 0.055
3810.79516 12.407 0.056
3813.57261 12.745 0.047
3815.61916 12.661 0.05
3817.64421 12.696 0.042
3819.66334 12.456 0.046
3821.73008 12.813 0.043
3823.75344 12.735 0.056
3825.77275 12.405 0.065
3828.54883 12.589 0.045
3828.54883 12.658 0.045
3830.60631 12.811 0.044
3832.62266 12.563 0.049
3832.62266 12.643 0.049
3834.61268 12.524 0.044
3836.64572 12.43 0.056
3847.5578 12.563 0.057
3849.6089 12.573 0.037
3851.60674 12.509 0.035
3853.6173 12.466 0.034
3856.5314 12.263 0.052
3858.63161 12.669 0.05
3860.64103 12.376 0.043
3862.58694 12.686 0.038
3864.61238 12.74 0.04
3866.62446 12.812 0.05
3868.6668 12.685 0.057
3870.66103 12.48 0.05
3872.65912 12.671 0.044
3876.61276 12.326 0.038
3882.56929 12.497 0.036
3886.56971 12.662 0.037
3886.56971 12.717 0.037
3890.56739 12.486 0.04
3896.5752 12.655 0.052
3899.50404 12.827 0.059
3901.5352 12.798 0.036
3903.55649 13.039 0.036
3905.546 12.477 0.037
3907.54684 12.465 0.038
4090.77256 12.415 0.044
4103.82016 12.351 0.044
4106.76757 12.509 0.05
4109.84877 12.737 0.043
4125.7228 12.48 0.034
4127.77577 12.537 0.034
4130.69462 12.35 0.04
4132.7489 12.476 0.042
4134.78609 12.565 0.055
4136.80421 12.337 0.054
4145.80774 12.527 0.048
4149.68392 12.729 0.049
4151.73013 12.71 0.036
4153.71312 12.599 0.037
4157.81068 12.586 0.045
4160.61818 12.321 0.039
4162.66558 12.54 0.047
4164.68953 12.589 0.051
4167.64661 12.568 0.038
4172.68994 12.543 0.041
4174.70303 12.52 0.04
4176.78357 12.36 0.045
4179.73214 12.578 0.05
4181.74291 12.624 0.066
4183.76587 12.522 0.056
4185.80096 12.493 0.049
4189.63262 12.971 0.037
4191.6542 12.691 0.051
4193.68684 12.675 0.048
4196.72472 12.529 0.076
4202.52572 12.615 0.039
4204.64049 12.61 0.047
4213.5491 12.396 0.035
4216.59956 12.385 0.04
4228.57822 12.829 0.036
4230.58183 12.622 0.042
4232.58529 12.361 0.054
4234.58707 12.455 0.036
4238.61116 12.908 0.054
4247.53108 12.441 0.034
4250.53742 12.689 0.039
4254.53876 12.557 0.045
4256.59931 12.664 0.038
4259.50448 12.799 0.054
4267.48456 12.52 0.042
4269.51894 12.576 0.034
4274.54711 12.502 0.037
4278.49753 12.404 0.037
4282.49958 12.856 0.073
4284.52466 12.766 0.055
4286.51862 12.438 0.051
4293.47447 12.502 0.035
4295.47551 12.57 0.035
4297.47811 12.998 0.052
4299.47141 12.529 0.04
4301.47777 12.355 0.055
4306.46297 12.786 0.041
4364.90076 12.53 0.059
4379.88642 12.31 0.053
4384.881 12.63 0.049
4408.85131 12.725 0.049
4413.86448 12.404 0.054
4422.84884 12.806 0.055
4427.8388 12.402 0.042
4430.83773 12.82 0.056
4437.83755 12.362 0.05
4440.83427 12.813 0.047
4448.78035 12.544 0.041
4454.81893 12.949 0.064
4457.8008 12.301 0.049
4460.79489 12.542 0.054
4463.78345 12.563 0.044
4466.78938 12.482 0.045
4469.77957 13.125 0.047
4476.77487 12.953 0.075
4479.75785 12.331 0.047
4482.78161 12.739 0.055
4485.811 12.572 0.042
4492.83049 12.481 0.038
4498.78072 12.632 0.042
4501.68809 12.586 0.043
4503.7848 13.176 0.054
4506.67671 13.014 0.049
4508.7505 12.687 0.043
4515.66853 12.714 0.044
4517.72897 12.988 0.047
4519.75647 12.869 0.052
4521.79123 12.64 0.039
4524.62541 12.537 0.037
4526.66747 12.486 0.044
4528.71809 12.42 0.061
4530.81241 12.721 0.042
4536.69312 12.531 0.035
4538.73569 12.492 0.046
4540.79234 12.481 0.054
4542.68294 12.418 0.056
4546.71448 12.263 0.055
4548.72451 12.618 0.053
4553.69095 12.446 0.043
4553.69095 12.501 0.043
4555.70268 12.553 0.039
4557.75457 12.506 0.041
4560.5793 12.779 0.037
4562.62647 12.809 0.044
4564.7116 12.59 0.039
4566.71257 12.807 0.041
4568.72747 12.857 0.042
4571.52106 12.49 0.042
4573.56307 12.461 0.049
