1869.84215 11.783 0.056
1871.83766 12.01 0.071
1873.83958 11.985 0.062
1875.82735 12.144 0.068
1877.81936 12.416 0.056
1879.8177 12.631 0.05
1881.81335 12.709 0.046
1885.78226 13.057 0.042
1887.79508 13.009 0.064
1889.79565 13.212 0.057
1899.8333 13.903 0.03
1902.79614 13.777 0.039
1904.7811 13.975 0.041
1906.77622 14.159 0.032
1908.77063 14.31 0.037
1913.80397 14.438 0.029
1915.75715 14.335 0.042
1918.72102 15.408 0.049
1920.84974 14.52 0.037
1922.83636 14.622 0.027
1924.78858 14.737 0.039
1928.79043 15.07 0.039
1993.65678 12.67 0.064
1994.63639 12.845 0.058
1995.63201 12.475 0.068
1996.62836 12.602 0.071
1997.63124 12.699 0.069
1998.62852 12.546 0.075
2000.62088 12.31 0.069
2025.5293 10.713 0.041
2026.56812 10.649 0.048
2030.54237 10.34 0.06
2031.55424 10.29 0.06
2032.55342 10.308 0.051
2033.54709 10.249 0.047
2038.57975 10.032 0.056
2052.4912 9.984 0.067
2056.49588 10.113 0.061
2058.47682 10.23 0.057
2064.46423 10.336 0.069
2067.54234 10.474 0.056
2069.51066 10.577 0.05
2071.50309 10.799 0.052
2080.46373 11.28 0.041
2082.49278 11.379 0.056
2085.50869 11.437 0.036
2087.50426 11.626 0.053
2094.48402 12.043 0.059
2096.50719 12.09 0.064
2104.47259 12.677 0.05
2214.8594 12.431 0.056
2216.86985 12.054 0.064
2222.8361 11.675 0.05
2225.84162 11.535 0.05
2227.84567 11.473 0.053
2229.84359 11.311 0.051
2232.8487 11.106 0.051
2234.83372 10.976 0.049
2236.83804 10.926 0.056
2239.84035 10.609 0.056
2241.82485 10.477 0.051
2243.82337 10.377 0.061
2247.83687 10.254 0.064
2249.81205 10.189 0.056
2251.8081 10.201 0.061
2254.85566 10.161 0.068
2443.50705 10.687 0.029
2453.48241 10.316 0.028
2465.4692 10.122 0.03
2468.47724 10.12 0.031
2483.48527 10.4 0.059
2622.78563 12.997 0.026
2624.82951 12.781 0.027
2628.77679 12.516 0.037
2632.84691 12.29 0.032
2635.78141 11.948 0.031
2638.80585 11.847 0.034
2641.82072 11.608 0.022
2644.80059 11.405 0.027
2650.75733 10.983 0.029
2652.77276 10.844 0.037
2655.7876 10.593 0.028
2658.78122 10.332 0.023
2660.79671 10.17 0.031
2662.78992 10.002 0.02
2664.7862 9.903 0.022
2666.78922 9.83 0.024
2669.74666 9.757 0.026
2671.78215 9.743 0.024
2673.79042 9.726 0.024
2675.76084 9.75 0.023
2677.742 9.761 0.022
2679.7139 9.741 0.028
2679.72278 9.762 0.026
2683.723 9.842 0.024
2685.71516 9.876 0.03
2689.75327 9.98 0.028
2691.74852 10.045 0.028
2693.77004 10.127 0.026
2695.74012 10.168 0.028
2697.84411 10.255 0.024
2699.74132 10.343 0.024
2701.73712 10.431 0.034
2703.73303 10.499 0.026
2705.72555 10.628 0.033
2707.72213 10.743 0.026
2709.69358 10.877 0.026
2711.66109 10.983 0.026
2712.79437 11.014 0.031
2714.64522 11.156 0.029
2715.81101 11.214 0.031
2719.62052 11.456 0.027
2723.81906 11.73 0.039
2725.67802 11.906 0.023
2727.67169 12.073 0.026
2728.82426 12.151 0.039
2730.68803 12.244 0.024
2734.64182 12.583 0.025
2736.62476 12.796 0.023
2738.61098 12.915 0.023
2739.80474 12.979 0.03
2741.67495 12.966 0.038
2743.63433 13.275 0.032
2744.77173 13.22 0.033
2754.58025 13.775 0.022
2756.5797 14.083 0.019
2760.58867 14.221 0.026
2812.52457 14.689 0.03
2820.57467 13.842 0.025
2826.47686 13.49 0.029
2829.54028 13.226 0.032
2832.47601 13.097 0.029
2834.48174 12.78 0.03
2836.48403 12.726 0.029
2839.48314 12.571 0.03
2842.49252 12.616 0.034
2845.48878 12.576 0.029
2851.48389 12.46 0.023
2854.48669 12.426 0.027
2858.48773 12.299 0.027
2861.47173 12.156 0.028
2866.46638 11.868 0.03
2927.8813 11.208 0.044
2944.85809 12.606 0.038
2948.85995 12.908 0.031
2957.83888 13.798 0.027
2961.84556 13.872 0.024
2965.83593 14.094 0.025
3036.7575 14.34 0.03
3049.71533 13.93 0.025
3052.7063 13.579 0.025
3054.75767 13.791 0.031
3057.68448 13.265 0.024
3059.75557 13.301 0.04
3061.78861 13.03 0.038
3064.67678 13.2 0.025
3067.71551 12.809 0.023
3069.72661 12.87 0.029
3071.74527 12.674 0.028
3073.78873 12.493 0.027
3075.80443 12.327 0.028
3078.63629 12.249 0.024
3080.69149 12.136 0.043
3082.72298 12.111 0.032
3086.71254 11.918 0.033
3088.72041 11.825 0.03
3090.74313 11.848 0.034
3092.71205 11.774 0.028
3096.69093 11.53 0.029
3098.6936 11.438 0.026
3100.7229 11.284 0.031
3102.72994 11.251 0.029
3104.74851 11.12 0.028
3106.74863 11.035 0.027
3108.74831 10.989 0.024
3111.5468 10.955 0.022
3113.59568 10.932 0.025
3115.60954 10.859 0.028
3116.59719 10.897 0.03
3118.679 11.057 0.027
3122.58016 10.999 0.026
3124.60404 11.066 0.023
3126.62129 11.162 0.028
3127.73143 11.191 0.036
3129.73861 11.275 0.03
3132.52233 11.389 0.023
3134.54701 11.492 0.025
3142.5726 11.91 0.03
3145.59965 12.161 0.024
3153.48995 12.706 0.033
3154.62779 12.724 0.026
3158.55719 13.108 0.031
3160.56855 13.275 0.033
3163.57679 13.411 0.028
3165.5791 13.498 0.031
3168.58782 13.686 0.026
3171.59046 13.877 0.027
3175.57734 14.52 0.025
3177.57787 14.315 0.024
3357.81708 11.702 0.06
3380.86669 13.055 0.054
3387.77553 13.622 0.046
3390.77574 13.891 0.035
3396.79043 14.153 0.043
3398.8074 14.217 0.042
3404.79797 14.707 0.04
3407.73121 14.855 0.032
3416.77323 15.031 0.033
3447.69019 14.438 0.041
3454.71202 13.854 0.067
3456.72781 13.778 0.052
3458.71155 13.207 0.069
3460.71227 12.992 0.03
3463.58843 12.626 0.04
3465.62948 12.828 0.081
3468.62067 12.668 0.047
3470.64347 12.298 0.038
3472.64496 12.013 0.071
3474.67425 12.026 0.027
3476.73806 11.865 0.055
3478.71292 11.682 0.063
3480.7043 11.657 0.092
3482.71331 11.704 0.06
3484.75239 11.419 0.076
3489.56649 11.329 0.032
3495.58209 11.042 0.04
3502.65121 10.49 0.078
3504.68302 10.536 0.043
3508.68757 10.762 0.027
3511.59373 10.256 0.04
3517.60949 10.099 0.05
3520.67609 10.14 0.035
3523.50973 10.134 0.059
3525.55842 10.168 0.027
3529.57813 10.187 0.04
3538.50629 10.539 0.04
3543.55105 10.581 0.036
3547.53703 10.787 0.029
3552.50486 10.927 0.036
3561.48871 11.332 0.054
3563.50877 11.55 0.034
3569.52776 11.868 0.031
3574.46055 12.171 0.04
3577.49042 12.388 0.043
3583.48813 12.513 0.07
3586.48712 12.85 0.034
3589.47425 13.117 0.035
3592.46949 13.328 0.053
3671.87008 12.724 0.037
3699.83812 11.389 0.053
3703.82372 11.18 0.046
3707.81177 10.949 0.056
3713.83055 10.46 0.047
3721.82842 9.931 0.045
3725.8073 9.995 0.036
3728.83329 9.871 0.035
3732.80432 9.967 0.062
3735.848 9.884 0.036
3738.83767 9.892 0.052
3741.8208 10.034 0.038
3744.83998 10.216 0.044
3747.8414 10.263 0.062
3750.80426 10.353 0.063
3753.78394 10.68 0.072
3756.77211 10.691 0.044
3759.76724 10.819 0.055
3762.76224 10.993 0.063
3765.75614 11.147 0.055
3768.74045 11.398 0.058
3771.72954 11.55 0.059
3774.72774 11.874 0.051
3776.78318 11.901 0.047
3779.70792 12.198 0.057
3787.74494 12.87 0.033
3789.79401 12.956 0.085
3792.69077 13.079 0.061
3794.74009 13.339 0.034
3796.8646 13.553 0.044
3799.66693 13.734 0.044
3801.70847 13.857 0.048
3804.64593 14.357 0.044
3806.69684 14.028 0.057
3811.74673 14.274 0.064
3816.61736 14.768 0.048
3858.56979 14.95 0.044
3864.60238 14.375 0.042
3868.6508 14.341 0.068
3870.64507 13.971 0.047
3872.64227 14.349 0.086
3876.6064 14.112 0.067
3879.65179 14.027 0.059
3881.66816 13.729 0.033
3886.47548 13.513 0.037
3890.51528 13.3 0.05
3892.5307 13.136 0.048
3894.61177 13.205 0.031
3900.5403 13.035 0.048
3902.57274 12.969 0.036
3904.5914 12.926 0.052
3906.60813 12.85 0.057
3908.60043 12.633 0.059
4091.79256 14.244 0.089
4105.82507 13.216 0.034
4109.83279 12.921 0.045
4127.75752 12.083 0.06
4133.73722 11.703 0.082
4135.7991 11.507 0.038
4137.78546 11.286 0.045
4147.70482 10.7 0.036
4152.76685 10.646 0.041
4154.80899 10.604 0.076
4157.68628 10.732 0.059
4159.73317 10.636 0.044
4161.7295 10.708 0.041
4163.73482 10.697 0.057
4165.7698 10.757 0.042
4168.78144 10.898 0.067
4173.74687 10.941 0.044
4180.82008 11.128 0.069
4183.62418 11.383 0.058
4185.66515 11.362 0.05
4188.73164 11.483 0.039
4190.73635 11.637 0.058
4194.759 11.795 0.054
4197.75363 11.851 0.064
4200.69187 12.138 0.029
4203.69216 12.274 0.052
4205.69682 12.506 0.059
4208.76197 12.633 0.061
4213.58087 12.965 0.045
4216.62253 13.41 0.049
4228.59354 14.182 0.047
4230.59373 14.084 0.044
4232.59501 14.231 0.044
4234.59749 14.162 0.054
4286.47795 14.78 0.055
4294.50772 13.561 0.034
4296.50178 13.235 0.035
4298.51383 12.969 0.047
4300.47662 12.723 0.051
4304.47745 12.476 0.032
4306.51316 12.434 0.031
4311.48944 12.115 0.031
4317.493 11.937 0.04
4410.86312 11.519 0.044
4429.83278 13.174 0.04
4433.82585 13.488 0.039
4436.84336 13.694 0.041
4440.81955 14.107 0.034
4486.74243 14.767 0.048
4499.70907 13.901 0.052
4505.72501 13.767 0.041
4507.80291 13.895 0.038
4510.71379 13.511 0.048
4512.75614 13.658 0.041
4516.669 13.151 0.06
4520.79868 13.203 0.035
4523.67264 13.1 0.031
4525.72757 13.072 0.048
4527.73388 12.911 0.052
4529.80455 12.705 0.033
4532.65654 12.574 0.044
4535.76207 12.363 0.04
4537.7554 12.199 0.036
4539.79499 12.176 0.065
4541.77588 11.952 0.051
4543.81774 11.828 0.038
4545.74155 11.753 0.061
4547.75941 11.576 0.042
4552.72429 11.387 0.058
4554.75334 11.396 0.039
4559.59085 11.293 0.047
4561.65482 11.14 0.035
4563.67906 11.062 0.045
4565.7394 11.018 0.034
4567.77749 11.026 0.051
4570.5582 10.979 0.031
4572.59934 10.888 0.032
4574.62471 10.897 0.042
