1887.80336 10.147 0.087
1889.80387 10.046 0.081
1899.84343 10.295 0.06
1918.7309 10.076 0.083
1919.80673 10.021 0.069
1921.75049 10.064 0.075
1924.80532 10.07 0.072
1925.80292 10.126 0.074
1926.7904 10.176 0.071
1929.83012 10.096 0.065
1930.83833 10.042 0.064
1931.83532 10.316 0.062
1936.7463 10.379 0.063
1938.7332 10.077 0.063
1940.74423 10.066 0.063
1945.80171 10.157 0.055
1947.73239 10.408 0.066
1948.75168 10.096 0.067
1949.80255 10.077 0.068
1950.72628 10.166 0.067
1953.73086 10.129 0.056
1954.71585 9.976 0.058
1954.74036 9.885 0.056
1955.7281 10.257 0.056
1958.719 10.324 0.06
1961.71538 10.135 0.056
1962.74703 10.077 0.064
1963.71497 10.384 0.063
1964.71156 10.112 0.057
1965.71371 10.105 0.059
1967.69717 10.091 0.063
1968.70136 10.161 0.064
1971.71578 10.223 0.076
1977.66676 10.145 0.073
1978.70658 10.101 0.08
1979.67556 10.409 0.074
1980.68108 10.116 0.077
1981.68704 10.11 0.071
1982.66598 10.281 0.065
1984.67802 10.172 0.08
1985.66595 10.25 0.081
2054.4873 10.187 0.082
2093.53581 10.142 0.075
2216.84982 10.588 0.061
2216.84982 10.765 0.061
2225.82839 9.979 0.059
2227.83238 10.02 0.067
2232.8304 10.19 0.061
2232.8553 10.124 0.066
2234.8202 10.105 0.061
2234.84028 9.929 0.061
2236.82445 9.979 0.071
2236.84453 9.902 0.068
2241.81113 9.96 0.065
2241.83123 9.908 0.066
2441.49243 10.103 0.055
2443.48807 10.059 0.058
2445.49915 10.128 0.063
2453.4591 10.113 0.059
2456.46907 10.067 0.059
2463.49788 10.221 0.065
2465.51642 10.085 0.055
2467.50856 10.027 0.062
2469.50655 10.091 0.062
2473.47276 10.038 0.052
2482.52557 10.301 0.07
2489.47306 10.039 0.061
2495.4796 10.14 0.062
2502.48704 10.1 0.059
2503.50558 10.134 0.068
2508.48361 10.063 0.057
2512.48236 10.248 0.063
2622.78919 10.112 0.074
2624.83808 10.145 0.071
2634.8504 10.0 0.073
2637.82901 10.049 0.074
2641.79376 10.118 0.072
2644.8175 10.049 0.073
2651.79264 10.261 0.067
2657.76808 10.233 0.067
2659.7973 10.123 0.071
2660.78363 10.058 0.038
2661.8145 10.037 0.068
2663.80975 10.091 0.069
2667.83116 10.058 0.071
2670.77713 10.172 0.067
2672.82832 10.044 0.071
2674.81555 10.071 0.069
2676.77178 10.143 0.069
2678.76513 10.258 0.069
2680.75841 10.026 0.07
2684.70769 10.14 0.07
2686.73188 10.176 0.071
2688.7386 10.086 0.071
2690.73862 10.064 0.071
2692.79808 10.295 0.072
2696.76335 10.034 0.07
2698.79939 10.112 0.07
2704.73796 10.014 0.076
2706.70996 10.098 0.071
2712.65801 10.028 0.075
2714.65237 10.025 0.073
2717.66678 10.022 0.07
2719.75128 10.282 0.065
2722.81362 10.399 0.074
2724.7049 10.258 0.072
2724.83805 10.014 0.042
2725.86195 10.248 0.074
2727.70937 10.307 0.072
2733.7099 10.119 0.067
2734.77909 9.999 0.075
2736.64391 9.996 0.07
2738.62352 10.087 0.069
2739.81339 10.046 0.075
2741.67825 10.029 0.07
2742.82666 10.021 0.078
2744.6594 10.016 0.069
2747.73398 9.987 0.083
2750.77148 10.013 0.08
2752.67404 10.029 0.069
2754.7717 10.297 0.072
2756.72025 10.071 0.06
2757.81214 10.234 0.08
2758.75979 10.005 0.034
2759.66357 10.367 0.071
2760.75078 10.145 0.072
2762.71002 10.246 0.08
2766.69343 10.016 0.074
2769.73425 9.967 0.042
2775.64964 10.255 0.064
2782.68157 9.948 0.045
2784.60778 10.011 0.043
2784.61068 10.086 0.069
2786.60142 10.377 0.071
2790.49173 10.054 0.078
2791.69753 10.078 0.072
2794.54762 10.222 0.069
2804.54685 10.046 0.051
2808.668 10.379 0.074
2809.54457 10.014 0.051
2810.55325 10.261 0.079
2811.543 9.996 0.032
2813.54155 10.276 0.046
2819.534 10.072 0.039
2819.54026 10.062 0.064
2821.56807 10.28 0.041
2821.57098 10.276 0.068
2826.54789 10.201 0.054
2829.57286 10.368 0.066
2831.59625 10.064 0.063
2832.48421 10.082 0.037
2833.56821 10.046 0.079
2834.48999 10.323 0.039
2835.55891 10.139 0.059
2836.49234 10.014 0.034
2838.55125 10.09 0.062
2839.49154 10.099 0.036
2841.56583 10.056 0.064
2843.54629 10.168 0.063
2853.47601 10.247 0.035
2853.47876 10.312 0.056
2855.52985 10.069 0.057
2859.48275 10.077 0.037
2859.5255 10.206 0.064
2861.49051 10.226 0.038
2861.5239 10.166 0.063
2864.51957 10.256 0.076
2867.47462 10.134 0.037
2868.49242 10.01 0.065
2875.47589 10.131 0.08
2877.48175 10.122 0.075
2949.85981 10.122 0.069
2958.84874 10.168 0.068
2962.84422 10.059 0.071
2971.83574 10.394 0.064
2975.81632 10.045 0.067
2978.82258 10.027 0.069
2981.82783 10.061 0.071
2985.80829 10.075 0.07
2988.83078 10.117 0.075
3008.81298 10.062 0.066
3011.82196 10.077 0.073
3015.82414 10.113 0.07
3018.80427 10.004 0.07
3024.86511 10.016 0.065
3031.78709 10.101 0.069
3034.76434 10.053 0.069
3037.8568 10.067 0.072
3041.77076 10.292 0.071
3043.81154 10.036 0.072
3046.75093 10.121 0.067
3049.73589 10.23 0.062
3052.73058 10.371 0.066
3054.80055 10.033 0.065
3057.7138 10.268 0.069
3059.78997 10.012 0.066
3064.78959 10.049 0.077
3066.8122 10.229 0.04
3067.74713 10.052 0.064
3069.74772 10.064 0.066
3071.76163 10.295 0.066
3072.84117 10.028 0.038
3073.81002 10.08 0.071
3076.66352 10.277 0.066
3078.71471 10.243 0.075
3080.75441 10.053 0.073
3082.81041 10.269 0.072
3086.74185 10.034 0.072
3088.76077 10.068 0.07
3089.74847 10.04 0.039
3090.79706 10.371 0.075
3091.76268 9.995 0.037
3092.74125 10.081 0.065
3096.71716 10.088 0.065
3098.70492 10.223 0.067
3100.72889 10.059 0.071
3102.65026 10.008 0.036
3102.73368 9.984 0.07
3104.66418 9.985 0.035
3104.75464 10.095 0.069
3106.65863 10.243 0.033
3106.75248 10.352 0.071
3108.66438 10.082 0.034
3108.75227 10.04 0.07
3110.65851 9.996 0.034
3110.8528 10.032 0.074
3112.67031 10.059 0.037
3113.56552 10.097 0.071
3114.72232 10.204 0.036
3115.6169 10.002 0.068
3116.72652 10.011 0.035
3118.68332 10.032 0.068
3121.61621 10.054 0.033
3122.59743 10.248 0.064
3123.61416 10.005 0.037
3124.61367 10.127 0.068
3125.63302 10.065 0.042
3126.62846 10.014 0.071
3127.648 10.182 0.044
3127.74299 10.089 0.073
3129.69304 9.97 0.039
3129.75132 10.043 0.075
3131.6984 10.045 0.038
3131.77179 10.153 0.077
3133.6993 10.493 0.038
3134.5191 10.058 0.083
3142.58262 10.04 0.07
3144.70279 10.305 0.034
3145.60983 10.031 0.066
3153.60716 10.008 0.039
3153.61038 10.033 0.073
3158.67177 10.06 0.045
3162.51163 10.243 0.033
3163.68678 10.18 0.076
3164.53086 10.035 0.034
3165.68768 10.157 0.075
3167.53633 10.291 0.035
3169.5008 10.044 0.075
3169.59229 9.987 0.035
3176.60187 10.34 0.044
3178.58881 10.097 0.076
3179.52455 10.025 0.037
3182.54542 10.078 0.07
3182.60054 10.045 0.041
3184.55429 10.25 0.071
3184.5721 10.206 0.035
3187.519 10.049 0.038
3189.63191 10.06 0.077
3190.55122 10.043 0.037
3219.51837 10.347 0.056
3355.81323 10.11 0.081
3384.7423 9.942 0.054
3386.8164 9.978 0.055
3387.77196 9.996 0.046
3389.79958 9.933 0.049
3390.7721 9.977 0.043
3392.81036 9.954 0.08
3393.82886 10.022 0.058
3395.81655 10.063 0.074
3398.77335 10.16 0.075
3400.83327 10.204 0.064
3403.81094 10.027 0.074
3406.75499 10.102 0.087
3408.81892 10.017 0.081
3411.75176 10.03 0.084
3414.72245 10.045 0.07
3423.77553 10.258 0.083
3425.7686 10.083 0.08
3427.81 10.032 0.076
3438.69574 10.015 0.067
3442.67028 10.196 0.073
3444.70726 10.108 0.074
3446.71004 10.066 0.073
3448.6778 9.996 0.043
3449.6447 10.129 0.068
3450.65997 10.12 0.072
3452.64475 10.156 0.052
3452.7877 10.042 0.058
3452.7877 9.991 0.056
3454.79946 10.028 0.048
3455.67356 10.235 0.073
3457.67594 10.051 0.072
3458.79928 10.123 0.068
3459.67396 10.041 0.067
3460.8134 10.009 0.041
3461.68562 10.127 0.072
3463.74835 10.129 0.074
3465.78094 10.021 0.072
3468.70418 10.104 0.072
3470.71614 10.048 0.068
3472.76627 10.234 0.07
3474.84835 10.027 0.075
3476.71876 10.012 0.079
3477.57564 10.054 0.075
3478.6937 9.996 0.051
3481.61768 10.043 0.074
3483.63999 10.018 0.075
3486.76694 10.103 0.071
3489.77686 10.096 0.075
3497.65797 9.996 0.063
3497.7743 10.074 0.072
3501.49082 10.088 0.084
3503.55609 10.119 0.073
3504.71135 10.263 0.064
3506.591 10.318 0.067
3509.63361 10.254 0.064
3511.65855 10.089 0.044
3511.68017 9.993 0.07
3515.68162 10.141 0.044
3515.68828 10.242 0.072
3517.66189 10.168 0.041
3521.59474 9.987 0.038
3521.59871 9.973 0.082
3523.59811 10.087 0.047
3523.60128 10.128 0.081
3525.618 10.126 0.039
3525.62121 10.11 0.078
3529.61934 10.025 0.042
3529.62258 10.03 0.083
3538.57022 10.067 0.071
3540.60794 10.033 0.044
3540.61114 10.622 0.074
3547.56023 10.148 0.034
3558.62013 10.196 0.083
3561.50776 9.986 0.053
3562.59792 10.029 0.078
3563.52286 10.17 0.037
3564.57012 9.988 0.076
3570.51878 10.08 0.037
3570.522 10.063 0.069
3574.51919 10.097 0.041
3574.52225 10.168 0.064
3576.5609 10.096 0.073
3577.52425 10.069 0.037
3584.53137 10.096 0.074
3585.48237 10.082 0.047
3587.49405 10.417 0.073
3588.49093 10.005 0.044
3589.52118 10.058 0.076
3591.47427 9.973 0.041
3592.48418 10.175 0.076
3600.50431 10.097 0.077
3607.48602 10.0 0.074
3675.86099 10.214 0.072
3680.81012 10.086 0.045
3680.84033 10.085 0.051
3702.84156 10.201 0.079
3706.83134 10.041 0.075
3725.83392 10.029 0.076
3728.85124 9.999 0.087
3732.82309 10.276 0.083
3739.82541 10.074 0.082
3742.83352 10.034 0.072
3745.84733 10.057 0.07
3748.83778 10.166 0.077
3754.80372 10.115 0.073
3757.79146 10.074 0.076
3760.78445 10.0 0.078
3766.77934 10.002 0.083
3772.75956 10.135 0.08
3775.73986 10.298 0.075
3780.7374 10.152 0.078
3783.78306 10.22 0.078
3788.77579 10.078 0.072
3791.7109 10.323 0.083
3793.75621 10.099 0.076
3795.80791 10.093 0.07
3800.7401 10.065 0.08
3802.83315 10.031 0.055
3803.6768 10.065 0.078
3805.72306 10.29 0.08
3808.71436 10.1 0.078
3810.78262 10.229 0.079
3812.85247 10.042 0.081
3815.64563 10.316 0.076
3817.69583 10.031 0.074
3819.75693 10.078 0.084
3822.61764 10.024 0.077
3824.68869 10.115 0.069
3826.69785 10.298 0.075
3831.59742 10.259 0.074
3833.64807 10.048 0.073
3835.661 10.045 0.078
3837.69798 10.362 0.056
3837.7016 10.405 0.077
3850.63235 10.131 0.083
3852.63588 10.113 0.081
3854.64434 10.031 0.077
3861.59109 10.259 0.07
3863.58901 10.047 0.082
3865.6004 10.032 0.077
3867.63494 10.103 0.044
3867.6435 10.143 0.073
3869.64196 10.177 0.076
3871.63414 10.061 0.072
3874.72634 9.988 0.079
3877.68576 10.035 0.057
3882.52396 10.162 0.083
3882.69984 10.003 0.037
3886.52461 10.048 0.071
3890.54807 10.068 0.071
3892.55457 10.02 0.072
3893.54048 10.177 0.037
3894.62268 10.175 0.06
3901.5499 10.128 0.04
3902.49437 10.081 0.076
3904.52922 10.294 0.08
3905.57613 10.058 0.047
3906.55007 10.105 0.076
3907.56698 10.362 0.039
4091.80681 10.061 0.084
4103.82654 10.407 0.075
4106.80698 10.172 0.073
4125.7817 10.161 0.074
4128.78089 10.0 0.08
4131.77181 10.577 0.086
4134.75926 9.974 0.087
4136.81491 10.153 0.072
4146.7979 10.254 0.077
4150.7416 10.044 0.081
4152.77688 10.184 0.068
4154.81255 10.108 0.076
4159.75903 10.07 0.07
4161.76026 9.992 0.08
4163.76172 10.109 0.081
4168.81376 10.414 0.071
4173.76211 10.306 0.066
4176.64685 10.119 0.076
4183.69721 10.101 0.069
4185.69712 10.02 0.066
4188.84192 10.046 0.061
4190.76156 10.084 0.065
4192.74412 10.234 0.066
4194.77167 10.084 0.074
4197.77762 10.082 0.08
4200.71038 10.411 0.061
4203.71222 10.174 0.068
4205.71771 10.135 0.072
4208.78263 10.11 0.079
4213.67685 10.153 0.066
4216.66996 10.377 0.065
4227.57726 10.154 0.06
4229.59143 10.177 0.067
4231.59579 10.051 0.068
4233.59771 10.052 0.061
4235.59674 10.239 0.073
4237.61538 10.085 0.072
4246.5543 10.115 0.06
4249.52749 10.048 0.063
4253.56225 10.099 0.058
4254.71106 10.304 0.071
4255.62243 9.997 0.041
4257.55245 10.061 0.069
4257.61727 10.097 0.05
4259.573 10.382 0.07
4259.63534 10.212 0.05
4267.60123 10.241 0.072
4269.62897 10.049 0.066
4272.58367 10.127 0.063
4274.60306 10.031 0.057
4277.59273 10.046 0.059
4282.56785 10.083 0.08
4284.58429 10.09 0.074
4290.58366 10.046 0.056
4292.54794 10.131 0.061
4294.55704 10.266 0.06
4296.54835 10.086 0.069
4298.55304 10.017 0.066
4300.512 10.08 0.072
4303.54649 10.089 0.059
4305.5335 10.278 0.058
4311.51249 10.081 0.073
4317.50818 10.05 0.062
4330.4748 10.066 0.069
4332.49885 10.203 0.071
4339.47988 10.073 0.064
4343.47844 10.147 0.07
4429.85191 10.115 0.064
4437.82029 10.049 0.067
4441.8337 10.099 0.067
4458.79883 10.201 0.076
4465.82352 10.06 0.07
4469.79153 10.126 0.068
4473.83173 10.026 0.07
4480.81557 10.098 0.072
4484.81576 10.03 0.068
4487.78791 10.138 0.067
4492.84905 10.046 0.07
4499.72232 10.055 0.068
4505.74666 10.02 0.068
4507.81877 10.086 0.069
4510.73988 10.322 0.076
4518.77576 10.071 0.067
4520.84304 10.329 0.082
4523.69507 10.063 0.063
4525.75596 10.284 0.065
4527.90096 10.026 0.083
4530.6855 10.227 0.071
4532.77084 10.02 0.063
4536.68585 10.299 0.065
4538.72221 10.077 0.068
4540.77793 10.033 0.072
4542.71339 10.053 0.076
4546.74286 10.058 0.069
4548.74325 10.051 0.072
4553.71709 10.046 0.067
4555.73254 10.282 0.066
4557.78786 10.033 0.075
4559.82928 10.048 0.07
4562.6133 10.137 0.065
4564.69087 10.019 0.063
4566.6766 10.128 0.076
4568.68844 10.273 0.069
4570.67816 10.047 0.066
4572.62869 10.021 0.065
4574.64509 10.093 0.076
