1871.84444 11.849 0.045
1873.85094 11.938 0.039
1875.83631 12.079 0.04
1877.82596 11.965 0.033
1879.82419 11.738 0.033
1881.81976 11.854 0.031
1885.78846 12.011 0.034
1887.80118 11.788 0.034
1889.80166 11.9 0.041
1899.82965 11.963 0.029
1902.79945 11.954 0.03
1904.78178 11.902 0.033
1906.77681 11.875 0.032
1908.77116 12.165 0.032
1913.81545 11.853 0.03
1915.76186 11.895 0.031
1918.7234 11.95 0.038
1919.80178 11.887 0.035
1921.74534 11.895 0.036
1922.83181 11.957 0.03
1924.80936 12.031 0.033
1925.798 12.254 0.032
1926.79446 11.907 0.031
1928.80216 11.84 0.03
1929.78564 11.843 0.028
1930.80516 11.851 0.028
1931.82767 11.853 0.029
1933.72197 12.08 0.028
1935.67186 11.997 0.028
1937.71814 11.832 0.028
1939.70333 11.945 0.028
1941.70503 12.246 0.029
1945.81402 11.855 0.028
1947.72181 11.79 0.034
1948.7541 11.94 0.036
1949.80635 12.088 0.034
1950.71888 12.076 0.034
1953.73801 11.881 0.035
1954.73451 11.992 0.037
1955.72964 11.913 0.031
1955.88863 11.935 0.032
1958.72729 12.251 0.037
1961.70107 11.874 0.034
1962.72831 11.889 0.043
1963.70979 11.902 0.038
1964.71782 11.903 0.034
1965.70169 12.017 0.038
1966.70632 12.105 0.039
1967.70089 11.985 0.043
1968.70741 11.998 0.043
1971.72866 11.993 0.057
1977.67048 11.977 0.054
1978.71099 11.881 0.057
1979.67927 11.953 0.052
1980.67586 12.074 0.054
1981.6953 12.129 0.048
1982.6697 12.19 0.042
1984.65925 11.976 0.051
1985.66067 11.949 0.051
1993.67477 11.987 0.057
1994.64297 11.905 0.052
1995.63639 11.999 0.057
1996.6374 11.903 0.056
1997.64235 12.025 0.057
2025.54599 11.938 0.035
2026.58276 11.91 0.036
2027.57238 11.812 0.03
2032.56368 12.05 0.039
2033.56198 11.879 0.032
2034.56705 11.78 0.038
2052.51085 11.853 0.038
2053.5415 11.826 0.035
2055.49079 11.98 0.041
2056.54144 12.231 0.035
2057.52638 11.937 0.036
2058.52944 11.905 0.035
2062.56104 11.697 0.072
2067.47176 11.902 0.04
2069.48599 11.858 0.038
2079.46811 11.962 0.037
2082.47571 11.844 0.034
2085.48275 11.842 0.036
2087.4761 11.902 0.032
2093.55298 11.89 0.037
2103.49307 11.899 0.035
2105.51936 12.128 0.033
2116.47794 11.894 0.04
2130.46897 11.893 0.048
2226.84565 12.085 0.043
2228.84307 12.143 0.047
2233.82613 11.937 0.044
2235.83022 12.285 0.04
2237.82994 12.029 0.047
2240.80963 11.909 0.046
2242.80906 12.119 0.055
2244.80968 12.219 0.059
2248.78966 12.039 0.052
2250.79308 12.005 0.051
2254.85704 11.966 0.059
2256.81322 12.079 0.057
2445.49479 11.936 0.026
2453.45485 11.919 0.05
2456.46484 12.207 0.051
2460.45412 11.934 0.049
2463.49375 11.932 0.027
2465.51901 12.216 0.025
2467.50211 11.928 0.023
2469.50916 11.903 0.026
2473.47544 12.175 0.03
2482.52163 12.066 0.044
2493.47177 11.896 0.032
2497.46476 12.248 0.036
2512.47142 11.951 0.037
2622.77751 11.938 0.027
2634.84319 11.989 0.028
2637.8171 12.025 0.024
2641.78653 11.866 0.027
2644.79632 12.29 0.029
2646.80834 12.037 0.046
2650.762 11.972 0.036
2652.78299 12.159 0.043
2658.79722 11.859 0.036
2660.77831 12.155 0.046
2660.79879 12.221 0.055
2662.79194 12.051 0.039
2664.80633 11.993 0.059
2666.81718 12.077 0.052
2669.7752 12.156 0.059
2671.79794 11.958 0.06
2673.81336 11.905 0.057
2675.78088 11.976 0.024
2677.75287 12.272 0.053
2679.72903 12.02 0.057
2681.72687 11.931 0.049
2683.73378 12.073 0.058
2685.72595 12.194 0.055
2689.76405 11.905 0.059
2693.78625 12.42 0.057
2695.75574 12.095 0.059
2698.69366 12.02 0.064
2700.743 12.007 0.046
2704.73497 11.972 0.059
2706.72065 12.009 0.042
2710.66455 12.221 0.026
2712.66178 11.972 0.027
2714.6471 11.808 0.03
2715.82032 11.899 0.036
2719.62477 11.998 0.028
2720.75266 11.983 0.029
2723.8527 11.836 0.054
2725.69144 11.984 0.025
2726.8717 12.353 0.037
2728.70088 11.999 0.047
2732.7775 11.923 0.031
2734.64878 12.13 0.026
2736.62952 12.046 0.054
2737.8292 11.997 0.039
2739.70564 11.865 0.046
2742.57873 12.313 0.055
2743.72935 12.161 0.03
2749.83727 11.996 0.037
2751.58684 12.179 0.053
2752.79031 11.971 0.03
2755.60365 11.926 0.043
2756.73838 11.88 0.026
2758.77827 12.121 0.027
2760.63878 12.009 0.034
2761.80405 11.89 0.031
2763.61062 11.962 0.057
2764.71155 11.926 0.03
2766.70212 12.035 0.035
2775.73498 12.282 0.053
2783.58579 12.195 0.06
2785.5853 12.025 0.051
2787.55864 11.999 0.054
2790.58165 11.91 0.059
2791.72115 12.248 0.031
2794.5635 11.934 0.033
2797.54235 11.965 0.077
2804.59626 11.909 0.045
2809.59693 12.006 0.037
2811.58304 11.876 0.03
2812.65176 11.932 0.027
2819.62901 11.885 0.03
2821.62975 11.882 0.032
2826.62334 11.994 0.031
2831.62016 12.025 0.033
2838.56082 11.902 0.031
2843.55591 11.999 0.056
2853.51778 11.895 0.03
2855.53957 11.895 0.027
2861.53141 11.863 0.033
2864.52473 12.03 0.036
2868.4976 11.916 0.028
2876.47688 11.914 0.029
2878.48736 11.942 0.03
2883.47641 11.921 0.031
2957.85465 12.039 0.043
2981.82069 12.046 0.043
2984.84765 11.813 0.044
2988.80172 12.296 0.041
2991.83812 12.061 0.035
2994.8461 11.947 0.034
2997.82715 12.008 0.034
3008.80531 11.941 0.033
3011.80877 11.871 0.052
3015.82618 11.963 0.035
3018.80627 11.987 0.043
3025.75622 11.881 0.031
3029.85754 12.154 0.032
3032.77776 11.91 0.044
3035.76864 11.981 0.028
3041.76768 11.897 0.046
3043.80357 12.03 0.051
3046.73668 11.992 0.032
3049.73775 11.921 0.033
3052.735 12.045 0.029
3057.7674 12.165 0.049
3059.80477 11.965 0.029
3062.70291 12.109 0.05
3064.79393 11.882 0.044
3067.87856 11.925 0.036
3070.68363 12.209 0.039
3072.76467 11.928 0.041
3074.74035 11.808 0.039
3076.76602 11.892 0.032
3078.79927 12.178 0.041
3081.64449 11.926 0.029
3085.70231 12.074 0.031
3087.70488 12.06 0.048
3089.72934 11.896 0.039
3091.74143 11.963 0.031
3093.73038 12.088 0.035
3097.68094 11.944 0.034
3099.73247 11.949 0.042
3101.76121 12.039 0.038
3103.78703 12.121 0.053
3105.76953 12.023 0.04
3107.77412 11.919 0.032
3109.78137 12.008 0.042
3112.56598 11.965 0.031
3114.62027 11.872 0.032
3116.56419 12.029 0.039
3116.63534 11.884 0.036
3121.7307 11.85 0.036
3123.79382 11.849 0.056
3125.68289 11.959 0.039
3127.67991 12.236 0.051
3129.72207 11.814 0.062
3131.74644 11.966 0.043
3145.55809 11.966 0.028
3153.72897 11.995 0.032
3158.72477 12.009 0.049
3164.53668 11.873 0.028
3167.54543 12.193 0.029
3169.60131 12.024 0.03
3176.61098 12.006 0.04
3179.53062 11.965 0.031
3182.60391 11.885 0.034
3184.57555 12.345 0.034
3186.63863 11.925 0.041
3190.52352 11.897 0.034
3357.81841 11.93 0.031
3365.84911 12.052 0.045
3386.80979 12.094 0.049
3392.79681 11.907 0.05
3396.752 12.239 0.04
3399.7734 11.96 0.034
3402.80805 11.922 0.031
3405.75387 12.121 0.037
3408.73709 11.815 0.033
3411.73439 11.994 0.038
3413.80668 12.446 0.057
3418.78931 11.961 0.041
3420.79046 12.048 0.063
3422.81507 11.956 0.038
3424.77691 11.88 0.044
3426.75541 11.904 0.034
3430.78775 12.044 0.034
3432.79076 11.891 0.039
3434.84856 11.89 0.04
3438.71372 12.008 0.032
3442.6806 11.933 0.03
3444.69799 12.008 0.046
3448.71134 11.966 0.039
3450.69249 11.773 0.067
3450.69249 11.941 0.046
3450.70266 11.915 0.039
3450.70266 11.927 0.039
3453.62984 12.037 0.043
3455.67031 11.958 0.052
3457.68274 11.931 0.037
3459.68137 11.935 0.031
3461.69773 12.059 0.04
3463.76011 11.977 0.036
3465.79797 11.845 0.039
3468.74946 11.884 0.029
3470.84391 12.086 0.035
3473.58996 11.887 0.037
3475.71278 11.931 0.061
3479.64041 12.101 0.064
3481.64037 11.93 0.032
3483.65706 11.902 0.044
3489.78652 11.912 0.045
3491.80064 11.793 0.042
3499.55684 11.825 0.05
3501.56723 11.944 0.039
3503.63375 12.092 0.032
3506.66109 11.9 0.034
3509.65891 11.892 0.031
3511.69438 12.266 0.035
3515.71755 11.8 0.044
3517.70643 11.916 0.034
3521.62199 11.942 0.038
3523.62315 11.848 0.038
3529.646 11.893 0.058
3538.63613 11.797 0.034
3540.65681 11.92 0.044
3543.63094 12.075 0.046
3558.62638 11.879 0.041
3560.6241 12.356 0.034
3563.47814 11.897 0.032
3565.4865 11.882 0.048
3570.59515 11.898 0.037
3574.56123 11.954 0.034
3577.54061 12.204 0.035
3585.50899 12.063 0.031
3587.52426 11.856 0.03
3589.54343 11.834 0.036
3592.49653 11.992 0.034
3603.49695 11.906 0.034
3607.49176 11.876 0.033
3699.84452 12.112 0.039
3703.82686 11.819 0.037
3707.81477 12.229 0.032
3713.84361 11.852 0.037
3717.84143 12.093 0.048
3721.84245 11.892 0.044
3725.81381 11.921 0.04
3728.83787 11.914 0.046
3732.80888 12.042 0.043
3736.79531 11.954 0.04
3739.81583 12.08 0.036
3742.82054 11.933 0.037
3745.8419 11.857 0.037
3748.82808 12.036 0.041
3751.80871 11.811 0.045
3754.80915 12.002 0.048
3757.79812 11.996 0.035
3760.78914 11.951 0.034
3763.78264 12.1 0.07
3766.76858 11.907 0.043
3769.75518 11.933 0.047
3772.76591 12.248 0.035
3775.74768 11.93 0.047
3778.72609 11.98 0.045
3780.78479 12.072 0.043
3783.81835 11.862 0.05
3788.78174 12.036 0.044
3791.70066 11.883 0.041
3793.76836 11.866 0.04
3796.68563 11.952 0.03
3798.76139 12.017 0.068
3801.67675 11.924 0.061
3804.66255 11.82 0.041
3806.71407 11.977 0.04
3809.73209 12.074 0.047
3811.76499 11.833 0.043
3813.80143 12.048 0.044
3816.63977 11.951 0.041
3818.69218 11.975 0.036
3820.72756 11.99 0.038
3822.74632 12.14 0.037
3824.82094 11.85 0.042
3827.61554 11.872 0.033
3829.66365 11.981 0.032
3831.66715 11.947 0.036
3833.65983 11.913 0.047
3835.67332 11.872 0.045
3837.71009 12.068 0.044
3848.71808 11.991 0.074
3850.73162 11.842 0.034
3852.7643 11.847 0.042
3859.6915 11.904 0.032
3861.67169 11.977 0.031
3863.63055 12.033 0.032
3865.64823 11.954 0.036
3867.68047 11.761 0.041
3869.69588 11.944 0.052
3871.68638 12.127 0.039
3874.76832 11.909 0.037
3877.4806 11.881 0.03
3882.62814 11.87 0.034
3887.51103 12.276 0.047
3891.52337 11.837 0.03
3893.55244 11.966 0.035
3896.64042 12.128 0.042
3898.6777 11.969 0.045
3900.69142 11.959 0.047
3905.51358 11.961 0.031
3907.52857 11.872 0.03
4091.7972 12.143 0.037
4105.81737 11.847 0.041
4109.83961 11.972 0.038
4126.78501 11.971 0.033
4129.76521 11.934 0.035
4132.75636 12.302 0.037
4135.75254 11.817 0.042
4137.8088 11.887 0.034
4145.73625 11.919 0.039
4151.67888 11.859 0.032
4153.76854 11.844 0.035
4155.79689 11.889 0.036
4158.69645 11.982 0.037
4160.74924 11.861 0.033
4162.75104 11.816 0.052
4164.76612 12.136 0.053
4167.72702 11.863 0.042
4172.78442 11.977 0.036
4175.64505 11.968 0.044
4177.77162 11.894 0.044
4180.68727 11.95 0.05
4182.7165 12.076 0.046
4184.73549 11.872 0.053
4187.83524 11.949 0.053
4192.66828 11.921 0.037
4197.7039 12.047 0.038
4200.65131 11.879 0.031
4203.65727 11.826 0.034
4205.66395 12.033 0.042
4208.73108 11.84 0.048
4213.7653 12.153 0.045
4216.75381 11.944 0.035
4227.68716 11.88 0.042
4229.69148 11.884 0.032
4233.70022 11.864 0.032
4235.69747 11.808 0.034
4246.60654 12.081 0.034
4255.71516 12.069 0.04
4258.4642 11.922 0.031
4273.61972 12.011 0.031
4278.59542 11.894 0.036
4282.60528 11.775 0.06
4284.61125 11.892 0.034
4290.60611 11.871 0.034
4292.56971 11.872 0.03
4296.57442 12.268 0.044
4298.58137 11.857 0.047
4300.52943 11.818 0.053
4303.55505 12.092 0.034
4305.54134 12.007 0.032
4307.56783 11.934 0.038
4311.52186 11.981 0.038
4317.51612 11.896 0.031
4331.48686 11.895 0.032
4338.49995 11.974 0.041
4343.47405 11.862 0.039
4429.85455 12.008 0.049
4437.82288 11.927 0.046
4441.83136 11.885 0.041
4455.8105 11.819 0.037
4459.7995 12.178 0.057
4462.82232 11.858 0.041
4465.83367 11.967 0.062
4469.79624 11.935 0.048
4473.83389 12.014 0.053
4477.8358 11.982 0.045
4480.81782 11.957 0.055
4484.82666 12.072 0.04
4487.79386 11.897 0.042
4497.78491 11.975 0.033
4503.74498 11.928 0.046
4506.7465 11.93 0.036
4508.80865 12.336 0.043
4511.72971 11.933 0.04
4518.70907 12.051 0.044
4520.77342 11.738 0.05
4522.8183 11.918 0.035
4525.68624 12.276 0.046
4527.74851 11.94 0.038
4529.81773 11.967 0.039
4532.68596 12.046 0.032
4535.77137 11.881 0.047
4537.78952 11.871 0.033
4540.64832 11.997 0.059
4542.70327 11.988 0.043
4546.72948 11.952 0.053
4548.73684 11.982 0.049
4553.70299 11.834 0.04
4555.71843 11.817 0.037
4557.77556 12.208 0.04
4559.81624 12.137 0.036
4562.59858 11.836 0.044
4564.67687 11.899 0.037
4566.66551 11.999 0.045
4568.67458 11.878 0.043
4570.65974 11.805 0.031
4572.63058 11.88 0.044
4574.64767 12.203 0.043
