1885.85191 11.338 0.022
1887.85763 12.114 0.048
1889.856 12.304 0.03
1900.82715 12.111 0.023
1955.76762 11.657 0.039
2094.49245 12.039 0.025
2104.4831 12.091 0.025
2117.475 12.178 0.026
2244.84937 12.012 0.053
2248.85852 11.859 0.049
2254.84189 12.036 0.045
2262.84706 11.82 0.05
2269.86185 11.682 0.053
2453.49325 11.821 0.029
2454.53306 12.244 0.026
2454.53306 12.255 0.025
2465.48212 12.011 0.025
2623.84613 11.479 0.019
2628.84877 12.177 0.027
2628.84877 12.193 0.026
2637.83565 11.947 0.027
2641.8353 12.263 0.021
2644.85434 12.214 0.02
2650.78905 11.475 0.018
2652.82858 12.059 0.022
2657.83816 11.518 0.031
2659.81394 12.008 0.027
2663.87033 11.921 0.028
2667.85111 11.484 0.026
2670.80566 11.575 0.027
2673.78705 11.756 0.02
2675.79881 12.195 0.022
2677.78489 11.855 0.018
2679.76133 12.02 0.023
2681.757 12.172 0.027
2683.75847 11.643 0.022
2691.79988 12.386 0.027
2693.8186 11.847 0.021
2695.78007 12.114 0.022
2698.73306 12.202 0.018
2700.76784 11.579 0.023
2704.75747 12.056 0.02
2710.70759 11.333 0.017
2712.70306 12.081 0.019
2714.68757 12.258 0.021
2719.74735 12.104 0.026
2720.79509 11.81 0.021
2725.85485 12.305 0.022
2727.71002 11.379 0.019
2728.69995 12.25 0.023
2731.80115 11.54 0.021
2733.82029 12.054 0.017
2735.70435 12.199 0.018
2736.78501 12.131 0.023
2738.65563 12.164 0.02
2740.65185 11.454 0.018
2742.59371 11.984 0.02
2747.63923 11.597 0.022
2750.69345 11.711 0.019
2751.7833 11.436 0.025
2754.65399 11.956 0.024
2756.65112 11.91 0.016
2760.61982 11.523 0.016
2762.61112 12.109 0.027
2764.58843 12.514 0.017
2766.65956 11.965 0.024
2782.62145 12.139 0.02
2784.5874 12.176 0.018
2786.58268 11.879 0.022
2790.50278 11.696 0.031
2792.53171 12.031 0.021
2804.53447 12.292 0.028
2809.53424 12.021 0.02
2811.53255 12.337 0.018
2813.53088 11.726 0.022
2819.49688 11.889 0.029
2821.54884 12.306 0.022
2829.47309 11.976 0.017
2831.52739 12.369 0.023
2835.51672 12.15 0.02
2838.51128 12.222 0.019
2841.5217 12.251 0.023
2843.50988 11.863 0.039
2859.47223 12.148 0.023
2862.46618 12.184 0.027
2978.85661 12.229 0.026
2986.8478 12.177 0.028
2997.83893 11.623 0.023
3006.84363 12.019 0.042
3009.86589 12.254 0.026
3013.82173 12.12 0.059
3020.8509 11.989 0.04
3025.82418 12.326 0.022
3029.86887 12.203 0.024
3032.835 12.225 0.031
3035.81182 12.285 0.048
3039.84239 12.232 0.023
3042.79484 12.278 0.044
3047.76108 11.644 0.025
3051.74897 11.623 0.035
3053.80156 12.131 0.024
3053.82148 12.046 0.025
3056.75849 12.115 0.028
3061.74701 11.521 0.027
3067.75846 11.857 0.022
3069.75899 12.276 0.029
3076.70645 12.166 0.027
3078.72875 11.937 0.032
3080.76819 11.943 0.039
3082.82745 12.039 0.056
3086.7939 12.207 0.022
3089.65673 12.126 0.052
3091.69808 11.495 0.028
3093.69861 12.079 0.031
3097.67878 11.723 0.023
3101.6784 11.418 0.029
3103.66492 12.044 0.025
3105.6583 12.303 0.033
3107.66287 11.729 0.02
3109.66542 12.215 0.019
3111.67536 11.41 0.02
3113.69377 12.059 0.019
3115.69278 12.294 0.024
3118.74304 11.441 0.023
3122.62243 12.247 0.02
3128.5996 12.209 0.051
3130.61962 11.881 0.026
3132.6126 12.19 0.021
3134.62608 11.59 0.022
3145.64591 12.22 0.022
3156.52561 12.067 0.024
3159.54869 12.212 0.026
3162.57217 12.228 0.023
3167.58966 11.854 0.02
3169.62927 12.221 0.021
3177.47833 11.652 0.022
3183.54461 12.092 0.025
3185.55572 12.072 0.026
3358.85659 11.43 0.028
3363.85533 12.232 0.034
3384.82598 11.82 0.05
3387.84489 12.097 0.03
3387.84489 12.105 0.033
3388.80537 11.58 0.033
3390.83408 12.2 0.03
3395.81151 11.512 0.04
3402.85245 11.477 0.03
3405.79762 11.437 0.034
3408.79125 11.638 0.036
3414.76664 11.893 0.026
3416.83361 12.427 0.029
3419.75921 12.28 0.034
3421.79139 11.85 0.039
3431.79971 11.952 0.04
3442.70688 12.195 0.021
3444.7281 11.911 0.034
3448.73993 11.63 0.038
3448.73993 11.643 0.04
3450.71401 12.107 0.032
3450.71401 12.109 0.035
3456.70321 12.218 0.029
3460.69169 12.131 0.072
3462.70412 11.909 0.028
3464.72968 12.07 0.031
3469.74037 11.79 0.029
3471.74458 12.014 0.027
3474.61213 11.893 0.024
3476.6739 12.295 0.03
3478.66187 11.641 0.032
3484.63176 11.868 0.044
3489.60812 12.238 0.022
3495.61132 11.475 0.021
3497.65044 12.128 0.025
3502.68182 11.538 0.055
3504.69747 12.243 0.039
3511.5533 11.71 0.025
3517.56017 12.009 0.03
3520.64843 12.173 0.051
3522.65833 11.798 0.032
3529.55651 12.336 0.029
3539.48984 12.309 0.033
3542.5438 11.869 0.034
3554.55786 12.024 0.023
3560.53807 12.26 0.051
3570.49781 12.156 0.025
3574.4996 11.971 0.024
3585.47673 11.548 0.036
3733.84414 12.393 0.033
3737.83493 12.24 0.025
3741.83377 12.036 0.026
3749.82113 11.436 0.035
3758.80212 11.896 0.026
3761.8187 12.108 0.039
3764.8111 12.218 0.032
3767.80641 12.139 0.035
3770.79646 12.355 0.036
3773.78468 12.34 0.032
3776.77569 12.004 0.031
3779.77025 11.329 0.044
3787.8721 12.373 0.03
3790.74356 12.098 0.03
3792.79558 11.818 0.034
3795.73049 11.804 0.026
3797.76414 12.26 0.036
3800.70919 12.426 0.041
3803.71465 12.37 0.039
3805.74083 11.814 0.035
3811.72893 12.106 0.036
3813.74498 12.017 0.037
3818.67144 11.908 0.037
3820.69807 12.237 0.032
3822.73295 11.804 0.035
3824.8113 12.191 0.037
3827.63654 12.113 0.028
3829.68173 11.439 0.038
3831.68605 12.095 0.044
3833.67394 12.291 0.045
3847.77484 12.345 0.044
3849.72515 11.671 0.028
3851.72543 12.216 0.03
3854.56788 12.071 0.038
3856.61146 12.063 0.036
3866.58198 12.087 0.034
3868.60702 12.002 0.04
3870.60535 12.197 0.025
3872.61059 11.603 0.037
3875.68822 12.068 0.032
3881.61894 12.103 0.028
3883.67201 11.362 0.032
3887.64609 12.309 0.032
3894.58072 12.238 0.027
3897.56069 12.217 0.039
3899.5891 11.621 0.047
3901.62947 12.202 0.028
3904.50308 12.146 0.037
3906.51993 11.913 0.039
3908.52767 11.959 0.037
4103.86415 11.452 0.031
4120.84657 11.637 0.033
4129.80679 11.88 0.028
4132.80914 11.953 0.045
4145.77024 12.124 0.043
4149.76863 11.82 0.032
4151.81561 12.198 0.061
4154.75092 12.254 0.046
4156.80376 11.789 0.049
4159.72883 11.769 0.04
4161.76631 12.189 0.028
4172.73668 11.988 0.028
4174.77262 12.379 0.03
4176.83603 12.005 0.036
4179.78618 12.039 0.037
4182.66841 11.941 0.034
4184.70223 12.283 0.042
4187.82338 11.49 0.034
4194.68751 12.323 0.033
4197.6805 12.334 0.038
4200.65775 11.85 0.024
4203.66274 11.499 0.051
4213.65912 11.551 0.037
4228.71393 12.352 0.035
4230.70993 11.676 0.035
4232.70875 12.15 0.066
4237.53897 12.432 0.039
4253.53822 11.423 0.037
4255.60834 12.154 0.03
4257.6 12.031 0.039
4259.62312 11.938 0.041
4267.55548 12.136 0.06
4269.5793 11.86 0.026
4276.49995 11.537 0.029
4278.55346 12.175 0.07
4282.55494 12.098 0.054
4286.56537 11.808 0.062
4291.4784 12.234 0.027
4293.49058 11.367 0.059
4295.49081 12.103 0.027
4297.49538 12.292 0.036
4304.48135 12.311 0.026
4306.51458 11.843 0.063
4315.47328 12.223 0.03
4319.46825 11.837 0.049
4452.85717 11.991 0.049
4456.8504 11.935 0.031
4461.84578 12.399 0.034
4467.83327 11.373 0.064
4471.85126 12.315 0.041
4478.83211 12.15 0.054
4482.83147 12.093 0.068
4486.81338 12.033 0.031
4494.86332 11.418 0.027
4498.80955 12.341 0.034
4501.80418 12.357 0.032
4504.79325 11.581 0.029
4507.77909 11.457 0.034
4510.77129 11.717 0.035
4516.77249 12.019 0.05
4521.78425 11.881 0.031
4523.86079 12.097 0.028
4526.73225 11.928 0.035
4528.80978 12.09 0.041
4531.70671 12.366 0.031
4535.71233 12.286 0.033
4537.73716 11.584 0.03
4539.74044 12.092 0.043
4541.74297 11.919 0.026
4543.75116 11.89 0.046
4555.82359 12.226 0.034
4558.64386 12.249 0.029
4560.66911 11.696 0.03
4562.6913 12.152 0.032
4564.73562 11.53 0.029
4566.75643 12.21 0.038
4569.60795 12.047 0.031
4571.63735 12.469 0.032
