1872.85833 13.81 0.041
1875.85445 14.009 0.034
1880.8417 14.23 0.034
1880.85238 13.277 0.042
1884.86022 16.556 0.045
1886.84695 13.291 0.025
1886.84857 13.273 0.028
1888.84521 14.516 0.029
1888.85639 14.028 0.035
1899.86255 14.755 0.03
1900.81898 13.691 0.028
1902.84447 13.447 0.025
1903.82565 13.811 0.027
1904.82477 14.082 0.027
1905.83455 13.939 0.027
1906.82474 13.834 0.023
1907.83118 13.264 0.023
1913.85611 13.281 0.023
1913.87129 13.092 0.027
1915.81918 13.86 0.026
1915.83441 13.714 0.026
1918.7912 13.66 0.033
1918.80648 13.568 0.029
1920.78522 13.98 0.031
1920.80526 13.836 0.031
1922.77913 13.149 0.029
1922.7993 13.416 0.028
1926.83824 14.269 0.025
1928.83229 13.413 0.023
1928.85502 13.323 0.023
1929.84194 14.744 0.022
1929.88069 13.888 0.026
1931.77532 13.82 0.024
1931.78611 13.39 0.026
1933.79302 13.046 0.024
1935.69631 14.138 0.026
1935.71493 14.344 0.027
1937.76608 13.477 0.025
1937.79405 13.419 0.025
1939.80335 14.307 0.022
1945.83298 13.699 0.023
1947.76229 13.835 0.029
1947.78704 14.04 0.028
1950.78607 14.243 0.031
1954.78162 13.16 0.038
1958.74233 13.512 0.025
1958.75762 13.551 0.024
1961.73425 13.524 0.025
1961.75412 13.903 0.024
1962.75912 13.548 0.03
1963.73938 13.212 0.03
1963.76417 13.664 0.029
1964.73745 13.367 0.023
1964.76436 13.112 0.024
1965.74797 14.366 0.025
1966.74764 13.954 0.026
1967.74386 13.202 0.032
1967.76145 13.686 0.027
1968.72251 13.71 0.028
1968.75178 13.473 0.026
1977.70557 14.138 0.043
1982.71388 13.68 0.034
1984.69004 13.021 0.04
1984.70335 13.283 0.05
1985.7048 13.925 0.04
1993.71881 13.583 0.045
1994.69796 13.128 0.038
1995.67455 13.81 0.04
1995.71138 13.443 0.042
1996.68082 13.77 0.045
1998.6769 13.524 0.049
2000.67044 13.177 0.048
2014.63505 13.355 0.049
2025.57219 13.307 0.025
2026.60075 14.244 0.03
2030.57666 13.212 0.03
2030.59497 12.993 0.032
2031.59656 14.111 0.03
2032.57907 13.663 0.028
2038.57615 13.249 0.031
2052.52153 13.792 0.027
2052.54006 13.519 0.026
2053.53983 15.895 0.027
2053.56358 13.435 0.027
2054.54006 13.934 0.041
2054.55437 13.942 0.045
2055.529 13.655 0.034
2055.54543 13.944 0.037
2056.55378 12.823 0.026
2057.53859 14.09 0.026
2058.52298 13.864 0.029
2058.53939 14.687 0.029
2062.5175 13.635 0.068
2064.54372 15.409 0.052
2067.49878 13.981 0.028
2071.48556 12.96 0.033
2078.47172 13.82 0.032
2079.477 13.705 0.027
2079.47898 14.022 0.033
2081.48518 13.428 0.026
2085.47478 13.397 0.026
2094.47028 13.656 0.03
2096.49811 13.741 0.041
2103.50046 13.58 0.03
2103.52022 13.369 0.029
2106.48183 13.652 0.027
2106.48825 13.783 0.029
2117.46063 13.615 0.032
2117.46228 14.102 0.029
2130.47771 13.767 0.029
2134.47647 13.591 0.035
2247.85909 13.334 0.064
2255.83913 13.961 0.057
2257.85432 13.195 0.057
2453.47112 14.538 0.023
2454.52472 13.944 0.028
2454.52472 13.944 0.028
2463.50299 13.148 0.026
2463.50299 13.15 0.022
2465.52428 13.894 0.021
2467.46052 13.598 0.02
2467.51875 13.42 0.02
2482.4571 14.078 0.033
2627.84266 13.829 0.027
2637.81413 13.859 0.023
2644.84685 13.481 0.032
2649.85247 13.357 0.032
2651.84043 14.109 0.022
2658.82908 13.784 0.03
2661.77381 13.805 0.03
2664.86787 13.461 0.024
2665.79391 13.626 0.024
2669.80212 13.202 0.022
2673.83768 13.882 0.023
2674.78532 13.063 0.026
2679.75099 13.476 0.033
2681.74414 13.888 0.02
2683.75344 13.683 0.023
2694.73036 13.613 0.025
2696.8036 14.658 0.023
2697.75657 13.609 0.059
2697.77779 14.57 0.057
2700.76286 13.343 0.027
2700.82141 13.391 0.026
2704.76618 13.854 0.024
2704.78518 13.723 0.024
2706.7685 13.627 0.019
2710.69585 13.285 0.02
2710.7231 13.256 0.022
2714.67589 13.84 0.026
2714.70081 13.748 0.028
2721.72541 13.285 0.025
2724.86923 14.859 0.025
2725.70407 13.236 0.021
2726.72287 13.184 0.019
2727.6936 13.958 0.022
2728.71351 14.129 0.023
2732.81668 13.313 0.027
2733.72638 14.239 0.021
2734.68691 14.193 0.02
2736.6716 13.181 0.02
2740.6496 13.531 0.021
2741.80635 13.738 0.029
2750.69132 13.97 0.025
2754.66124 13.82 0.019
2755.80538 14.219 0.024
2756.64906 13.635 0.02
2758.74812 13.795 0.021
2760.61548 13.93 0.02
2760.72903 13.805 0.022
2764.59569 13.688 0.022
2766.70889 14.022 0.024
2770.57765 14.223 0.028
2782.54591 13.212 0.023
2783.71351 13.419 0.023
2785.63052 13.811 0.019
2785.64793 14.01 0.021
2787.58722 13.423 0.019
2787.60174 13.458 0.02
2790.61252 13.487 0.025
2812.47301 13.363 0.026
2820.56689 13.693 0.02
2831.50724 13.991 0.028
2835.5059 16.754 0.028
2838.50044 13.423 0.024
2866.47978 14.229 0.025
2872.46725 14.048 0.037
2987.84659 13.323 0.028
2996.85527 14.612 0.035
3008.84453 14.144 0.033
3030.806 13.441 0.029
3035.79549 13.227 0.025
3040.8713 13.353 0.028
3064.75344 14.19 0.049
3076.77475 13.311 0.027
3081.67672 13.356 0.031
3085.71677 13.784 0.026
3085.73766 13.911 0.059
3087.72159 13.735 0.04
3097.76389 13.393 0.032
3105.66592 13.948 0.037
3107.67053 13.359 0.027
3115.71382 14.259 0.029
3144.61501 15.201 0.027
3146.66241 14.662 0.026
3156.53381 13.361 0.033
3162.58035 13.472 0.03
3164.59613 13.775 0.028
3167.60112 13.638 0.025
3169.6383 13.427 0.052
3179.53711 14.255 0.028
3184.46429 14.205 0.032
3355.85787 14.373 0.035
3365.86279 14.211 0.051
3387.84913 14.055 0.052
3391.80466 13.872 0.042
3395.8293 13.68 0.044
3398.81932 14.547 0.046
3402.84607 13.932 0.036
3405.78615 13.499 0.031
3406.80608 13.457 0.039
3409.7955 13.807 0.037
3411.76622 13.908 0.031
3412.78505 14.012 0.042
3414.75845 13.235 0.031
3415.77861 13.502 0.027
3416.81776 13.161 0.038
3418.76752 13.481 0.037
3419.74156 13.604 0.037
3421.80279 13.015 0.057
3423.84499 13.625 0.042
3425.79292 13.284 0.041
3430.79387 13.901 0.073
3431.79402 13.887 0.038
3432.79692 13.695 0.032
3433.82538 14.49 0.038
3434.85476 13.679 0.038
3438.72776 14.006 0.03
3438.74542 14.823 0.028
3442.70992 14.465 0.028
3442.74166 13.542 0.027
3444.75694 14.274 0.045
3446.77304 13.504 0.031
3448.73033 13.945 0.045
3448.73033 13.955 0.039
3448.79331 14.157 0.053
3448.79331 14.166 0.045
3450.72237 13.932 0.042
3450.72237 13.936 0.037
3450.77828 14.141 0.048
3453.65745 13.86 0.056
3453.66875 14.125 0.058
3457.69846 12.93 0.039
3457.72019 13.022 0.042
3459.71672 14.021 0.03
3461.71181 13.469 0.04
3461.75294 13.395 0.039
3463.78359 13.641 0.036
3464.64915 13.465 0.025
3466.61905 13.977 0.054
3466.70321 13.494 0.035
3468.79099 13.387 0.034
3469.69655 13.511 0.037
3471.60655 13.329 0.026
3471.69962 13.616 0.027
3473.71602 13.338 0.027
3477.69421 13.638 0.036
3481.53869 13.023 0.034
3489.67126 14.076 0.032
3491.67543 14.562 0.047
3492.68943 13.79 0.053
3497.70194 13.403 0.04
3499.68989 13.608 0.036
3500.7088 13.803 0.03
3503.72172 13.701 0.034
3512.56939 13.757 0.052
3516.57229 13.747 0.033
3518.65942 13.149 0.043
3520.61201 13.729 0.043
3522.49308 15.604 0.062
3524.66237 13.008 0.044
3526.56125 13.907 0.034
3528.56274 13.558 0.039
3528.65665 13.899 0.033
3530.65974 14.393 0.03
3539.47102 14.819 0.045
3542.64167 14.333 0.048
3544.59647 13.26 0.04
3554.51611 13.145 0.025
3556.56584 14.304 0.03
3559.51342 13.103 0.052
3559.57897 13.537 0.051
3569.50986 14.415 0.03
3573.51544 13.614 0.033
3575.54429 13.168 0.029
3578.52335 14.511 0.033
3578.52649 14.8 0.027
3583.46749 14.085 0.039
3583.47067 14.946 0.037
3585.52336 13.663 0.028
3586.48304 13.532 0.029
3588.50195 13.531 0.035
3594.46517 13.564 0.041
3594.46837 13.433 0.04
3600.46719 13.403 0.041
3600.4703 13.394 0.038
3603.47286 13.447 0.034
3703.85204 13.26 0.037
3714.85638 13.288 0.041
3715.8577 14.47 0.046
3722.8458 15.054 0.043
3724.85995 13.463 0.041
3726.80216 16.727 0.039
3733.83343 13.887 0.029
3735.83399 13.418 0.031
3737.82586 13.872 0.028
3739.81432 13.518 0.035
3741.8262 13.951 0.03
3743.84429 13.903 0.033
3745.81933 13.161 0.035
3747.83223 13.859 0.041
3749.81372 13.568 0.051
3759.80904 13.568 0.042
3760.81972 13.547 0.036
3765.84809 13.839 0.046
3766.8457 13.743 0.048
3769.7989 13.778 0.044
3769.80736 13.562 0.045
3772.78958 14.076 0.028
3775.7749 13.692 0.052
3775.80085 13.813 0.042
3778.78933 14.696 0.051
3787.79731 13.005 0.049
3787.83486 13.162 0.038
3790.73781 13.297 0.044
3790.75828 14.004 0.042
3792.81072 14.542 0.054
3795.71652 13.883 0.035
3795.74676 14.124 0.034
3797.78502 13.186 0.036
3798.73603 14.306 0.037
3800.70622 13.573 0.064
3800.78565 14.38 0.052
3803.71929 14.425 0.053
3805.74562 13.578 0.046
3805.76198 13.586 0.041
3808.75318 14.179 0.055
3812.72672 13.047 0.051
3812.84855 14.348 0.052
3817.74221 14.07 0.043
3822.66863 13.316 0.046
3824.72626 14.679 0.041
3826.7634 16.588 0.048
3829.64691 13.838 0.029
3830.6291 13.838 0.037
3831.69392 13.816 0.048
3832.6761 13.675 0.041
3833.68912 13.113 0.053
3834.67125 13.49 0.037
3847.66522 14.458 0.051
3847.67124 15.026 0.055
3849.63356 13.861 0.036
3849.64788 14.995 0.027
3851.63302 13.685 0.03
3853.64267 13.336 0.027
3853.68334 13.374 0.03
3855.74922 13.765 0.049
3858.60006 13.465 0.047
3860.54812 13.935 0.033
3860.62597 14.061 0.041
3862.58041 13.676 0.031
3862.60639 13.74 0.032
3867.59839 13.38 0.043
3869.59789 15.396 0.045
3870.74042 13.992 0.048
3871.59159 14.239 0.032
3874.70888 13.746 0.039
3882.59244 13.937 0.041
3882.59564 14.231 0.041
3886.59722 14.646 0.031
3897.54726 14.388 0.04
3898.55036 14.748 0.038
3900.57124 13.655 0.036
3903.61075 14.34 0.029
3904.61096 13.958 0.038
3905.6057 13.436 0.031
3906.62707 14.984 0.036
3907.60545 13.538 0.028
3908.62116 14.297 0.041
4104.83232 13.18 0.078
4107.85916 14.092 0.041
4127.83621 13.933 0.032
4133.80888 14.168 0.04
4146.77963 13.513 0.043
4153.75704 14.064 0.041
4155.82832 13.659 0.051
4158.74882 14.095 0.034
4160.79979 13.904 0.031
4162.77757 13.216 0.073
4167.90721 13.912 0.047
4173.75608 14.032 0.049
4181.68799 13.196 0.063
4183.73568 13.12 0.05
4185.72618 13.763 0.049
4188.8598 13.417 0.043
4198.69472 12.995 0.078
4202.66953 13.476 0.044
4204.69648 13.295 0.068
4207.71405 14.179 0.042
4215.67735 14.269 0.059
4228.63171 13.618 0.035
4230.63518 14.532 0.046
4232.63275 13.806 0.037
4234.63448 13.379 0.048
4238.68319 13.117 0.062
4249.53169 12.885 0.034
4250.54801 14.64 0.055
4255.60144 12.903 0.034
4256.61971 13.468 0.077
4258.62921 13.249 0.065
4259.6127 13.536 0.045
4268.59414 13.862 0.04
4268.59733 13.215 0.063
4277.47372 13.843 0.034
4283.51942 13.813 0.041
4285.52941 13.755 0.044
4289.52627 13.741 0.064
4291.54319 13.298 0.052
4293.53667 14.604 0.026
4295.54176 14.117 0.052
4297.54066 13.017 0.046
4304.46419 14.0 0.03
4306.50833 13.249 0.063
4311.48383 12.402 0.07
4312.50743 13.784 0.081
4315.51895 13.878 0.032
4319.48867 13.651 0.045
4336.46845 13.645 0.041
4441.85579 14.628 0.047
4454.856 14.606 0.09
4458.8465 13.718 0.045
4462.84081 14.14 0.041
4469.83102 14.635 0.045
4473.85837 14.539 0.05
4477.873 13.791 0.055
4485.85406 14.2 0.071
4488.83949 14.378 0.04
4499.78659 13.62 0.043
4501.78921 13.858 0.036
4505.79714 13.809 0.04
4508.78522 14.256 0.037
4511.78918 13.643 0.047
4515.7794 14.455 0.05
4522.8044 14.025 0.035
4527.80583 14.076 0.039
4530.73082 14.025 0.034
4532.81781 13.901 0.032
4536.72375 13.942 0.03
4538.76368 13.306 0.035
4542.75423 14.021 0.04
4552.77865 14.096 0.036
4554.80164 13.561 0.049
4557.66232 13.554 0.041
4559.69986 13.496 0.033
4561.7233 13.559 0.035
4563.75528 13.676 0.04
4565.79879 13.124 0.038
4568.63408 13.372 0.037
4570.67138 14.279 0.03
4572.65873 14.811 0.04
