1869.8563 11.083 0.028
1873.8466 11.126 0.03
1875.83434 11.196 0.034
1877.82396 11.287 0.027
1879.82217 11.354 0.023
1881.81771 11.397 0.024
1885.78635 11.6 0.024
1885.84848 11.6 0.027
1887.79905 11.706 0.028
1887.85405 11.684 0.028
1889.7995 11.827 0.036
1889.85223 11.812 0.038
1899.83412 12.236 0.025
1900.82714 12.361 0.024
1902.80156 12.478 0.024
1903.82898 12.494 0.03
1904.78386 12.571 0.029
1905.83771 12.6 0.027
1906.78381 12.653 0.023
1907.83418 12.787 0.023
1908.77318 12.769 0.027
1913.81295 13.261 0.024
1914.78805 13.21 0.026
1914.84904 13.098 0.027
1915.75935 13.165 0.025
1915.86797 13.346 0.027
1918.72086 13.048 0.032
1918.81108 13.295 0.029
1919.79922 13.342 0.029
1919.85506 13.302 0.032
1920.80727 14.244 0.03
1921.84623 13.526 0.031
1922.80115 13.751 0.027
1922.82921 13.739 0.023
1924.79234 13.618 0.03
1925.79537 14.033 0.026
1925.83354 13.735 0.048
1925.8405 13.993 0.032
1926.79181 14.31 0.027
1926.8392 13.673 0.023
1926.87131 13.877 0.027
1928.8178 13.936 0.024
1928.84013 13.934 0.028
1928.8773 13.955 0.027
1929.79467 13.718 0.023
1930.78276 14.19 0.022
1931.82497 14.123 0.023
1931.83134 14.181 0.027
1932.77342 14.069 0.024
1933.85715 14.031 0.025
1935.72545 13.861 0.022
1936.79934 14.034 0.022
1937.81083 14.431 0.023
2082.47802 15.837 0.025
2125.51013 12.616 0.039
2129.51522 12.196 0.032
2132.48926 12.07 0.028
2135.49231 11.935 0.035
2142.4784 11.775 0.034
2145.4772 11.708 0.037
2151.47193 11.589 0.064
2158.50113 11.871 0.03
2440.54555 12.782 0.028
2441.4812 12.79 0.034
2441.5467 12.888 0.048
2442.53629 12.767 0.03
2442.54947 12.731 0.028
2443.49041 12.682 0.022
2443.53833 12.8 0.022
2443.55149 12.806 0.025
2445.49261 12.811 0.048
2452.4988 12.893 0.037
2452.50985 13.105 0.037
2456.49241 13.318 0.033
2456.50889 13.152 0.034
2459.50664 13.569 0.036
2459.50664 13.679 0.036
2463.49626 13.535 0.02
2464.495 13.494 0.032
2465.52387 13.801 0.023
2466.48903 13.665 0.031
2467.50467 13.918 0.02
2468.48732 14.236 0.031
2468.51073 13.843 0.03
2470.47653 13.891 0.032
2639.82048 14.87 0.02
2667.79482 13.368 0.042
2668.85908 13.267 0.038
2670.75502 13.25 0.03
2671.81548 13.018 0.03
2671.82247 12.932 0.037
2672.82019 12.783 0.023
2674.80275 12.559 0.035
2674.81635 12.505 0.022
2674.8345 12.48 0.032
2676.77282 12.102 0.021
2677.77516 12.019 0.033
2677.80725 12.105 0.049
2678.75251 11.959 0.034
2679.81416 11.855 0.039
2679.84629 11.79 0.03
2680.75938 11.642 0.019
2681.79781 11.542 0.027
2683.79061 11.426 0.023
2684.70862 11.332 0.029
2685.78875 11.286 0.03
2686.73277 11.268 0.036
2688.73261 11.15 0.042
2689.78382 11.09 0.028
2689.80751 11.124 0.04
2690.73948 11.086 0.031
2691.77426 11.078 0.03
2691.8016 11.037 0.044
2692.79891 10.986 0.035
2693.84686 11.005 0.034
2694.77776 10.99 0.037
2696.75693 10.997 0.037
2697.81526 11.055 0.035
2698.77656 11.037 0.021
2698.79291 11.013 0.038
2699.7958 11.115 0.032
2700.82601 11.068 0.04
2703.77704 11.136 0.036
2704.74101 11.174 0.036
2704.79429 11.162 0.036
2705.77495 11.176 0.034
2706.71071 11.216 0.025
2709.76581 11.327 0.031
2710.66153 11.351 0.037
2710.74143 11.356 0.019
2711.75568 11.414 0.034
2712.65875 11.497 0.031
2712.73688 11.366 0.038
2713.75531 11.449 0.04
2714.64407 11.444 0.038
2714.7261 11.545 0.034
2715.7458 11.581 0.037
2715.80988 11.608 0.043
2717.72471 11.655 0.032
2717.83843 11.659 0.04
2719.62174 11.824 0.042
2720.67545 11.822 0.028
2720.7041 11.761 0.036
2720.74962 11.902 0.045
2722.71574 12.014 0.026
2722.74022 11.949 0.033
2723.83082 12.057 0.035
2724.72852 12.093 0.043
2724.75739 12.089 0.023
2725.68842 12.33 0.047
2727.74209 12.191 0.039
2728.69095 12.39 0.036
2728.75637 12.31 0.044
2730.66663 12.532 0.042
2730.7483 12.434 0.034
2731.83358 12.516 0.038
2732.77451 12.574 0.04
2733.7444 12.622 0.032
2734.64579 12.592 0.038
2734.65272 12.623 0.022
2735.86318 12.694 0.036
2736.69946 12.807 0.027
2737.68034 12.755 0.043
2737.70933 12.822 0.038
2738.70879 13.08 0.036
2738.84374 12.855 0.033
2739.73611 13.073 0.041
2740.65264 13.111 0.043
2740.72084 13.046 0.028
2741.70588 13.038 0.046
2741.81246 13.269 0.035
2742.63484 13.255 0.028
2743.66825 13.401 0.04
2743.68361 13.624 0.041
2743.79065 13.171 0.034
2744.819 13.334 0.033
2749.83432 13.629 0.029
2750.82806 13.872 0.042
2751.61764 13.702 0.026
2752.67964 14.471 0.034
2754.78268 13.759 0.026
2756.7259 13.957 0.022
2756.82322 13.906 0.031
2757.81885 13.859 0.035
2971.84608 12.999 0.025
2981.82316 12.885 0.036
2985.80585 12.725 0.049
2986.85145 12.597 0.033
2988.82822 12.669 0.027
2989.85426 12.686 0.037
3008.80749 13.377 0.035
3015.82101 13.788 0.033
3016.86424 13.783 0.03
3018.80108 13.87 0.03
3024.86671 13.717 0.032
3125.64548 12.077 0.027
3458.78425 14.521 0.035
3496.67704 14.333 0.043
3503.5458 14.003 0.025
3503.70327 13.616 0.029
3506.587 13.462 0.026
3506.71096 14.038 0.032
3509.6305 13.359 0.025
3509.70288 13.514 0.025
3511.67715 13.388 0.026
3511.73835 13.3 0.027
3515.70963 13.214 0.038
3515.73953 13.249 0.034
3517.73316 12.982 0.026
3521.61058 13.02 0.027
3521.63658 12.941 0.045
3523.61438 12.908 0.035
3523.64156 12.933 0.031
3525.63372 12.841 0.039
3525.66881 12.906 0.03
3529.6337 12.74 0.029
3529.66367 12.682 0.034
3538.58992 12.718 0.027
3538.63295 12.559 0.025
3540.65002 12.698 0.033
3543.61377 12.746 0.035
3550.63515 12.763 0.034
3550.64922 12.724 0.041
3552.69742 12.761 0.028
3554.57471 12.788 0.025
3555.69104 12.819 0.024
3556.59559 12.82 0.026
3559.5477 12.978 0.044
3559.59275 12.925 0.031
3560.70505 12.967 0.031
3561.6053 12.933 0.037
3563.50113 13.005 0.027
3563.59141 12.972 0.026
3570.55897 13.291 0.028
3570.59081 13.145 0.028
3573.65289 13.022 0.034
3574.5482 13.347 0.029
3575.67082 13.552 0.028
3576.57596 13.328 0.024
3578.5569 13.612 0.024
3584.55971 13.615 0.025
3584.57318 13.834 0.026
3586.60814 13.842 0.027
3587.50394 13.733 0.025
3589.53056 14.003 0.026
3591.53107 13.904 0.028
3592.48879 14.154 0.026
3593.5433 14.291 0.028
3741.82759 14.822 0.031
3754.80617 14.482 0.04
3757.80987 14.645 0.033
3760.78588 13.547 0.037
3760.8353 14.106 0.038
3763.84607 15.174 0.042
3766.76557 13.404 0.041
3767.80514 13.412 0.037
3769.77943 13.693 0.039
3770.84845 13.289 0.045
3772.76772 13.463 0.035
3774.78767 13.001 0.034
3775.74463 13.181 0.037
3778.723 13.104 0.036
3778.77324 13.158 0.039
3780.79601 12.891 0.039
3782.84537 12.728 0.038
3783.83681 12.725 0.041
3788.7683 12.319 0.036
3788.85735 12.324 0.038
3791.71283 12.15 0.036
3791.79973 12.205 0.038
3793.77008 11.933 0.034
3794.80772 11.864 0.036
3796.68245 11.799 0.028
3797.7715 11.728 0.032
3798.75109 11.646 0.032
3800.75716 11.619 0.039
3801.6735 11.521 0.047
3803.76431 11.42 0.049
3803.8392 11.478 0.041
3805.7795 11.359 0.031
3806.73323 11.306 0.032
3808.73124 11.265 0.034
3808.77522 11.34 0.039
3809.76638 11.273 0.037
3810.80135 11.241 0.036
3810.8223 11.281 0.042
3811.80004 11.219 0.035
3813.64436 11.228 0.039
3814.72724 11.173 0.039
3815.69989 11.146 0.038
3816.77434 11.21 0.03
3817.70938 11.186 0.034
3818.89028 11.225 0.035
3819.76414 11.221 0.031
3821.71452 11.241 0.031
3821.73073 11.364 0.032
3822.62413 11.259 0.031
3823.76255 11.352 0.037
3823.76614 11.363 0.042
3824.67051 11.301 0.029
3825.81034 11.359 0.042
3825.81868 11.411 0.044
3826.69041 11.353 0.037
3828.68538 11.458 0.033
3828.71981 11.487 0.031
3830.76674 11.573 0.031
3830.79178 11.551 0.03
3832.72171 11.659 0.03
3832.73915 11.663 0.032
3834.69627 11.749 0.029
3834.71722 11.773 0.04
3836.70847 11.943 0.038
3836.7264 11.893 0.038
3848.63954 12.979 0.055
3850.6598 12.677 0.027
3850.72586 12.629 0.025
3852.66644 12.778 0.026
3852.74969 12.79 0.026
3854.68132 13.062 0.028
3855.60705 12.89 0.038
3856.69397 13.174 0.029
3856.72086 12.953 0.029
3859.60703 13.013 0.05
3859.7069 13.105 0.03
3861.59348 13.12 0.026
3861.69371 13.122 0.026
3863.59225 13.142 0.026
3863.65401 13.527 0.037
3865.60284 13.217 0.029
3865.66057 13.631 0.031
3867.64846 13.576 0.034
3867.69207 13.506 0.031
3869.71522 13.52 0.043
3871.63674 13.75 0.03
3871.7065 13.539 0.028
3874.72814 13.925 0.031
3874.80006 13.739 0.031
3875.61004 13.586 0.028
3877.55999 13.891 0.026
3877.66971 13.8 0.027
3881.74996 14.402 0.034
3882.64344 14.597 0.027
3886.75195 14.063 0.029
3890.56333 14.393 0.024
3892.71974 14.547 0.031
4091.79471 12.737 0.035
4104.8245 13.068 0.043
4105.8195 13.013 0.037
4107.85038 12.825 0.055
4109.8369 12.953 0.03
4121.80082 13.686 0.04
4125.78389 13.316 0.049
4127.84755 13.972 0.03
4131.76414 13.934 0.032
4131.79542 14.137 0.034
4134.81741 13.747 0.037
4137.81797 14.101 0.041
4330.49338 14.309 0.031
4330.51946 14.418 0.027
4332.5348 14.197 0.027
4333.50018 14.159 0.03
4334.55051 13.881 0.028
4338.49514 13.382 0.031
4338.58131 13.177 0.034
4341.52583 13.202 0.033
4342.48468 12.966 0.036
4343.53589 13.036 0.028
4345.55526 12.84 0.042
4347.5501 12.549 0.031
4349.54797 12.429 0.037
4352.51147 12.161 0.027
4357.5169 11.901 0.026
4359.50781 11.85 0.03
4361.51142 11.8 0.029
4371.48359 12.027 0.036
4430.82955 14.227 0.04
4436.85371 14.62 0.041
