1886.85977 12.89 0.044
1888.85809 12.609 0.043
1900.84182 12.544 0.028
1903.84571 12.628 0.026
1905.85217 12.513 0.026
1907.84876 12.708 0.025
1913.87285 12.474 0.036
1915.83598 12.458 0.027
1918.82651 12.835 0.032
1920.82538 12.63 0.03
1922.81209 12.811 0.029
1928.77319 12.634 0.028
1929.85494 12.422 0.023
1931.80373 12.421 0.025
1933.80411 12.803 0.025
1935.73514 12.834 0.027
1937.81985 12.786 0.024
1939.8188 12.541 0.024
1945.87031 12.623 0.026
1947.81954 12.973 0.028
1949.78372 12.847 0.034
1950.84262 12.621 0.029
1954.8559 12.698 0.041
1955.79768 12.497 0.027
1958.78192 12.604 0.025
1961.77385 12.57 0.024
1962.8237 12.904 0.029
1963.80338 12.794 0.025
1964.78925 12.547 0.024
1966.77219 12.39 0.024
1967.78445 12.529 0.026
1968.77623 12.711 0.029
1971.78055 12.425 0.029
1976.79829 12.521 0.046
1977.73293 12.439 0.045
1978.75039 12.768 0.043
1981.78419 12.531 0.04
1982.7316 12.474 0.033
1984.72569 12.626 0.04
1985.72036 12.907 0.041
1993.73213 12.487 0.045
1994.72574 12.779 0.036
1995.77623 12.395 0.051
1996.69646 12.671 0.046
1997.69852 12.471 0.045
1998.69483 12.547 0.049
1998.69483 12.621 0.049
1999.69129 12.488 0.055
2000.68754 12.869 0.049
2009.70855 12.725 0.059
2016.64704 12.867 0.061
2018.64214 12.429 0.057
2025.59975 12.492 0.024
2026.62833 12.801 0.027
2027.62465 12.844 0.032
2030.61098 12.472 0.03
2032.61349 13.005 0.023
2037.59739 13.024 0.039
2038.6209 12.605 0.072
2052.55632 12.623 0.026
2053.58012 12.764 0.026
2054.56391 13.068 0.054
2055.55943 12.466 0.03
2057.55719 12.723 0.026
2058.55352 12.878 0.028
2064.5586 12.618 0.071
2067.53026 12.531 0.03
2068.54167 12.725 0.025
2069.54422 12.741 0.026
2070.53468 12.576 0.028
2071.53888 12.484 0.036
2081.50517 12.455 0.026
2083.50318 12.517 0.028
2086.48726 12.699 0.026
2093.46922 12.361 0.03
2095.50515 12.491 0.05
2103.4829 12.523 0.028
2105.51588 12.426 0.028
2133.4831 12.502 0.03
2251.85822 12.368 0.064
2256.84976 12.408 0.054
2443.5157 12.531 0.019
2446.57923 12.682 0.031
2452.47992 12.703 0.02
2454.48925 12.551 0.03
2454.48925 12.565 0.036
2459.47998 12.632 0.025
2463.46082 12.468 0.019
2465.49786 12.882 0.02
2467.49661 12.545 0.018
2469.5013 12.635 0.024
2474.48362 12.69 0.027
2489.46245 12.542 0.034
2493.46487 12.617 0.027
2501.47241 12.751 0.037
2622.85856 12.538 0.039
2628.84978 12.691 0.032
2628.84978 12.703 0.034
2638.83955 12.694 0.044
2642.83691 12.696 0.022
2646.81142 12.687 0.024
2649.86799 12.774 0.03
2650.81057 12.852 0.02
2652.8405 12.455 0.028
2657.82763 12.546 0.032
2659.85052 12.768 0.037
2666.80255 12.713 0.025
2669.84247 12.727 0.029
2672.83706 12.547 0.027
2675.79236 12.866 0.023
2677.79929 12.608 0.022
2683.78743 12.56 0.022
2685.78064 12.889 0.028
2692.83507 12.345 0.028
2694.7731 12.672 0.024
2697.78995 12.519 0.025
2699.75765 12.602 0.02
2701.75603 12.826 0.026
2703.75448 12.549 0.024
2705.74689 12.559 0.028
2707.74629 12.815 0.024
2709.71863 12.614 0.031
2711.70912 12.689 0.028
2713.69991 12.705 0.027
2714.80506 12.824 0.025
2719.76307 12.765 0.031
2721.73992 13.033 0.025
2723.71938 12.655 0.024
2724.8857 12.716 0.027
2726.73183 12.802 0.02
2728.72726 12.552 0.025
2730.72352 12.589 0.022
2732.85281 12.63 0.029
2734.70299 12.56 0.019
2736.6898 12.58 0.023
2738.69454 12.659 0.021
2740.70654 12.691 0.021
2747.68787 12.682 0.033
2750.72992 12.752 0.025
2751.81283 12.524 0.031
2754.67053 12.629 0.018
2755.82727 12.621 0.024
2757.62165 12.594 0.019
2759.6544 12.707 0.022
2760.73842 12.851 0.031
2762.70306 12.801 0.039
2769.7298 12.842 0.031
2782.58712 12.573 0.02
2783.72429 12.564 0.028
2785.65533 12.603 0.024
2790.63446 12.446 0.032
2793.53763 12.576 0.026
2796.53899 12.947 0.027
2804.69447 12.44 0.042
2809.51473 12.554 0.022
2810.64393 12.611 0.024
2812.56808 12.525 0.021
2820.57378 12.771 0.019
2829.46596 12.589 0.024
2831.51325 12.935 0.026
2836.5412 12.755 0.025
2842.52372 12.615 0.036
2845.51992 12.703 0.019
2851.47003 12.742 0.022
2858.46975 12.617 0.025
2860.48824 12.807 0.028
2862.4913 13.049 0.029
2868.51168 12.543 0.041
2879.48653 12.574 0.025
2985.85699 12.838 0.046
2989.85157 12.549 0.033
2994.85834 12.594 0.038
2998.8548 12.628 0.038
3003.84665 12.429 0.036
3007.8229 12.28 0.065
3010.86439 13.151 0.031
3025.85576 12.763 0.047
3030.83893 13.092 0.032
3034.81283 12.617 0.034
3038.87193 12.516 0.07
3042.80554 12.61 0.039
3051.77786 12.904 0.03
3054.79222 12.656 0.063
3057.79058 12.933 0.026
3059.8435 12.726 0.025
3062.76567 12.94 0.055
3066.77048 12.803 0.027
3068.80336 12.496 0.035
3070.80178 12.671 0.035
3075.78932 12.732 0.045
3077.83496 12.573 0.036
3080.73381 12.777 0.041
3086.76452 12.846 0.026
3088.78396 12.628 0.033
3090.81606 12.904 0.044
3093.6879 12.808 0.032
3097.70837 12.935 0.029
3102.7158 12.728 0.041
3102.84667 12.747 0.041
3104.72897 12.571 0.033
3106.72912 12.513 0.047
3108.7314 12.633 0.026
3112.76437 12.747 0.032
3114.81639 12.915 0.028
3118.64954 12.572 0.028
3122.64628 12.313 0.052
3130.63911 12.786 0.041
3132.63574 12.614 0.029
3134.64533 12.976 0.026
3142.6588 12.575 0.024
3145.67293 12.446 0.035
3162.63163 12.627 0.029
3164.64102 12.951 0.052
3167.63935 12.684 0.026
3169.66413 12.905 0.026
3176.66261 12.663 0.047
3179.54637 12.507 0.024
3185.48414 12.608 0.035
3187.53816 12.866 0.033
3190.5715 12.825 0.034
3357.85787 12.931 0.044
3363.85969 12.542 0.044
3384.84007 12.613 0.043
3388.81724 12.744 0.052
3391.83998 12.989 0.042
3395.85132 12.655 0.041
3398.87142 12.797 0.053
3403.89003 12.588 0.04
3406.82587 12.904 0.043
3409.81627 12.808 0.047
3412.81551 12.93 0.031
3415.79613 12.522 0.04
3418.78951 13.119 0.033
3430.83648 12.855 0.038
3432.87298 12.744 0.036
3436.76094 12.607 0.042
3439.78206 12.928 0.042
3443.74324 12.839 0.059
3445.77664 12.553 0.04
3447.80223 12.996 0.036
3449.84425 12.486 0.068
3449.84425 12.505 0.071
3458.74088 13.165 0.035
3460.75709 12.597 0.035
3463.67808 12.626 0.035
3465.72011 12.665 0.056
3468.71189 12.885 0.028
3470.72391 12.737 0.027
3472.774 13.004 0.034
3474.85686 12.603 0.05
3481.67321 12.802 0.034
3489.68046 12.834 0.029
3491.68465 12.629 0.051
3497.70761 12.68 0.031
3500.72025 12.678 0.035
3503.56993 12.831 0.027
3506.60889 12.897 0.029
3520.61834 12.791 0.043
3522.64192 12.661 0.043
3524.67306 12.428 0.071
3526.65989 12.872 0.048
3528.66309 12.645 0.036
3530.67066 12.856 0.035
3542.67212 12.438 0.045
3552.62117 12.356 0.067
3559.51746 12.716 0.042
3561.5385 12.692 0.042
3569.51566 12.961 0.03
3573.52231 12.796 0.03
3575.5512 12.61 0.028
3578.52984 12.857 0.026
3583.47483 12.811 0.035
3585.52652 12.611 0.03
3587.53973 12.829 0.028
3600.47342 12.629 0.038
3602.50705 13.182 0.045
3606.47157 12.509 0.044
3616.47204 12.662 0.054
3716.85607 12.664 0.047
3721.85712 12.564 0.044
3725.8609 12.434 0.046
3733.86194 12.921 0.034
3737.85205 12.811 0.037
3741.84536 12.643 0.032
3745.83846 12.534 0.034
3749.83796 12.723 0.05
3753.82785 12.942 0.049
3759.8259 12.565 0.042
3763.81548 12.924 0.056
3767.81407 12.82 0.049
3770.84812 12.592 0.053
3774.78504 12.752 0.046
3780.80617 12.524 0.046
3787.83771 13.032 0.04
3790.77974 12.468 0.038
3798.76113 12.748 0.068
3802.72273 12.996 0.051
3804.78385 12.894 0.051
3807.83587 12.815 0.045
3813.76896 12.563 0.055
3815.82747 12.864 0.046
3818.70135 12.511 0.039
3820.768 12.57 0.048
3822.78463 12.621 0.044
3825.68738 12.815 0.053
3827.73642 12.551 0.044
3829.79537 12.813 0.036
3832.66865 12.778 0.041
3834.70285 12.632 0.035
3847.67676 12.829 0.05
3849.66681 12.525 0.031
3851.6642 12.954 0.029
3853.70497 12.678 0.032
3860.64124 12.619 0.034
3862.62245 12.793 0.036
3868.61664 12.833 0.048
3870.61433 12.585 0.037
3872.61964 12.864 0.036
3877.75129 12.547 0.034
3883.63185 12.661 0.038
3887.59137 12.711 0.033
3896.53535 12.571 0.043
3898.56266 12.876 0.043
3900.58433 12.86 0.046
3902.59379 13.158 0.038
3904.61676 12.578 0.04
3906.6329 12.839 0.035
3908.62692 12.881 0.035
3912.65159 12.705 0.031
4106.83948 12.649 0.05
4127.88262 12.792 0.033
4134.82709 12.971 0.04
4151.75502 12.808 0.03
4154.77423 12.56 0.063
4157.77613 12.576 0.037
4160.76173 12.751 0.054
4168.79816 12.652 0.076
4173.8179 12.852 0.04
4176.71913 12.91 0.052
4179.77068 12.717 0.046
4181.82275 12.813 0.065
4184.69605 12.596 0.042
4187.81809 12.666 0.047
4190.68892 12.61 0.037
4202.67695 12.897 0.039
4204.70393 12.348 0.058
4228.65923 12.68 0.031
4230.6568 12.712 0.037
4232.65599 12.951 0.033
4234.657 12.637 0.034
4238.72428 12.523 0.058
4250.5749 12.757 0.044
4254.57413 13.082 0.073
4256.63141 12.708 0.038
4258.63757 12.72 0.043
4277.57468 12.571 0.049
4281.57566 12.822 0.07
4283.59076 13.222 0.052
4285.58611 12.724 0.046
4291.5949 12.694 0.039
4293.58793 12.924 0.035
4295.59169 12.58 0.036
4297.58781 12.673 0.052
4299.56123 13.093 0.036
4305.46159 12.509 0.069
4307.53175 12.58 0.071
4312.5611 12.604 0.052
4332.47072 12.644 0.05
4334.50599 12.668 0.065
4455.85767 13.043 0.039
4459.85346 13.298 0.061
4470.84282 13.142 0.064
4482.84645 12.63 0.045
4486.82636 12.89 0.039
4497.86335 12.62 0.042
4500.86242 12.925 0.067
4503.82999 12.624 0.057
4514.82542 12.895 0.056
4517.79772 12.539 0.052
4523.8235 12.659 0.034
4526.76516 12.817 0.048
4529.75748 12.634 0.033
4532.75054 13.046 0.052
4535.83693 12.922 0.036
4537.84369 12.594 0.032
4540.73326 12.692 0.06
4543.71031 13.02 0.04
4545.74906 12.592 0.065
4552.80364 12.687 0.038
4554.8232 12.673 0.053
4557.67748 12.816 0.039
4559.72502 12.699 0.039
4561.75602 13.054 0.034
4564.66528 13.017 0.034
4566.70939 12.704 0.036
4568.72424 12.907 0.037
4570.77265 13.034 0.033
4572.68066 12.861 0.039
