1877.85522 8.642 0.061
1884.85494 8.688 0.06
1886.8318 8.323 0.048
1888.83287 8.466 0.058
1905.79167 8.38 0.074
1907.79031 8.388 0.046
1913.84242 8.332 0.046
1918.7773 8.359 0.05
1920.76886 8.418 0.054
1922.76007 8.622 0.046
1924.82056 8.495 0.038
1925.82735 8.327 0.05
1926.8218 8.399 0.042
1928.85953 8.597 0.045
1929.86701 8.668 0.039
1931.75584 8.334 0.044
1933.76544 8.429 0.043
1935.84857 8.687 0.04
1937.80257 8.444 0.04
1939.78717 8.357 0.038
1945.85044 8.356 0.038
1947.78113 8.562 0.041
1949.72852 8.674 0.045
1950.76021 8.448 0.043
1953.76112 8.482 0.049
1954.76567 8.549 0.057
1954.78998 8.607 0.057
1958.75685 8.325 0.053
1961.74654 8.65 0.051
1963.75188 8.41 0.056
1964.75679 8.308 0.051
1965.74037 8.369 0.053
1966.74904 8.503 0.053
1967.75387 8.61 0.06
1968.73945 8.677 0.059
1981.72629 8.649 0.068
1982.70402 8.575 0.066
2025.59309 8.569 0.04
2034.5859 8.528 0.048
2037.60918 8.494 0.073
2040.5934 8.725 0.083
2053.56535 8.582 0.057
2055.54732 8.268 0.066
2056.55571 8.497 0.061
2058.54603 8.601 0.08
2064.53082 8.538 0.08
2068.52552 8.379 0.071
2071.5274 8.699 0.063
2079.48323 8.605 0.053
2081.50093 8.311 0.074
2083.5511 8.602 0.061
2086.47646 8.416 0.065
2088.48697 8.305 0.07
2093.45417 8.291 0.076
2116.46904 8.625 0.044
2125.50192 8.364 0.051
2129.50463 8.655 0.038
2135.50011 8.585 0.054
2142.48114 8.695 0.048
2145.47297 8.276 0.044
2249.83486 8.33 0.077
2442.48621 8.31 0.039
2444.48262 8.461 0.03
2445.56331 8.593 0.053
2452.46918 8.64 0.06
2459.48312 8.662 0.046
2463.46636 8.402 0.027
2465.50126 8.629 0.036
2467.48653 8.495 0.03
2469.482 8.354 0.035
2473.4598 8.616 0.048
2482.49199 8.386 0.066
2491.47912 8.635 0.064
2497.4899 8.607 0.043
2499.50833 8.588 0.041
2502.50138 8.461 0.052
2521.47515 8.406 0.037
2526.47965 8.349 0.043
2622.84711 8.392 0.034
2625.84117 8.484 0.032
2629.80608 8.321 0.038
2635.80432 8.363 0.039
2638.83659 8.52 0.037
2641.84862 8.544 0.029
2644.84221 8.505 0.032
2649.84763 8.337 0.04
2651.82633 8.533 0.03
2654.8618 8.483 0.031
2657.81848 8.534 0.035
2658.78782 8.598 0.03
2660.85217 8.631 0.033
2662.81052 8.377 0.033
2664.82703 8.547 0.027
2665.86545 8.677 0.035
2666.85935 8.682 0.029
2669.81487 8.385 0.027
2672.79516 8.682 0.03
2674.83121 8.326 0.028
2676.79658 8.448 0.025
2678.78292 8.663 0.03
2680.78063 8.453 0.028
2684.75029 8.611 0.029
2685.78729 8.73 0.037
2686.76102 8.583 0.035
2688.75216 8.346 0.029
2690.75895 8.569 0.034
2692.81607 8.678 0.032
2694.75916 8.333 0.029
2695.8016 8.433 0.032
2697.73261 8.611 0.039
2699.74351 8.608 0.03
2701.74429 8.352 0.033
2703.74276 8.582 0.031
2705.7351 8.692 0.034
2707.73452 8.321 0.028
2709.70055 8.511 0.027
2711.67379 8.675 0.03
2712.81173 8.579 0.029
2714.69089 8.382 0.028
2717.69629 8.652 0.03
2719.85174 8.348 0.044
2721.72703 8.388 0.033
2724.86407 8.704 0.034
2726.7246 8.307 0.042
2728.71302 8.453 0.038
2730.70939 8.686 0.044
2732.82376 8.394 0.048
2736.65997 8.656 0.028
2738.6624 8.517 0.037
2740.68138 8.333 0.037
2742.59383 8.595 0.036
2743.75156 8.637 0.035
2749.81202 8.669 0.04
2751.59677 8.557 0.027
2755.61817 8.602 0.028
2756.75352 8.662 0.029
2757.84036 8.579 0.041
2761.61946 8.555 0.028
2762.72905 8.632 0.038
2763.84345 8.683 0.042
2775.65241 8.668 0.032
2782.6901 8.676 0.04
2784.61351 8.337 0.03
2785.75836 8.373 0.033
2787.70038 8.618 0.032
2790.76388 8.407 0.038
2793.52791 8.448 0.034
2796.52007 8.614 0.034
2808.67604 8.681 0.034
2810.55866 8.314 0.029
2811.71324 8.379 0.036
2813.6438 8.595 0.04
2819.54639 8.503 0.034
2821.57674 8.682 0.043
2826.55403 8.585 0.031
2829.57579 8.381 0.051
2831.59918 8.386 0.035
2833.57115 8.626 0.053
2834.6385 8.681 0.046
2836.55211 8.316 0.033
2839.60808 8.572 0.038
2842.53207 8.376 0.046
2845.52838 8.523 0.033
2853.48162 8.647 0.034
2854.56593 8.626 0.03
2858.56724 8.562 0.033
2862.53789 8.306 0.035
2866.55547 8.7 0.036
2875.50406 8.342 0.04
2877.50283 8.503 0.032
2879.50785 8.698 0.03
2883.48782 8.448 0.033
2885.50676 8.667 0.035
2975.83841 8.622 0.035
2978.85003 8.318 0.032
2982.83503 8.671 0.043
2986.82788 8.469 0.036
2989.84393 8.667 0.036
2996.8412 8.605 0.03
2998.83872 8.353 0.035
3005.8027 8.393 0.03
3008.82491 8.683 0.032
3012.79769 8.457 0.035
3016.8379 8.367 0.032
3019.82305 8.516 0.038
3025.79491 8.452 0.028
3030.78033 8.322 0.036
3033.80433 8.634 0.029
3036.81666 8.325 0.03
3041.79815 8.637 0.034
3043.82074 8.31 0.035
3047.7597 8.678 0.03
3051.7476 8.483 0.028
3053.82545 8.674 0.035
3056.77653 8.341 0.029
3061.80724 8.49 0.029
3064.74493 8.46 0.032
3067.83173 8.608 0.03
3069.79079 8.349 0.033
3071.77895 8.58 0.035
3073.86074 8.68 0.035
3076.70796 8.39 0.03
3078.75964 8.597 0.033
3080.78044 8.618 0.04
3082.85045 8.342 0.038
3086.80878 8.677 0.058
3089.66963 8.379 0.031
3091.73642 8.619 0.03
3093.71989 8.599 0.032
3097.69728 8.582 0.032
3099.74342 8.669 0.034
3101.77445 8.344 0.035
3103.80577 8.527 0.037
3105.7828 8.672 0.034
3107.78517 8.313 0.032
3109.82413 8.496 0.036
3112.60984 8.663 0.031
3114.67361 8.301 0.032
3116.66874 8.516 0.03
3125.64164 8.659 0.034
3127.65664 8.311 0.039
3129.70164 8.533 0.036
3131.71768 8.683 0.037
3133.72081 8.32 0.036
3134.70854 8.374 0.03
3144.73268 8.692 0.032
3153.61354 8.338 0.033
3158.67813 8.505 0.04
3160.68038 8.37 0.036
3163.68993 8.693 0.035
3165.69314 8.328 0.034
3168.71351 8.571 0.035
3177.7118 8.58 0.032
3177.75285 8.589 0.037
3180.61314 8.44 0.035
3183.60719 8.667 0.034
3185.59876 8.302 0.035
3187.62969 8.496 0.035
3219.52181 8.472 0.042
3358.83211 8.553 0.06
3384.83433 8.477 0.074
3387.83545 8.557 0.055
3390.78818 8.579 0.048
3390.83988 8.606 0.06
3394.84265 8.527 0.042
3397.82013 8.416 0.039
3400.81328 8.505 0.042
3403.84462 8.535 0.046
3406.79118 8.424 0.05
3409.79527 8.659 0.043
3412.78472 8.402 0.033
3415.76193 8.626 0.033
3418.75276 8.282 0.046
3422.82649 8.619 0.065
3424.80858 8.329 0.039
3426.78932 8.483 0.033
3430.85161 8.314 0.043
3433.72615 8.59 0.057
3436.77709 8.372 0.037
3439.76639 8.494 0.043
3445.75393 8.435 0.072
3447.77789 8.54 0.08
3449.70717 8.409 0.049
3449.77526 8.258 0.095
3452.67964 8.477 0.054
3452.70573 8.528 0.065
3454.73463 8.679 0.039
3456.74373 8.302 0.042
3458.7356 8.488 0.051
3460.75026 8.628 0.04
3463.64957 8.298 0.045
3465.70717 8.528 0.039
3468.68776 8.514 0.037
3470.6993 8.344 0.035
3472.73205 8.594 0.037
3474.7438 8.633 0.041
3479.66073 8.631 0.048
3481.65663 8.502 0.039
3483.67282 8.368 0.044
3489.8015 8.315 0.047
3491.82345 8.473 0.071
3497.82824 8.478 0.043
3501.5033 8.363 0.048
3503.59821 8.447 0.041
3506.61354 8.664 0.047
3509.64087 8.368 0.039
3511.68668 8.615 0.04
3515.69137 8.339 0.037
3517.67674 8.578 0.051
3521.6018 8.3 0.037
3525.62516 8.705 0.039
3538.57426 8.708 0.035
3540.61436 8.322 0.052
3550.60827 8.681 0.066
3552.67274 8.447 0.049
3555.67187 8.564 0.043
3563.55096 8.568 0.06
3569.63381 8.605 0.038
3573.59345 8.338 0.037
3575.60549 8.522 0.039
3578.54974 8.507 0.04
3584.53706 8.601 0.044
3586.58613 8.324 0.047
3589.48913 8.659 0.051
3591.55747 8.375 0.074
3593.5482 8.367 0.042
3597.54848 8.895 0.038
3601.5406 8.581 0.043
3604.49626 8.471 0.051
3608.48879 8.607 0.043
3618.48402 8.373 0.061
3622.47883 8.661 0.051
3714.84733 8.348 0.058
3719.83825 8.656 0.049
3724.83177 8.586 0.063
3727.83167 8.308 0.062
3731.84263 8.622 0.052
3735.8122 8.364 0.051
3738.85876 8.672 0.043
3742.80589 8.445 0.052
3746.80578 8.367 0.051
3750.80439 8.61 0.057
3753.82992 8.337 0.045
3756.82197 8.581 0.044
3762.82895 8.547 0.061
3765.81968 8.458 0.055
3769.77477 8.583 0.065
3772.80726 8.31 0.051
3775.79181 8.535 0.049
3778.78983 8.463 0.042
3788.80836 8.548 0.041
3791.74996 8.505 0.051
3793.80142 8.364 0.045
3796.74013 8.616 0.035
3798.8027 8.256 0.048
3801.72167 8.551 0.071
3804.71141 8.441 0.05
3806.77858 8.347 0.043
3809.75836 8.667 0.049
3811.79559 8.324 0.041
3814.69069 8.512 0.049
3816.73905 8.662 0.044
3818.80349 8.344 0.054
3821.66829 8.585 0.043
3823.71881 8.551 0.038
3825.74234 8.312 0.043
3827.80963 8.56 0.039
3830.64629 8.417 0.069
3832.69703 8.381 0.046
3834.68678 8.613 0.046
3836.70369 8.568 0.041
3850.66374 8.248 0.072
3852.67043 8.473 0.048
3854.68523 8.59 0.076
3856.72476 8.328 0.047
3861.56987 8.674 0.037
3863.60537 8.305 0.041
3865.62075 8.462 0.041
3867.66625 8.668 0.044
3869.67717 8.343 0.044
3871.66603 8.42 0.041
3874.7494 8.653 0.048
3882.6152 8.348 0.041
3886.6475 8.656 0.051
3890.62589 8.361 0.035
3892.61612 8.605 0.038
3894.64824 8.611 0.032
3897.69679 8.473 0.059
3900.52261 8.672 0.036
3902.55999 8.305 0.041
3904.57066 8.478 0.06
3906.58523 8.699 0.045
3908.58357 8.324 0.041
3912.68563 8.642 0.039
4089.83777 8.319 0.052
4104.82189 8.418 0.06
4107.83086 8.568 0.045
4109.84838 8.284 0.066
4121.80352 8.364 0.055
4126.83677 8.652 0.044
4127.85471 8.445 0.059
4129.82012 8.379 0.046
4131.79831 8.635 0.048
4132.8337 8.657 0.04
4134.82774 8.327 0.054
4135.80626 8.332 0.061
4137.8276 8.597 0.046
4146.8196 8.504 0.058
4150.82349 8.58 0.043
4151.71687 8.613 0.047
4153.78661 8.365 0.048
4153.81867 8.386 0.04
4156.74367 8.513 0.055
4156.78478 8.544 0.064
4158.81302 8.691 0.053
4159.76739 8.507 0.059
4160.8283 8.289 0.056
4162.78689 8.471 0.054
4163.81798 8.616 0.059
4164.79113 8.619 0.052
4165.8297 8.597 0.069
4167.73979 8.308 0.052
4172.79684 8.509 0.051
4175.69493 8.464 0.051
4176.7386 8.567 0.05
4177.84079 8.652 0.049
4180.72241 8.319 0.045
4182.71431 8.532 0.048
4182.81416 8.541 0.043
4188.7771 8.473 0.039
4190.74874 8.669 0.043
4192.73828 8.343 0.04
4194.76589 8.433 0.039
4197.7698 8.665 0.046
4200.70308 8.369 0.038
4203.70648 8.622 0.04
4205.71201 8.308 0.045
4208.77774 8.552 0.046
4213.68319 8.373 0.042
4216.67279 8.65 0.045
4227.61588 8.476 0.042
4228.82186 8.647 0.048
4230.7931 8.505 0.051
4232.79347 8.353 0.043
4237.58647 8.426 0.048
4246.57005 8.417 0.054
4249.56867 8.642 0.044
4253.56966 8.498 0.046
4254.72965 8.634 0.048
4257.55553 8.268 0.043
4259.57994 8.441 0.039
4267.60741 8.598 0.044
4269.64044 8.505 0.048
4272.58683 8.454 0.038
4274.6062 8.638 0.04
4277.59589 8.337 0.044
4283.65539 8.272 0.068
4285.64293 8.477 0.053
4289.63897 8.311 0.049
4291.64271 8.435 0.041
4293.6331 8.627 0.037
4295.64894 8.433 0.046
4297.63956 8.352 0.057
4299.60963 8.622 0.06
4301.56839 8.637 0.06
4303.58181 8.302 0.043
4305.56248 8.566 0.043
4307.58272 8.641 0.056
4310.59472 8.346 0.052
4312.59173 8.605 0.047
4316.55903 8.316 0.041
4330.47854 8.429 0.041
4332.5018 8.671 0.038
4334.52189 8.421 0.04
4338.52795 8.596 0.048
4341.50894 8.314 0.042
4344.49554 8.527 0.047
4346.50338 8.659 0.055
4349.48139 8.348 0.04
4352.48141 8.67 0.036
4356.47879 8.48 0.056
4432.85053 8.309 0.054
4436.83881 8.683 0.049
4436.85038 8.678 0.049
4440.84268 8.47 0.047
4453.83181 8.482 0.05
4455.84578 8.767 0.058
4457.82965 8.268 0.053
4461.81818 8.664 0.044
4463.85392 8.4 0.045
4464.83187 8.337 0.047
4467.83341 8.633 0.065
4468.80956 8.62 0.054
4471.85373 8.352 0.047
4476.84436 8.362 0.065
4478.81808 8.342 0.058
4479.83966 8.513 0.044
4482.81621 8.674 0.063
4484.84616 8.367 0.043
4486.80324 8.677 0.06
4487.81731 8.61 0.049
4494.81675 8.656 0.044
4498.82193 8.455 0.041
4500.83943 8.644 0.051
4501.80688 8.63 0.041
4504.79621 8.428 0.045
4504.80076 9.364 0.042
4507.78353 8.59 0.052
4510.78036 8.315 0.052
4517.75341 8.452 0.044
4519.78434 8.626 0.044
4522.73713 8.305 0.04
4524.79415 8.494 0.037
4526.86097 8.671 0.045
4528.77161 8.317 0.042
4529.72657 8.327 0.044
4531.78224 8.563 0.04
4535.72741 8.276 0.043
4537.76453 8.501 0.038
4540.6958 8.582 0.049
4542.73623 8.333 0.043
4543.71957 8.479 0.051
4546.76813 8.679 0.045
4548.75919 8.296 0.055
4553.72972 8.563 0.043
4555.75702 8.348 0.038
4557.90505 8.562 0.052
4560.64532 8.426 0.039
4562.69779 8.391 0.045
4564.67475 9.188 0.044
4564.77623 8.573 0.063
4566.77199 8.484 0.042
4569.61678 8.451 0.039
4571.66571 8.64 0.041
4573.68252 8.362 0.045
4575.69853 8.404 0.043
