1907.8361 11.235 0.034
1915.87257 11.245 0.041
1918.81329 11.279 0.041
1920.80951 11.25 0.039
1922.80344 11.223 0.037
1925.84287 11.209 0.047
1926.8509 11.23 0.034
1928.88463 11.189 0.044
1930.78987 11.231 0.032
1932.77595 11.242 0.035
1938.78756 11.261 0.032
1940.78794 11.255 0.032
1946.73324 11.256 0.039
1948.76311 11.278 0.037
1950.73191 11.235 0.037
1953.77189 11.278 0.037
1954.79159 11.285 0.041
1955.79701 11.497 0.034
1961.77755 11.253 0.034
1962.83948 11.223 0.041
1964.71538 11.243 0.04
1965.76803 11.262 0.036
1966.79055 11.291 0.037
1967.82072 11.304 0.04
1968.79648 11.304 0.044
1971.79572 11.25 0.043
1977.73666 11.272 0.047
1979.67266 11.385 0.049
1981.73944 11.294 0.047
1982.73302 11.252 0.043
2039.64606 11.253 0.047
2040.61838 11.262 0.048
2054.60305 11.248 0.05
2062.55755 11.212 0.062
2064.54729 11.213 0.057
2067.56261 11.435 0.041
2068.55991 11.605 0.041
2070.54839 11.287 0.04
2079.50844 11.294 0.038
2083.51541 11.265 0.044
2085.51826 11.239 0.034
2093.48414 11.251 0.044
2104.52584 11.216 0.046
2136.47156 11.312 0.035
2158.50229 11.26 0.041
2440.54165 11.283 0.03
2442.54143 11.264 0.027
2443.53668 11.263 0.026
2444.53686 11.243 0.024
2452.49236 11.269 0.047
2456.50467 11.235 0.045
2459.49504 11.239 0.034
2464.48615 11.268 0.042
2466.50266 11.245 0.028
2468.51527 11.232 0.025
2470.49242 11.219 0.038
2474.45866 11.254 0.051
2490.52014 11.239 0.03
2494.4822 11.222 0.031
2498.51521 11.259 0.03
2503.53455 11.245 0.045
2509.53137 11.25 0.062
2511.50873 11.196 0.045
2512.53875 11.253 0.034
2520.47829 11.272 0.026
2521.49713 11.244 0.034
2524.50277 11.229 0.034
2545.47874 11.228 0.035
2623.84619 11.234 0.028
2629.82912 11.272 0.032
2635.80432 11.223 0.034
2635.8317 11.25 0.032
2639.82933 11.501 0.026
2643.82087 11.219 0.027
2646.81706 11.237 0.025
2649.84763 11.358 0.045
2650.79479 11.245 0.027
2652.82932 11.253 0.032
2657.81848 11.243 0.04
2659.82692 11.499 0.033
2660.85217 11.474 0.034
2661.83864 11.355 0.033
2663.83438 11.229 0.036
2665.86545 11.274 0.037
2669.79596 11.266 0.033
2672.81787 11.271 0.036
2677.79886 11.237 0.038
2679.82872 11.257 0.042
2681.79626 11.492 0.032
2683.78911 11.456 0.035
2685.78729 11.277 0.043
2689.78242 11.256 0.038
2691.77291 11.239 0.033
2693.85703 11.332 0.045
2695.8016 11.298 0.034
2698.77534 11.229 0.046
2700.82252 11.268 0.038
2704.80002 11.462 0.036
2706.77906 11.264 0.027
2710.74038 11.222 0.025
2712.74267 11.268 0.028
2714.72267 11.235 0.027
2717.72374 11.25 0.047
2720.67449 11.223 0.037
2722.71482 11.244 0.045
2723.89292 11.518 0.032
2725.72609 11.446 0.049
2727.73428 11.354 0.038
2731.83036 11.233 0.028
2734.66345 11.291 0.036
2736.69861 11.273 0.049
2738.70794 11.258 0.049
2740.71999 11.241 0.044
2742.634 11.317 0.043
2743.78981 11.244 0.032
2749.81932 11.227 0.034
2751.61678 11.392 0.038
2755.64113 11.228 0.044
2756.81471 11.419 0.031
2758.79967 11.248 0.04
2760.66265 11.274 0.036
2761.82322 11.208 0.031
2763.63908 11.259 0.033
2766.74943 11.24 0.031
2775.69 11.235 0.04
2776.7808 11.244 0.041
2782.6901 11.255 0.031
2782.72766 11.267 0.034
2785.77087 11.248 0.031
2787.7172 11.254 0.032
2794.56704 11.612 0.027
2808.68355 11.245 0.034
2810.56389 11.274 0.05
2811.71921 11.509 0.031
2813.64668 11.575 0.036
2819.58402 11.263 0.029
2821.59876 11.714 0.032
2826.55937 11.258 0.029
2829.57874 11.235 0.048
2831.60214 11.238 0.038
2832.70004 11.404 0.04
2834.58751 11.273 0.034
2835.68266 11.412 0.034
2838.67573 11.249 0.031
2843.59146 11.26 0.034
2853.48694 11.252 0.03
2854.57203 11.244 0.027
2858.57531 11.562 0.03
2860.56629 11.264 0.035
2862.54586 11.246 0.035
2866.56074 11.238 0.03
2868.57943 11.278 0.03
2876.54037 11.236 0.032
2886.5149 11.22 0.029
2893.49053 11.269 0.034
2895.50568 11.243 0.03
2898.5022 11.225 0.031
2900.49722 11.22 0.03
2908.48345 11.265 0.04
2980.85407 11.525 0.036
2986.84823 11.224 0.038
2994.84006 11.239 0.033
2998.83872 11.262 0.035
3006.84533 11.223 0.056
3010.82225 11.232 0.034
3016.86668 11.259 0.034
3030.80555 11.231 0.033
3038.87926 11.377 0.051
3042.80764 11.272 0.044
3051.80061 11.238 0.031
3054.80491 11.267 0.029
3060.78579 11.262 0.035
3066.85172 11.402 0.032
3069.76235 11.235 0.034
3071.78619 11.272 0.037
3074.73273 11.233 0.034
3076.80386 11.334 0.033
3078.86175 11.243 0.033
3081.73939 11.286 0.036
3085.78677 11.215 0.039
3087.78836 11.563 0.034
3090.70892 11.531 0.034
3092.76384 11.253 0.034
3096.76509 11.279 0.031
3098.74797 11.268 0.032
3100.74995 11.309 0.036
3102.75919 11.255 0.039
3104.80366 11.252 0.036
3106.79679 11.273 0.037
3108.80099 11.492 0.033
3111.64593 11.419 0.031
3113.70737 11.237 0.03
3115.70677 11.215 0.032
3118.75965 11.239 0.033
3122.6623 11.293 0.032
3124.68936 11.252 0.033
3126.65505 11.339 0.04
3128.66007 11.251 0.039
3130.69735 11.332 0.05
3132.70844 11.665 0.043
3134.70854 11.294 0.032
3142.71837 11.289 0.032
3145.71833 11.246 0.044
3153.6584 11.315 0.032
3158.70167 11.156 0.044
3160.71257 11.389 0.051
3163.72793 11.295 0.037
3168.76013 11.264 0.037
3171.71415 11.258 0.036
3175.70236 11.666 0.033
3177.75285 11.229 0.042
3180.62693 11.249 0.035
3183.62164 11.243 0.033
3185.61275 11.252 0.038
3187.64092 11.308 0.038
3190.65897 11.239 0.038
3219.48606 11.233 0.03
3363.85551 11.572 0.047
3384.83433 11.394 0.05
3387.83545 11.319 0.046
3388.80435 11.303 0.043
3391.82985 11.244 0.039
3392.84359 11.166 0.048
3398.84831 11.27 0.04
3402.82313 11.211 0.034
3405.83771 11.285 0.045
3411.82429 11.193 0.035
3414.80777 11.258 0.035
3417.82658 11.287 0.04
3420.79302 11.263 0.045
3423.78325 11.318 0.042
3425.81647 11.271 0.037
3430.84081 11.316 0.036
3436.81794 11.247 0.04
3439.78955 11.281 0.038
3443.75392 11.237 0.032
3445.78715 11.234 0.031
3447.81995 11.256 0.038
3449.70717 11.334 0.05
3452.70573 11.659 0.05
3452.73911 11.519 0.046
3453.68096 11.639 0.048
3455.70313 11.285 0.04
3457.7545 11.24 0.038
3459.75588 11.214 0.034
3462.68706 11.278 0.039
3464.74723 11.259 0.034
3466.79742 11.255 0.037
3469.75887 11.241 0.037
3471.77986 11.442 0.035
3474.66048 11.516 0.033
3476.72289 11.255 0.041
3478.70846 11.199 0.04
3480.69987 11.25 0.041
3482.71003 11.214 0.045
3484.74842 11.241 0.046
3487.83104 11.236 0.042
3490.8052 11.289 0.047
3492.80642 11.551 0.046
3496.79022 11.272 0.035
3500.6062 11.267 0.04
3502.63611 11.229 0.04
3504.64188 11.262 0.034
3508.73437 11.25 0.031
3510.79218 11.239 0.035
3512.63485 11.228 0.036
3515.82012 11.36 0.046
3518.63989 11.582 0.049
3521.77336 11.235 0.042
3523.73075 11.264 0.042
3525.80435 11.328 0.038
3538.58834 11.251 0.035
3540.61835 11.533 0.047
3542.75152 11.252 0.051
3550.63037 11.308 0.039
3552.68732 11.251 0.052
3555.6808 11.192 0.048
3558.69058 11.349 0.045
3560.69516 11.515 0.04
3563.49459 11.475 0.033
3565.49975 11.368 0.045
3569.637 11.272 0.035
3573.59664 11.28 0.039
3575.61148 11.265 0.034
3577.62462 11.287 0.038
3584.55139 11.573 0.036
3586.59197 11.25 0.037
3588.60473 11.306 0.049
3597.53568 11.219 0.046
3601.52957 11.236 0.041
3603.54498 11.21 0.04
3606.54952 11.536 0.053
3617.5217 11.299 0.041
3630.49038 11.247 0.043
3633.48798 11.186 0.041
3726.84075 11.51 0.041
3733.84429 11.239 0.038
3737.83505 11.27 0.043
3741.83281 11.277 0.041
3745.82593 11.276 0.043
3749.82538 11.513 0.047
3753.81701 11.278 0.047
3757.81274 11.562 0.039
3763.84897 11.228 0.047
3767.815 11.249 0.046
3775.83504 11.243 0.044
3779.77192 11.211 0.051
3783.81202 11.239 0.049
3788.84917 11.254 0.043
3791.79714 11.476 0.042
3797.76854 11.242 0.039
3800.76851 11.257 0.052
3803.76308 11.324 0.05
3805.821 11.242 0.041
3808.76456 11.201 0.043
3810.81968 11.242 0.042
3813.7245 11.319 0.045
3817.82335 11.222 0.04
3820.70898 11.248 0.043
3822.76672 11.251 0.042
3825.69654 11.278 0.048
3830.67512 11.234 0.043
3832.72578 11.27 0.043
3834.71186 11.293 0.041
3836.72454 11.56 0.051
3848.69638 11.316 0.059
3850.71169 11.223 0.037
3852.72156 11.252 0.034
3856.79258 11.601 0.044
3861.65979 11.24 0.035
3863.64664 11.205 0.045
3865.6577 11.204 0.049
3867.68997 11.26 0.045
3869.71304 11.315 0.049
3871.70347 11.223 0.038
3874.79411 11.236 0.037
3877.56782 11.225 0.037
3882.67408 11.26 0.037
3886.68682 11.238 0.035
3894.66177 11.235 0.034
3897.70604 11.286 0.053
3902.50359 11.243 0.038
3904.53979 11.582 0.039
3908.56057 11.223 0.037
4104.82189 11.185 0.054
4109.84838 11.31 0.045
4121.80352 11.271 0.047
4127.85471 11.256 0.041
4131.79831 11.197 0.04
4134.82774 11.297 0.044
4137.8276 11.262 0.039
4146.8196 11.253 0.045
4150.82349 11.261 0.041
4153.78661 11.259 0.042
4156.78478 11.4 0.041
4159.76739 11.237 0.041
4161.84181 11.249 0.042
4163.81798 11.256 0.055
4165.8297 11.269 0.054
4168.83448 11.266 0.046
4173.82064 11.252 0.043
4176.7386 11.411 0.045
4179.78605 11.3 0.046
4182.71431 11.259 0.043
4184.77399 11.243 0.048
4188.71598 11.287 0.034
4190.7511 11.22 0.038
4192.74748 11.277 0.041
4194.77516 11.239 0.039
4197.79396 11.612 0.05
4200.72224 11.414 0.034
4203.72157 11.239 0.036
4205.72711 11.237 0.043
4208.81193 11.243 0.05
4213.70259 11.243 0.04
4216.68806 11.271 0.038
4227.65967 11.234 0.039
4229.66323 11.248 0.033
4233.6722 11.266 0.032
4235.6728 11.258 0.035
4246.60501 11.287 0.036
4253.61801 11.254 0.042
4255.65176 11.314 0.036
4257.64978 11.254 0.047
4259.67798 11.317 0.059
4267.6329 11.292 0.044
4269.66286 11.25 0.038
4272.60365 11.251 0.034
4277.60249 11.255 0.035
4285.65185 11.49 0.046
4289.64868 11.259 0.039
4291.65237 11.221 0.044
4293.64202 11.226 0.034
4295.65789 11.259 0.034
4297.64903 11.298 0.044
4299.61973 11.261 0.038
4301.57152 11.264 0.04
4303.58574 11.188 0.035
4305.56561 11.234 0.035
4307.58588 11.263 0.04
4309.63404 11.395 0.059
4312.55001 11.244 0.048
4315.55676 11.233 0.035
4317.61813 11.254 0.033
4330.48161 11.231 0.033
4332.50486 11.598 0.035
4334.52495 11.248 0.034
4338.53097 11.257 0.037
4341.51196 11.279 0.037
4343.52115 11.272 0.035
4345.5359 11.576 0.046
4347.5339 11.276 0.044
4349.531 11.256 0.042
4352.50495 11.37 0.033
4357.50654 11.27 0.035
4359.50043 11.238 0.036
4364.49366 11.286 0.037
4436.85038 11.335 0.047
4455.84578 11.229 0.043
4459.84078 11.242 0.052
4463.85392 11.273 0.041
4467.83341 11.239 0.047
4471.85373 11.267 0.05
4478.81808 11.236 0.053
4482.81621 11.191 0.054
4486.80324 11.277 0.046
4493.84695 11.245 0.038
4497.84647 11.289 0.037
4500.83943 11.225 0.056
4504.80076 11.253 0.035
4507.82048 11.336 0.047
4510.81219 11.243 0.049
4514.83977 11.273 0.044
4520.79187 11.277 0.045
4523.77549 11.336 0.038
4525.84065 11.253 0.037
4528.77161 11.269 0.038
4531.76636 11.288 0.036
4535.76318 11.278 0.041
4537.80474 11.318 0.035
4540.73612 11.778 0.055
4543.71957 11.274 0.043
4545.76716 11.213 0.06
4547.77569 11.231 0.043
4552.76541 11.23 0.036
4554.7863 11.265 0.048
4557.68792 11.257 0.038
4559.74929 11.269 0.037
4561.79827 11.484 0.036
4564.67475 11.409 0.036
4566.72687 11.242 0.041
4568.73481 11.244 0.037
4570.79185 11.265 0.036
4572.69367 11.273 0.04
4574.68844 11.22 0.043
