1887.85963 13.131 0.04
1900.84297 12.887 0.026
1903.84678 12.827 0.026
1905.85319 12.788 0.023
1907.84975 12.798 0.023
1914.8018 12.525 0.026
1919.80822 12.426 0.03
1921.80735 12.265 0.026
1924.87396 12.136 0.027
1925.8642 12.139 0.024
1926.85595 12.04 0.022
1928.88743 12.024 0.036
1930.79538 11.852 0.023
1932.7929 11.745 0.023
1935.7443 11.589 0.024
1937.82426 11.485 0.023
1939.82629 11.374 0.023
1946.74956 10.954 0.027
1948.78841 10.845 0.026
1950.7445 10.738 0.029
1953.77756 10.557 0.029
1954.87336 10.547 0.038
1955.80501 10.416 0.026
1958.79739 10.239 0.029
1961.78561 10.097 0.025
1964.80116 9.975 0.027
1965.78299 9.927 0.028
1966.79887 9.935 0.029
1967.81278 9.844 0.031
1968.80014 9.885 0.038
1976.81477 9.749 0.041
1977.7427 9.77 0.042
1979.68569 9.775 0.045
1981.74327 9.837 0.042
1982.74143 9.837 0.035
1984.73845 9.798 0.044
1985.72831 9.794 0.038
1993.75115 10.027 0.047
1995.66156 10.092 0.045
1996.70011 10.122 0.045
2025.63767 11.35 0.027
2026.65035 11.387 0.026
2027.64005 11.454 0.028
2030.62426 11.619 0.027
2031.64802 11.655 0.027
2032.63128 11.675 0.023
2034.60763 11.696 0.034
2037.63162 11.81 0.031
2039.64961 11.92 0.039
2040.59892 11.979 0.049
2052.57021 12.3 0.028
2053.60085 12.381 0.027
2054.60628 12.344 0.032
2056.58732 12.423 0.026
2057.57798 12.381 0.028
2058.57893 12.451 0.029
2064.55252 12.846 0.047
2067.54002 12.645 0.029
2068.55604 12.749 0.027
2069.56313 12.699 0.024
2070.55347 12.732 0.027
2079.51791 13.029 0.028
2081.52203 12.913 0.028
2083.51788 13.202 0.038
2085.52069 12.963 0.025
2086.52493 12.964 0.026
2087.51629 13.122 0.026
2088.51724 13.244 0.023
2093.48635 13.249 0.03
2095.48622 13.111 0.052
2102.47462 13.398 0.029
2104.53233 13.231 0.033
2106.53224 13.332 0.024
2115.60421 13.835 0.029
2117.50166 13.716 0.027
2129.48605 13.972 0.025
2131.52651 14.117 0.024
2134.48311 14.119 0.025
2141.47765 14.008 0.024
2144.47655 14.411 0.027
2440.54436 13.513 0.02
2442.53494 13.675 0.019
2443.53478 13.617 0.018
2452.50159 13.507 0.027
2454.50646 13.922 0.057
2468.5127 14.015 0.022
2639.83442 13.978 0.019
2643.82843 13.929 0.025
2646.82671 13.688 0.021
2652.84126 13.589 0.025
2659.85587 13.14 0.04
2662.79432 12.959 0.03
2664.82248 12.689 0.023
2667.82384 12.422 0.029
2670.83236 12.044 0.024
2673.81846 11.806 0.026
2676.79007 11.516 0.023
2678.81047 11.416 0.025
2680.80484 11.274 0.029
2684.79443 11.077 0.028
2686.79366 11.049 0.026
2688.78336 10.992 0.046
2690.78786 10.996 0.031
2693.7944 10.864 0.025
2695.80068 10.851 0.029
2700.82623 10.88 0.03
2704.80606 10.961 0.022
2706.79238 10.934 0.023
2712.74197 10.987 0.028
2714.73124 11.051 0.029
2717.73761 11.065 0.027
2720.78856 11.111 0.028
2722.73019 11.128 0.019
2724.74291 11.174 0.025
2726.74656 11.21 0.019
2728.74196 11.227 0.024
2730.74065 11.272 0.02
2733.73446 11.396 0.019
2735.73082 11.436 0.021
2737.69031 11.699 0.02
2739.71945 11.58 0.021
2741.6914 11.588 0.019
2742.83983 11.624 0.033
2744.66808 11.743 0.024
2747.74271 11.824 0.03
2750.78025 11.967 0.032
2752.69638 11.917 0.023
2755.63573 12.039 0.017
2756.81164 12.105 0.02
2758.79658 12.118 0.023
2760.66871 12.248 0.02
2761.83236 12.168 0.036
2763.63594 12.243 0.026
2764.73212 12.29 0.026
2766.76256 12.365 0.023
2770.64769 12.553 0.019
2775.6397 12.862 0.028
2782.60895 12.811 0.019
2783.74452 12.809 0.026
2785.67444 13.015 0.019
2787.62794 12.921 0.019
2790.65332 13.091 0.02
2791.74948 13.089 0.027
2795.52894 13.212 0.057
2808.74115 13.58 0.028
2810.59183 13.376 0.022
2812.56452 13.631 0.02
2820.58992 13.683 0.021
2822.63417 13.549 0.032
2830.53873 13.658 0.024
2831.65638 13.694 0.026
2840.57044 14.198 0.021
2845.55653 13.999 0.02
3003.84783 13.576 0.028
3017.82575 13.487 0.024
3025.85666 12.927 0.024
3030.82966 12.396 0.033
3034.8085 11.909 0.026
3038.88525 11.55 0.045
3042.81368 11.219 0.029
3051.81957 10.847 0.025
3054.81903 10.817 0.023
3057.84655 10.801 0.025
3060.79752 10.824 0.025
3069.76894 10.995 0.04
3071.79819 10.989 0.03
3075.81396 11.098 0.027
3078.73843 11.15 0.027
3080.79476 11.194 0.031
3085.77814 11.327 0.032
3087.77747 11.437 0.035
3090.71578 11.561 0.039
3092.75536 11.622 0.025
3096.75638 11.677 0.026
3098.74441 11.715 0.026
3100.74639 11.943 0.029
3103.74209 11.994 0.027
3105.73758 12.019 0.039
3107.74058 12.049 0.024
3109.74078 12.19 0.024
3111.83014 12.174 0.032
3114.65221 12.34 0.023
3116.6997 12.357 0.023
3121.67701 12.465 0.025
3125.66723 12.577 0.025
3127.67708 12.616 0.056
3130.67007 12.827 0.032
3132.67598 12.841 0.027
3134.67619 12.868 0.023
3142.67935 13.074 0.023
3145.69586 13.048 0.033
3155.62511 13.203 0.028
3158.67139 13.532 0.035
3160.67331 13.568 0.032
3163.68297 13.823 0.028
3165.67727 13.872 0.026
3168.70152 13.557 0.025
3175.673 13.732 0.026
3177.70152 13.804 0.027
3180.60325 14.141 0.025
3187.5523 13.62 0.029
3388.81837 10.861 0.042
3388.82132 10.938 0.039
3391.84401 10.635 0.031
3395.85234 10.269 0.035
3395.85532 10.301 0.032
3399.80752 10.049 0.029
3405.80814 9.668 0.03
3408.8393 9.531 0.027
3411.83305 9.448 0.029
3414.81898 9.431 0.028
3417.81934 9.402 0.033
3420.80471 9.361 0.039
3425.83342 9.446 0.032
3431.84051 9.528 0.035
3438.78281 9.707 0.027
3442.78283 9.815 0.027
3444.79583 9.877 0.036
3446.8333 9.959 0.036
3449.72903 10.089 0.042
3452.71967 10.251 0.037
3454.76859 10.284 0.036
3458.76888 10.419 0.029
3460.78043 10.498 0.031
3463.70055 10.607 0.029
3465.75462 10.675 0.031
3468.7288 10.784 0.024
3470.74428 10.872 0.037
3472.79121 10.949 0.026
3474.86376 10.978 0.041
3477.65136 11.145 0.035
3479.6965 11.191 0.039
3481.69703 11.308 0.029
3483.68646 11.336 0.035
3489.84464 11.556 0.042
3492.61676 11.641 0.046
3496.65762 11.816 0.022
3499.66171 11.877 0.023
3501.70984 11.864 0.033
3503.69922 12.004 0.028
3506.70465 12.134 0.024
3509.70177 12.215 0.025
3516.80168 12.439 0.051
3522.65278 12.559 0.036
3524.68634 12.559 0.03
3526.67171 12.826 0.031
3528.67489 12.794 0.03
3530.68916 13.019 0.032
3537.68662 13.077 0.038
3544.50217 13.232 0.036
3547.60286 13.337 0.026
3554.59611 13.374 0.022
3556.62909 13.49 0.025
3559.61245 13.558 0.027
3561.61604 13.669 0.026
3563.59951 13.64 0.023
3569.54404 14.251 0.025
3571.62815 14.1 0.029
3574.63212 13.928 0.027
3577.54938 13.867 0.026
3583.50408 13.994 0.034
3585.55584 14.3 0.037
3589.57458 14.746 0.024
3606.50109 14.364 0.027
3719.85535 13.834 0.041
3727.84674 13.904 0.033
3738.841 13.669 0.034
3742.83855 13.091 0.035
3746.82631 12.789 0.057
3750.82855 12.305 0.039
3754.81509 12.061 0.035
3760.81149 11.585 0.038
3763.86509 11.358 0.041
3767.82162 11.137 0.039
3772.81134 11.09 0.027
3775.83276 11.08 0.034
3779.79104 10.955 0.048
3783.8315 11.011 0.042
3787.86289 11.044 0.032
3790.79465 11.089 0.038
3793.77919 11.1 0.038
3796.78575 11.309 0.038
3799.76605 11.369 0.033
3802.77173 11.511 0.045
3804.79893 11.52 0.039
3807.8515 11.654 0.032
3810.74775 11.699 0.036
3814.79218 11.803 0.04
3816.81949 11.877 0.042
3819.72171 11.979 0.04
3821.81889 12.043 0.034
3824.70982 12.103 0.031
3826.75704 12.261 0.035
3829.69431 12.341 0.032
3831.74859 12.466 0.045
3833.7365 12.326 0.039
3835.73085 12.54 0.036
3837.74131 12.61 0.034
3847.70097 12.784 0.041
3849.69308 12.759 0.029
3851.69266 12.873 0.033
3853.72699 12.952 0.025
3855.82214 12.814 0.049
3860.65686 13.099 0.027
3862.65201 13.174 0.025
3864.65056 13.057 0.029
3868.66711 13.326 0.041
3870.66142 13.277 0.034
3872.65959 13.316 0.033
3875.76438 13.378 0.031
3881.64112 13.659 0.028
3886.58997 14.287 0.023
3888.59572 13.679 0.047
3890.5869 13.938 0.024
3892.59293 13.741 0.037
3898.61109 15.033 0.034
3900.6308 14.418 0.032
3904.67111 14.059 0.027
3906.6869 14.407 0.026
3908.70909 14.337 0.027
3912.69741 14.065 0.028
4104.84163 13.044 0.042
4104.84642 12.861 0.043
4109.86271 12.543 0.037
4128.81342 11.204 0.029
4128.81971 11.21 0.028
4134.84963 10.928 0.035
4145.81784 10.732 0.035
4149.8302 10.701 0.045
4152.791 10.816 0.035
4152.79616 10.718 0.033
4155.78473 10.663 0.047
4158.78361 10.753 0.03
4160.83581 10.743 0.035
4163.76921 10.774 0.055
4165.82796 10.851 0.044
4172.83564 11.124 0.029
4172.84252 11.006 0.033
4175.75023 11.112 0.043
4180.81443 11.244 0.046
4185.77929 11.342 0.036
4185.78366 11.37 0.036
4189.70515 11.459 0.027
4191.71397 11.519 0.034
4191.72264 11.457 0.038
4193.73135 11.536 0.036
4196.78845 11.544 0.051
4202.73543 11.716 0.039
4204.75789 11.781 0.031
4207.79669 11.834 0.04
4215.69498 12.055 0.03
4215.81007 12.044 0.032
4227.6554 12.213 0.027
4228.6792 12.278 0.029
4230.67765 12.361 0.03
4232.67696 12.21 0.036
4233.66699 12.399 0.025
4234.6717 12.398 0.03
4238.74125 12.621 0.036
4246.6926 12.795 0.028
4254.6345 13.03 0.03
4256.69367 12.862 0.03
4258.76428 13.034 0.031
4273.72238 13.204 0.03
4278.52247 13.464 0.026
4282.5233 13.407 0.052
4284.54386 13.654 0.042
4292.5152 13.892 0.025
4294.52826 14.235 0.028
4296.5202 13.858 0.04
4298.52741 13.572 0.036
4300.48867 14.057 0.039
4356.4802 15.076 0.032
4457.85858 13.967 0.044
4458.85014 13.887 0.038
4461.85664 13.463 0.037
4462.84442 13.323 0.033
4465.83962 13.933 0.048
4470.83506 12.844 0.049
4478.84612 12.523 0.048
4478.85609 12.464 0.044
4482.84737 11.826 0.055
4482.85872 11.991 0.053
4486.82719 11.636 0.036
4493.85345 11.108 0.029
4501.81321 10.715 0.035
4504.83627 10.61 0.037
4504.84171 10.653 0.03
4507.83001 10.606 0.038
4510.82567 10.615 0.043
4514.85444 10.592 0.043
4520.78718 10.698 0.036
4524.84727 10.771 0.026
4527.7726 10.772 0.029
4530.76831 10.79 0.033
4533.81798 10.872 0.039
4536.77712 10.907 0.026
4539.73556 10.987 0.049
4541.78834 11.069 0.028
4543.83295 11.166 0.035
4546.7199 11.235 0.038
4548.77294 11.246 0.038
4553.80196 11.454 0.029
4555.83813 11.59 0.028
4555.85225 11.566 0.029
4558.6992 11.566 0.028
4560.74067 11.736 0.028
4562.8074 11.726 0.031
4565.6801 11.871 0.031
4567.72843 11.927 0.034
4569.71896 11.915 0.03
4571.72061 12.025 0.028
4573.7162 12.158 0.034
