1885.84848 11.178 0.027
1887.85405 11.183 0.028
1889.85223 11.222 0.038
1900.82714 11.141 0.024
1903.82898 11.202 0.03
1905.83771 11.224 0.027
1907.83418 11.287 0.023
1914.78805 11.413 0.026
1915.86797 11.48 0.027
1918.81108 11.6 0.029
1920.80727 11.676 0.03
1922.80115 11.751 0.027
1924.79234 11.823 0.03
1925.8405 11.86 0.032
1926.8392 11.923 0.023
1928.8773 12.042 0.027
1930.78276 12.16 0.022
1932.77342 12.256 0.024
1935.72545 12.457 0.022
1937.81083 12.666 0.023
1939.81268 12.772 0.023
1945.88994 13.254 0.029
1947.82614 13.678 0.028
1949.78472 13.468 0.029
1950.84859 14.185 0.028
2025.62123 12.738 0.025
2026.64076 12.732 0.026
2027.6327 12.633 0.024
2030.61698 12.465 0.025
2031.63848 12.44 0.025
2032.61506 12.426 0.022
2033.60733 12.407 0.025
2034.60047 12.279 0.026
2037.62675 12.12 0.036
2040.62393 11.941 0.045
2040.63588 12.052 0.046
2052.5636 11.467 0.027
2054.56716 11.48 0.04
2054.59297 11.448 0.043
2055.57138 11.401 0.028
2056.58309 11.39 0.022
2057.57149 11.398 0.025
2058.56572 11.428 0.026
2067.53628 11.292 0.029
2068.55009 11.284 0.031
2069.55267 11.274 0.03
2070.54987 11.26 0.03
2079.51244 11.146 0.026
2083.51944 11.122 0.03
2085.52234 11.073 0.024
2087.48584 11.071 0.027
2093.4884 11.156 0.03
2094.60078 11.216 0.026
2102.46811 11.389 0.029
2104.52133 11.45 0.035
2106.52364 11.542 0.028
2115.59616 11.995 0.033
2117.49599 12.21 0.025
2125.46366 12.778 0.032
2129.47172 13.206 0.041
2131.51234 13.158 0.025
2133.52117 13.399 0.039
2135.54099 13.468 0.028
2141.47522 13.813 0.03
2144.47199 13.958 0.029
2248.85311 11.087 0.049
2440.54555 11.666 0.028
2441.5467 11.71 0.048
2442.53629 11.58 0.03
2443.53833 11.596 0.022
2452.4988 11.541 0.037
2454.50857 11.52 0.043
2454.57254 11.541 0.042
2456.50889 11.493 0.034
2462.54081 11.462 0.029
2466.51628 11.513 0.027
2468.51073 11.499 0.03
2470.49714 11.556 0.033
2474.46103 11.668 0.04
2482.46807 11.91 0.043
2490.51841 12.445 0.024
2498.51126 13.096 0.024
2502.51683 13.414 0.032
2512.50488 14.246 0.029
2623.84913 10.874 0.023
2628.85374 10.772 0.035
2635.82295 10.791 0.024
2639.82048 10.845 0.02
2642.84764 10.977 0.034
2646.79347 10.974 0.022
2650.78763 11.097 0.026
2652.82702 11.174 0.035
2657.81137 11.36 0.031
2659.81751 11.399 0.031
2661.83614 11.629 0.039
2663.83182 11.61 0.036
2665.8579 11.796 0.044
2668.85908 11.912 0.038
2671.81548 12.078 0.03
2674.81635 12.328 0.022
2677.77516 12.651 0.033
2679.81416 12.64 0.039
2681.79781 12.871 0.027
2683.79061 13.029 0.023
2685.78875 13.238 0.03
2685.80704 13.291 0.039
2689.78382 13.563 0.028
2691.77426 13.563 0.03
2693.84686 13.959 0.034
2698.77656 14.377 0.021
2700.82601 14.724 0.04
2755.64435 14.716 0.033
2756.82322 14.033 0.031
2758.80293 13.91 0.032
2760.67277 13.895 0.045
2761.84187 13.61 0.036
2763.63092 13.652 0.035
2764.72714 13.496 0.039
2766.73882 13.2 0.025
2775.73246 12.859 0.053
2775.78182 12.576 0.049
2782.78139 12.398 0.025
2783.63214 12.383 0.04
2784.65848 12.266 0.031
2785.78363 12.214 0.025
2787.7351 12.18 0.023
2791.50752 12.105 0.035
2794.5684 12.041 0.037
2809.59501 11.586 0.042
2810.75425 11.521 0.028
2812.58233 11.461 0.04
2813.75221 11.455 0.025
2819.62726 11.298 0.034
2821.62802 11.254 0.042
2836.56271 11.37 0.035
2840.73507 11.466 0.023
2841.6698 11.512 0.033
2843.61752 11.599 0.028
2853.51638 12.015 0.025
2860.58114 12.339 0.026
2862.55818 12.551 0.031
2866.60453 12.914 0.025
2875.51938 13.527 0.035
2882.56986 13.845 0.024
2884.55868 14.092 0.025
2986.85145 11.125 0.033
2989.85426 11.003 0.037
3016.86424 11.076 0.03
3019.84442 11.2 0.047
3030.81825 11.507 0.03
3041.81775 12.171 0.035
3043.82443 12.204 0.041
3057.85523 13.178 0.027
3060.78993 13.383 0.027
3066.85314 13.828 0.025
3069.76372 13.804 0.032
3076.80931 14.267 0.027
3108.8075 14.563 0.024
3128.64974 13.151 0.034
3130.68853 12.935 0.055
3132.69962 12.71 0.029
3134.70203 12.5 0.028
3142.71466 11.929 0.023
3145.71461 11.796 0.034
3153.71333 11.567 0.025
3156.58265 11.511 0.025
3158.7277 11.49 0.035
3160.74115 11.338 0.05
3163.74965 11.211 0.033
3169.50623 10.896 0.027
3175.76168 10.605 0.026
3178.55312 10.572 0.025
3180.6646 10.549 0.026
3183.63731 10.562 0.027
3185.63085 10.596 0.031
3363.83112 11.505 0.04
3387.82674 11.813 0.042
3387.85965 11.794 0.044
3391.84844 11.926 0.031
3395.83722 12.071 0.037
3398.82927 12.079 0.035
3402.82017 12.297 0.026
3405.83206 12.656 0.047
3408.82932 12.748 0.038
3411.8261 12.805 0.03
3414.80944 12.893 0.031
3417.81212 13.253 0.039
3420.78183 13.223 0.036
3425.82577 13.806 0.04
3427.83626 13.947 0.035
3431.82516 14.441 0.038
3433.88107 14.319 0.033
3501.71374 14.168 0.045
3503.70327 13.917 0.029
3506.71096 13.516 0.032
3509.70288 12.985 0.025
3511.73835 12.953 0.027
3515.73953 12.615 0.034
3517.73316 12.566 0.026
3521.63658 12.536 0.045
3523.64156 12.417 0.031
3525.66881 12.367 0.03
3529.66367 12.181 0.034
3538.63295 11.781 0.025
3540.65002 11.686 0.033
3543.61377 11.636 0.035
3550.64922 11.519 0.041
3552.69742 11.474 0.028
3555.69104 11.416 0.024
3560.70505 11.312 0.031
3563.50113 11.304 0.027
3570.59081 11.32 0.028
3573.65289 11.496 0.034
3575.67082 11.404 0.028
3578.5569 11.455 0.024
3584.57318 11.619 0.026
3586.60814 11.691 0.027
3591.53107 11.842 0.028
3593.5433 11.918 0.028
3601.56102 12.161 0.034
3603.56779 12.308 0.028
3606.57588 12.535 0.051
3618.49954 13.249 0.029
3620.53691 13.11 0.029
3633.49722 14.439 0.028
3642.49041 14.491 0.037
3725.857 10.825 0.036
3733.84708 10.513 0.028
3737.8377 10.461 0.03
3741.82759 10.451 0.031
3745.82045 10.497 0.031
3749.81444 10.54 0.043
3753.80518 10.631 0.038
3757.80987 10.719 0.033
3760.8353 10.787 0.038
3763.84607 10.891 0.042
3767.80514 11.039 0.037
3770.84845 11.194 0.045
3774.78767 11.373 0.034
3778.77324 11.677 0.039
3782.84537 11.924 0.038
3788.85735 12.243 0.038
3791.79973 12.686 0.038
3794.80772 12.634 0.036
3797.7715 13.028 0.032
3800.75716 13.604 0.039
3803.76431 13.614 0.049
3806.73323 13.707 0.032
3814.72724 13.679 0.039
3816.77434 14.214 0.03
3855.60705 14.487 0.038
3861.69371 14.554 0.026
3867.69207 14.289 0.031
3869.71522 13.877 0.043
3871.7065 13.884 0.028
3874.80006 13.591 0.031
3877.55999 13.288 0.026
3882.64344 12.864 0.027
3886.75195 12.628 0.029
3892.71974 12.318 0.031
3894.6932 12.144 0.028
3900.53783 11.876 0.031
3902.57155 11.576 0.032
3904.59044 11.412 0.027
3906.60727 11.259 0.03
3908.59959 11.105 0.023
3981.55092 13.022 0.028
4104.8245 11.412 0.043
4107.85038 11.381 0.055
4121.80082 11.261 0.04
4127.84755 11.337 0.03
4131.79542 11.448 0.034
4134.81741 11.509 0.037
4137.81797 11.623 0.041
4150.8266 12.354 0.038
4153.79785 12.612 0.043
4156.78618 12.707 0.039
4159.76877 12.815 0.03
4161.84657 13.077 0.034
4163.8201 12.696 0.049
4166.80965 13.225 0.038
4172.80476 13.747 0.029
4213.76136 15.029 0.036
4246.60156 13.597 0.041
4255.71274 13.112 0.029
4257.7144 13.06 0.045
4269.73793 12.287 0.057
4272.70302 12.216 0.036
4274.69881 12.096 0.038
4277.62111 11.78 0.029
4283.71836 11.344 0.045
4285.68233 11.213 0.037
4289.67919 10.971 0.031
4291.67831 10.907 0.029
4293.66649 10.877 0.026
4297.67287 10.846 0.035
4299.64891 10.86 0.028
4301.60316 10.848 0.033
4303.61068 10.854 0.027
4305.60663 10.907 0.027
4307.60842 10.91 0.03
4312.56159 11.003 0.041
4315.56755 11.075 0.031
4317.62898 11.113 0.031
4330.51946 11.609 0.027
4332.5348 11.676 0.027
4334.55051 11.815 0.028
4338.58131 11.972 0.034
4341.52583 12.167 0.033
4343.53589 12.359 0.028
4345.55526 12.355 0.042
4347.5501 12.607 0.031
4349.54797 12.778 0.037
4352.51147 12.95 0.027
4357.5169 13.177 0.026
4359.50781 13.283 0.03
4361.51142 13.309 0.029
4371.48359 14.179 0.036
4436.85371 12.549 0.041
4455.84893 11.496 0.034
4459.84369 11.313 0.046
4463.85759 11.049 0.034
4467.83695 10.927 0.044
4471.85136 10.733 0.046
4478.82466 10.695 0.049
4482.82305 10.664 0.039
4486.80542 10.675 0.034
4493.83213 10.735 0.028
4497.84354 10.892 0.038
4504.79762 11.091 0.027
4507.82226 11.246 0.039
4510.81801 11.378 0.039
4514.8556 11.633 0.053
4517.80818 11.743 0.039
4519.83804 11.791 0.036
4522.78273 12.064 0.031
4524.84901 12.131 0.027
4527.76665 12.357 0.031
4530.75423 12.581 0.028
4533.82157 12.92 0.038
4536.75544 12.954 0.026
4538.80749 13.266 0.027
4541.72337 13.321 0.027
4543.79355 13.555 0.033
4547.77762 14.031 0.037
