1885.84848 12.139 0.031
1887.85405 11.946 0.032
1889.85223 11.993 0.044
1900.82714 12.084 0.029
1903.82898 12.124 0.033
1905.83771 11.906 0.03
1907.83418 12.036 0.026
1914.78805 12.261 0.03
1914.86456 12.095 0.031
1915.86797 12.125 0.032
1918.81108 12.009 0.035
1918.85496 11.896 0.034
1920.80727 11.973 0.035
1920.86491 12.272 0.035
1922.80115 12.25 0.032
1922.85572 12.331 0.031
1924.79234 12.462 0.033
1924.84971 12.133 0.031
1925.8405 12.277 0.037
1925.88368 12.366 0.072
1926.8392 11.984 0.026
1928.8773 12.35 0.032
1928.87923 12.38 0.039
1930.78276 12.004 0.025
1930.84797 12.453 0.027
1932.77342 12.328 0.027
1932.84485 12.127 0.027
1935.72545 11.906 0.026
1935.80823 12.296 0.026
1937.81083 12.269 0.026
1938.82082 12.132 0.026
1939.81268 11.972 0.025
1945.88994 11.949 0.033
1946.81755 11.987 0.032
1947.82614 12.041 0.031
1948.8492 12.297 0.036
1949.78472 11.93 0.032
1950.80901 12.228 0.032
1950.84859 12.025 0.03
1953.77336 12.186 0.031
1953.8001 12.494 0.035
1954.79302 12.005 0.041
1954.81513 12.184 0.04
1955.78937 12.277 0.03
1955.82968 11.965 0.028
1955.88996 12.115 0.032
1958.79298 12.457 0.037
1958.87918 12.05 0.033
1961.77885 12.298 0.031
1961.83731 12.368 0.029
1962.84312 12.098 0.04
1963.80354 12.097 0.03
1964.79429 12.11 0.031
1964.85775 12.534 0.031
1965.77385 12.155 0.031
1966.77807 12.651 0.031
1966.78444 12.424 0.029
1967.80581 12.028 0.034
1968.77854 12.225 0.037
1968.79087 12.122 0.038
1971.79686 12.423 0.043
1976.81654 12.216 0.052
1976.81654 12.325 0.052
1976.86347 12.05 0.045
1977.73091 12.052 0.048
1978.80092 11.966 0.048
1978.81078 12.172 0.052
1979.73699 12.11 0.049
1979.82431 12.225 0.049
1980.71742 12.254 0.055
1980.7579 11.966 0.052
1981.73596 12.562 0.044
1981.78634 12.243 0.045
1982.73401 12.068 0.04
1982.7562 11.994 0.037
1984.73105 12.181 0.052
1984.80597 12.253 0.049
1984.84907 12.137 0.047
1985.73223 12.098 0.048
1985.80278 12.208 0.048
1993.74588 12.034 0.054
1993.83381 12.484 0.057
1994.78227 12.012 0.05
1995.75343 12.146 0.051
1995.7674 12.206 0.054
1996.70613 12.353 0.052
1996.77532 12.004 0.049
1997.77048 12.476 0.049
1998.69967 11.998 0.055
1998.76773 12.042 0.052
2000.69344 12.064 0.053
2000.77119 12.459 0.054
2007.66978 12.04 0.067
2008.6814 11.943 0.057
2009.72082 12.152 0.061
2014.74005 12.024 0.06
2016.72154 12.02 0.054
2025.62123 11.99 0.029
2025.71987 12.374 0.029
2026.64076 12.044 0.031
2027.6327 12.36 0.028
2027.70017 12.097 0.029
2030.61698 12.099 0.028
2030.68328 12.379 0.026
2031.63848 11.977 0.029
2031.69809 11.986 0.029
2032.61506 12.345 0.025
2032.6874 12.089 0.028
2033.60733 11.976 0.028
2033.68156 12.274 0.029
2034.60047 12.327 0.03
2037.62675 12.245 0.039
2037.65993 12.085 0.036
2040.62393 12.357 0.052
2040.67781 12.257 0.05
2052.5636 12.409 0.03
2052.61109 12.044 0.025
2053.65535 12.333 0.026
2054.59297 11.972 0.052
2054.65397 12.065 0.04
2055.57138 12.433 0.031
2055.63126 12.136 0.031
2056.58309 12.036 0.027
2056.63509 12.398 0.027
2057.57149 12.115 0.029
2057.62944 11.915 0.03
2058.56572 12.071 0.03
2058.63224 12.294 0.03
2067.53628 12.143 0.033
2067.60567 11.972 0.032
2068.55009 12.362 0.032
2068.60899 12.263 0.029
2069.55267 12.042 0.036
2069.61376 12.076 0.029
2070.54987 12.314 0.034
2070.60201 12.047 0.026
2079.51244 11.934 0.03
2079.57138 12.204 0.03
2081.57649 12.406 0.028
2082.60338 12.074 0.031
2083.51944 12.375 0.036
2083.58322 12.087 0.056
2085.52234 12.149 0.028
2085.56999 11.926 0.025
2086.57309 12.289 0.028
2087.48584 12.01 0.031
2088.56671 12.053 0.026
2093.4884 12.353 0.033
2093.52042 12.213 0.036
2094.55803 12.315 0.033
2094.60078 12.136 0.031
2102.46811 12.015 0.033
2103.54688 12.029 0.034
2104.52133 12.555 0.041
2104.54668 12.202 0.029
2105.53903 12.024 0.028
2106.52364 12.051 0.031
2106.54776 12.097 0.029
2115.50101 12.009 0.032
2115.59616 12.289 0.037
2116.51575 11.938 0.028
2117.49599 12.416 0.029
2117.51914 12.312 0.031
2124.49072 12.154 0.034
2125.46366 11.991 0.039
2128.4875 12.015 0.032
2129.47172 12.137 0.04
2130.50258 12.396 0.027
2131.51234 11.861 0.03
2132.5078 12.065 0.028
2133.52117 12.276 0.043
2134.50406 11.858 0.031
2135.54099 12.111 0.032
2136.50043 12.036 0.031
2141.47522 11.995 0.035
2141.50334 12.177 0.031
2144.47199 11.97 0.034
2145.49329 12.114 0.034
2156.5368 12.077 0.058
2158.50113 12.086 0.034
2169.51052 12.355 0.036
2173.4795 12.416 0.072
2178.50413 11.989 0.034
2185.50958 12.415 0.042
2195.49766 12.288 0.038
2204.49717 12.119 0.04
2440.54555 12.134 0.032
2440.59114 12.506 0.033
2441.5467 12.018 0.055
2442.53629 12.466 0.035
2442.59751 12.194 0.029
2443.53833 11.978 0.023
2444.58878 11.941 0.022
2446.59856 11.974 0.028
2452.4988 12.524 0.04
2454.50857 12.239 0.047
2454.57254 12.104 0.047
2456.50889 12.039 0.035
2456.55684 12.087 0.031
2459.562 11.997 0.046
2462.54081 12.033 0.033
2464.5644 12.006 0.032
2465.55462 12.158 0.034
2466.51628 12.014 0.03
2466.5418 12.043 0.032
2467.54898 11.956 0.03
2468.51073 12.364 0.033
2468.54349 12.339 0.026
2469.53787 12.04 0.032
2470.49714 12.505 0.037
2470.55312 12.025 0.036
2473.53012 12.305 0.038
2474.46103 12.055 0.044
2481.49753 12.344 0.046
2482.46807 12.119 0.043
2487.61001 12.48 0.048
2490.48736 12.064 0.039
2490.51841 11.984 0.025
2493.49019 12.109 0.041
2495.49579 12.021 0.044
2497.50336 12.106 0.035
2498.51126 11.941 0.024
2499.47394 12.177 0.042
2501.48592 12.53 0.055
2502.51683 12.379 0.036
2502.53401 12.544 0.042
2503.53084 11.947 0.044
2503.54314 12.128 0.054
2508.57982 12.395 0.041
2510.53775 12.697 0.063
2510.6297 11.964 0.032
2512.50488 12.371 0.028
2512.51237 12.468 0.039
2519.58223 12.09 0.04
2520.57831 11.994 0.024
2521.588 12.425 0.024
2524.48983 12.033 0.027
2524.57611 12.144 0.043
2526.51776 12.064 0.036
2526.61378 12.138 0.024
2529.55056 12.003 0.058
2535.5706 12.013 0.029
2545.48505 12.013 0.027
2545.50627 11.947 0.025
2547.51187 12.044 0.025
2549.50976 12.428 0.024
2552.50588 12.056 0.039
2558.49478 11.969 0.034
2559.5162 12.373 0.037
2560.52296 12.188 0.029
2562.52103 12.323 0.032
2566.49534 12.047 0.034
2623.84913 12.151 0.027
2628.85374 12.177 0.041
2635.82295 12.005 0.028
2639.82048 12.48 0.022
2642.84764 12.399 0.041
2646.79347 12.202 0.024
2650.78763 11.915 0.03
2651.84614 12.014 0.024
2652.82702 12.446 0.041
2655.85646 12.501 0.031
2657.81137 12.307 0.036
2659.81751 12.09 0.034
2659.83111 12.039 0.033
2661.83614 11.972 0.046
2662.84994 11.993 0.029
2663.83182 12.199 0.042
2664.85177 11.988 0.03
2665.8579 12.237 0.052
2667.85295 11.971 0.046
2668.85908 12.402 0.047
2671.81548 12.037 0.036
2671.83392 12.182 0.037
2674.81635 12.063 0.025
2674.84595 12.09 0.039
2677.77516 12.088 0.037
2679.81416 12.004 0.047
2679.86718 12.43 0.043
2681.79781 12.189 0.028
2683.79061 12.434 0.026
2685.78875 12.099 0.035
2685.80704 12.016 0.047
2689.78382 12.044 0.034
2689.8384 12.264 0.053
2691.77426 12.41 0.034
2693.84686 11.912 0.04
2694.79102 12.236 0.026
2697.85649 12.482 0.039
2698.77656 12.133 0.023
2699.87765 12.298 0.044
2700.82601 12.123 0.046
2701.83785 12.122 0.045
2704.79429 12.487 0.042
2704.81238 12.34 0.028
2706.81238 11.94 0.035
2710.74143 11.944 0.022
2710.79224 12.153 0.041
2712.73688 12.018 0.046
2712.7929 12.5 0.038
2714.7261 12.354 0.041
2714.78333 12.249 0.043
2717.72471 12.136 0.038
2717.80604 12.32 0.063
2720.67545 12.059 0.034
2720.7226 11.938 0.032
2722.71574 12.085 0.031
2722.76436 12.397 0.046
2724.72852 12.416 0.052
2724.77164 12.133 0.035
2726.77966 12.072 0.041
2727.74209 12.416 0.048
2728.77169 12.11 0.045
2730.77611 12.447 0.043
2731.83358 12.341 0.044
2733.76766 12.191 0.034
2734.65272 12.297 0.024
2735.76419 12.386 0.045
2736.69946 12.003 0.032
2737.73451 12.187 0.037
2738.70879 12.024 0.042
2740.72084 12.352 0.033
2742.63484 12.074 0.034
2743.7104 12.25 0.051
2743.79065 12.303 0.039
2744.82646 12.42 0.049
2749.83432 12.457 0.033
2749.85577 12.436 0.052
2751.61764 12.134 0.029
2754.70962 12.07 0.052
2755.64435 12.191 0.041
2755.86217 12.231 0.022
2756.82322 12.06 0.032
2757.70714 11.972 0.043
2758.80293 11.937 0.034
2759.75643 12.099 0.032
2760.67277 12.419 0.054
2761.68926 12.02 0.045
2761.84187 12.018 0.041
2763.63092 12.125 0.045
2764.72714 12.137 0.046
2766.73882 12.399 0.027
2775.73246 11.936 0.061
2775.78182 12.319 0.06
2782.78139 12.256 0.027
2783.63214 12.449 0.047
2784.65848 12.156 0.035
2784.8774 12.218 0.026
2785.78363 12.38 0.027
2786.61558 12.249 0.043
2787.7351 12.457 0.024
2787.77926 12.005 0.043
2790.90406 12.033 0.029
2791.50752 11.998 0.042
2794.5684 12.017 0.04
2794.61975 12.168 0.03
2809.59501 12.483 0.052
2810.75425 12.015 0.033
2810.77788 11.966 0.034
2812.58233 12.123 0.048
2812.59883 12.137 0.045
2813.75221 12.209 0.028
2813.76485 12.137 0.03
2819.62726 12.173 0.039
2819.68385 11.953 0.027
2821.62802 11.966 0.045
2821.67103 12.125 0.045
2835.70919 12.048 0.038
2836.56271 11.942 0.04
2838.70008 12.136 0.035
2840.73507 12.123 0.027
2841.6698 12.453 0.038
2843.61752 12.588 0.031
2853.51638 12.109 0.028
2854.71061 12.045 0.023
2858.6054 12.184 0.03
2860.58114 12.033 0.03
2861.62957 12.231 0.029
2862.55818 12.012 0.035
2866.60453 12.153 0.029
2874.56636 12.427 0.069
2875.51938 12.018 0.038
2878.56414 12.038 0.029
2882.56986 12.429 0.026
2883.52959 11.993 0.028
2884.55868 12.243 0.029
2885.52994 11.972 0.028
2888.55722 12.024 0.027
2896.51548 12.038 0.033
2898.51798 11.958 0.027
2900.513 12.189 0.028
2904.50504 12.204 0.031
2908.48964 12.032 0.027
2911.48823 11.987 0.027
2986.85145 11.948 0.04
2989.85426 11.96 0.045
3016.86424 12.423 0.035
3019.84442 12.308 0.056
3030.81825 12.003 0.036
3031.86669 11.984 0.051
3035.85811 12.159 0.03
3041.81775 12.059 0.043
3043.82443 11.895 0.049
3057.85523 11.993 0.031
3060.78993 12.404 0.032
3066.85314 12.485 0.029
3066.8654 12.575 0.031
3069.76372 11.927 0.038
3072.83126 11.931 0.034
3074.73405 12.053 0.036
3075.85679 11.987 0.028
3076.80931 12.512 0.031
3078.81135 12.162 0.035
3078.86564 12.018 0.036
3085.79606 12.016 0.041
3089.78824 12.147 0.046
3090.71016 12.366 0.046
3092.75739 12.063 0.031
3092.78288 11.984 0.026
3096.75849 12.436 0.033
3097.73118 11.994 0.035
3103.84011 12.209 0.039
3104.80477 12.233 0.035
3106.74299 12.126 0.03
3108.79412 12.057 0.041
3108.8075 12.175 0.029
3111.73141 12.109 0.039
3113.78939 12.17 0.054
3115.84106 12.253 0.033
3128.64974 12.126 0.039
3130.68853 12.141 0.061
3132.69962 12.491 0.035
3134.70203 12.145 0.033
3142.71466 12.142 0.028
3142.82194 12.176 0.028
3145.71461 12.272 0.042
3146.60224 12.151 0.026
3153.71333 12.474 0.029
3156.58265 12.125 0.03
3158.7277 12.196 0.043
3158.79098 12.039 0.061
3160.74115 11.962 0.062
3163.74965 11.89 0.04
3166.75009 12.167 0.028
3169.50623 12.414 0.031
3175.76168 12.374 0.031
3178.55312 12.072 0.029
3178.58437 12.481 0.028
3180.6646 11.97 0.03
3180.68905 12.025 0.03
3183.63731 12.161 0.031
3185.63085 11.943 0.036
3187.67491 12.327 0.037
3362.85698 12.395 0.046
3387.85247 12.126 0.043
3389.87336 11.938 0.051
3391.80694 12.025 0.038
3395.83722 12.168 0.043
3396.84469 12.226 0.04
3398.82927 12.356 0.041
3399.85859 12.11 0.053
3402.82017 12.058 0.03
3403.85451 12.48 0.049
3405.83206 12.162 0.052
3406.86683 12.383 0.033
3408.82932 12.363 0.042
3411.8261 12.562 0.033
3414.80944 12.215 0.037
3417.81212 11.998 0.043
3417.82801 12.089 0.043
3420.78183 12.105 0.041
3423.86303 11.964 0.049
3425.82577 12.053 0.043
3426.82366 12.105 0.045
3427.83626 12.446 0.04
3431.82516 12.19 0.041
3432.84045 12.462 0.036
3433.88107 12.306 0.039
3438.76913 11.957 0.028
3442.76749 12.132 0.05
3443.83621 12.228 0.063
3444.7955 12.26 0.046
3446.81994 12.007 0.03
3446.83899 12.024 0.029
3449.71446 12.32 0.054
3449.71446 12.362 0.052
3449.79991 12.112 0.056
3449.81769 12.13 0.049
3450.78041 12.365 0.048
3452.71875 12.179 0.055
3452.71875 12.213 0.049
3452.74385 12.562 0.04
3452.82799 12.009 0.043
3452.82799 12.072 0.044
3454.76809 12.211 0.047
3454.83803 12.077 0.05
3456.76831 11.99 0.044
3456.8247 12.14 0.037
3458.78425 12.251 0.042
3458.83515 12.443 0.04
3460.79478 12.336 0.034
3463.68583 11.995 0.034
3464.75981 11.995 0.03
3465.74562 12.58 0.029
3466.83136 12.423 0.031
3468.73427 12.161 0.028
3469.78989 12.088 0.031
3470.76988 12.167 0.032
3472.75131 12.13 0.032
3473.65379 11.983 0.027
3474.841 12.309 0.05
3475.73925 12.323 0.055
3477.7391 12.107 0.032
3477.74614 12.043 0.031
3479.70024 12.07 0.057
3479.78634 12.081 0.06
3481.7 12.097 0.034
3481.76734 12.481 0.038
3483.75744 12.329 0.041
3487.66477 12.248 0.039
3490.67701 12.207 0.058
3490.75798 11.899 0.044
3492.67503 12.003 0.033
3496.67704 12.146 0.048
3496.75232 12.209 0.029
3499.67958 11.998 0.052
3499.76172 12.367 0.067
3501.71374 12.334 0.054
3503.70327 12.051 0.034
3504.67115 12.419 0.04
3506.71096 12.234 0.035
3508.88227 12.184 0.028
3509.70288 12.457 0.028
3511.6468 12.509 0.031
3511.73835 11.968 0.032
3515.73953 12.21 0.04
3515.74567 12.486 0.04
3517.73316 12.457 0.031
3517.73945 12.602 0.044
3521.63658 12.413 0.046
3521.68356 12.112 0.039
3523.64156 12.104 0.035
3523.6898 11.986 0.044
3525.66881 11.985 0.034
3525.71788 12.368 0.029
3529.66367 12.371 0.036
3538.63295 11.976 0.029
3538.69115 12.187 0.03
3540.65002 12.267 0.039
3540.68734 12.416 0.035
3543.61377 11.994 0.042
3550.64922 12.536 0.049
3552.69742 11.992 0.032
3555.69104 12.065 0.027
3558.63394 12.5 0.032
3560.63239 12.362 0.032
3560.70505 11.985 0.035
3562.64433 11.989 0.028
3563.50113 12.023 0.031
3564.58317 12.038 0.026
3570.59081 12.303 0.033
3570.65243 12.044 0.033
3573.65289 12.111 0.039
3573.70285 12.006 0.038
3575.67082 12.004 0.033
3575.71597 12.301 0.032
3578.5569 12.431 0.028
3584.57318 12.093 0.03
3584.61089 12.428 0.027
3586.60814 12.381 0.031
3586.63099 12.185 0.03
3591.53107 12.151 0.032
3593.50275 12.391 0.027
3593.5433 12.272 0.032
3601.56102 12.237 0.04
3602.62646 12.677 0.042
3603.56779 12.001 0.033
3606.57588 12.284 0.06
3609.50665 12.148 0.05
3618.49954 12.042 0.034
3618.52319 11.983 0.035
3620.53691 12.153 0.034
3620.54703 12.393 0.058
3622.57013 12.243 0.039
3630.49949 12.318 0.041
3633.49722 11.969 0.033
3639.55439 11.999 0.035
3642.49041 12.165 0.045
3646.54833 12.251 0.028
3725.857 12.584 0.042
3733.84708 12.495 0.032
3737.8377 11.997 0.035
3741.82759 12.278 0.035
3745.82045 12.016 0.034
3747.86201 11.895 0.044
3749.81444 12.184 0.051
3751.86074 12.162 0.05
3753.80518 12.266 0.046
3755.85599 12.025 0.049
3757.80987 12.11 0.038
3758.86415 11.918 0.04
3760.8353 12.097 0.04
3762.86177 12.589 0.048
3763.84607 12.076 0.049
3766.87479 12.006 0.074
3767.80514 12.274 0.045
3770.84845 12.168 0.053
3774.78767 12.328 0.041
3774.83265 11.983 0.046
3778.77324 11.997 0.046
3780.83498 12.401 0.049
3782.84537 12.046 0.045
3788.85735 12.367 0.046
3789.81308 12.037 0.049
3791.79973 12.09 0.043
3794.80772 12.004 0.044
3795.8505 12.131 0.033
3797.7715 12.125 0.036
3798.84812 12.193 0.042
3800.75716 12.476 0.046
3802.81684 12.049 0.05
3803.76431 12.621 0.057
3805.82563 11.987 0.038
3806.73323 11.88 0.038
3808.82806 11.933 0.045
3809.76638 12.145 0.046
3811.80004 12.454 0.041
3811.82721 12.22 0.047
3814.72724 11.971 0.047
3814.81899 12.418 0.047
3816.77434 12.502 0.036
3817.79768 12.177 0.038
3818.89028 12.148 0.041
3820.78509 12.13 0.049
3821.71452 12.142 0.037
3823.76255 12.082 0.046
3823.77747 11.989 0.048
3825.81034 12.037 0.051
3825.84828 12.222 0.066
3828.68538 12.498 0.037
3828.76634 12.091 0.036
3830.76674 12.027 0.036
3831.75714 12.13 0.04
3832.73915 12.034 0.038
3833.81742 12.082 0.043
3834.71722 12.206 0.05
3835.80808 12.317 0.043
3836.7264 12.583 0.048
3837.82745 12.23 0.04
3848.79169 12.207 0.064
3850.72586 12.133 0.029
3850.80767 12.311 0.032
3852.74969 12.268 0.03
3852.83828 12.027 0.045
3855.60705 12.068 0.044
3859.7069 12.118 0.033
3859.77013 11.872 0.033
3861.69371 11.994 0.029
3861.76229 12.017 0.029
3863.65401 12.015 0.045
3863.74299 12.225 0.03
3865.66057 12.071 0.037
3865.72068 12.473 0.033
3867.69207 12.381 0.037
3869.71522 12.073 0.055
3869.73546 11.988 0.053
3871.7065 12.041 0.033
3871.73444 12.185 0.035
3874.80006 12.433 0.035
3874.82382 12.453 0.034
3877.55999 12.044 0.029
3877.64737 12.224 0.028
3880.69299 12.259 0.028
3882.64344 12.194 0.031
3882.72407 11.96 0.031
3886.75195 12.254 0.033
3887.66977 12.002 0.031
3889.66985 11.945 0.028
3891.65211 12.084 0.03
3892.71974 11.99 0.036
3893.63394 12.436 0.033
3894.6932 12.22 0.032
3896.67786 12.527 0.039
3898.70828 12.064 0.042
3900.53783 12.162 0.038
3902.57155 12.22 0.038
3902.72837 12.402 0.033
3904.59044 11.987 0.03
3904.7567 12.101 0.032
3906.60727 12.167 0.034
3906.75275 11.921 0.034
3908.59959 12.464 0.027
3908.82127 12.437 0.032
3912.73876 12.359 0.029
3981.55092 12.312 0.033
3981.58663 12.371 0.034
4104.8245 12.111 0.051
4107.85038 12.279 0.062
4121.80082 11.983 0.047
4126.85753 12.376 0.037
4127.84755 11.981 0.033
4130.85189 12.111 0.07
4131.79542 12.053 0.039
4134.81741 12.171 0.043
4134.82933 11.99 0.044
4137.81797 11.972 0.048
4145.88829 12.192 0.048
4150.8266 11.999 0.046
4152.86633 12.526 0.037
4153.79785 12.063 0.049
4156.78618 12.373 0.042
4156.83018 12.003 0.039
4159.76877 12.264 0.034
4159.8754 12.029 0.034
4161.84657 12.061 0.04
4162.86057 12.104 0.057
4163.8201 12.09 0.062
4165.8499 12.571 0.06
4166.80965 11.949 0.044
4168.84499 12.214 0.043
4172.80476 12.418 0.033
4174.77407 12.349 0.034
4175.73692 11.956 0.048
4177.80831 12.276 0.04
4180.80468 12.892 0.07
4181.71454 12.096 0.058
4183.77599 12.046 0.044
4183.80177 12.198 0.066
4185.80204 12.479 0.048
4186.84844 12.421 0.038
4189.69239 12.415 0.034
4189.77113 12.013 0.039
4191.71633 12.075 0.041
4191.7999 12.028 0.072
4193.72223 11.992 0.038
4193.793 12.327 0.04
4196.77743 12.387 0.067
4196.81831 12.416 0.067
4199.75148 12.024 0.05
4202.72649 12.089 0.043
4202.82282 12.043 0.039
4204.7482 11.96 0.037
4204.831 12.493 0.036
4207.77277 12.079 0.046
4207.87167 12.593 0.04
4215.72675 12.099 0.037
4216.74793 12.48 0.048
4227.68426 12.006 0.032
4227.75701 12.267 0.034
4229.68782 12.112 0.029
4229.7588 12.486 0.042
4231.69709 12.582 0.05
4231.7621 12.048 0.039
4233.69663 11.995 0.043
4233.76159 11.974 0.033
4235.69392 11.894 0.028
4238.64927 12.208 0.055
4246.60156 12.17 0.047
4246.80224 12.222 0.034
4250.71098 12.366 0.036
4253.68818 11.962 0.046
4253.78199 12.583 0.056
4255.71274 12.59 0.034
4256.60906 12.348 0.031
4257.7144 12.155 0.053
4258.64579 11.861 0.072
4268.58001 11.987 0.042
4269.73793 12.158 0.064
4272.70302 12.11 0.04
4273.6438 12.113 0.037
4274.69881 12.107 0.042
4276.57125 12.125 0.033
4277.62111 12.233 0.032
4278.61176 11.957 0.042
4281.75427 12.364 0.076
4283.71836 12.14 0.055
4283.7532 12.045 0.054
4285.68233 12.089 0.044
4285.74284 11.926 0.04
4289.67919 12.161 0.035
4289.73333 12.44 0.035
4291.67831 12.496 0.032
4291.73382 12.067 0.032
4293.66649 12.193 0.029
4293.72254 11.964 0.03
4295.7324 12.015 0.031
4297.67287 12.097 0.042
4299.64891 12.232 0.032
4299.69666 12.613 0.032
4301.60316 12.147 0.038
4301.65069 12.339 0.051
4303.61068 12.314 0.03
4303.64069 12.119 0.031
4305.60663 12.022 0.031
4305.61762 12.082 0.036
4307.60842 12.055 0.037
4307.61522 12.088 0.032
4309.66088 12.573 0.075
4311.70123 11.976 0.055
4312.56159 12.032 0.051
4315.51131 12.393 0.05
4315.56755 12.045 0.034
4317.57935 11.943 0.048
4317.62898 12.315 0.035
4330.51946 11.941 0.031
4330.5989 12.156 0.031
4332.5348 12.107 0.031
4334.55051 12.511 0.031
4338.58131 12.062 0.037
4338.61582 12.201 0.034
4341.52583 12.217 0.037
4341.53504 12.061 0.033
4343.53589 12.017 0.033
4343.54507 11.905 0.047
4345.55526 12.123 0.049
4345.5644 12.172 0.034
4347.5501 12.481 0.034
4347.56654 12.453 0.048
4349.54797 12.188 0.042
4349.55795 12.193 0.043
4351.56392 11.982 0.045
4352.51147 12.471 0.031
4354.5497 11.989 0.051
4356.57012 11.971 0.032
4357.5169 12.563 0.03
4358.55442 12.317 0.035
4359.50781 12.118 0.036
4360.55748 12.335 0.043
4362.59808 11.995 0.032
4364.5799 11.884 0.036
4371.48359 11.961 0.041
4373.50644 12.395 0.04
4376.53528 12.302 0.033
4379.49663 12.003 0.029
4382.49761 11.888 0.029
4385.49696 11.992 0.03
4387.50866 11.916 0.031
4389.51078 12.021 0.044
4436.85371 11.973 0.048
4455.84893 12.36 0.04
4459.84369 11.878 0.057
4463.85759 12.387 0.041
4467.83695 12.022 0.052
4471.85136 12.588 0.055
4478.82466 12.246 0.06
4480.85515 11.939 0.072
4482.82305 11.968 0.048
4486.80542 12.192 0.041
4488.83935 11.97 0.043
4492.84097 12.558 0.039
4493.83213 12.002 0.034
4497.84354 12.466 0.041
4499.8461 12.0 0.041
4503.83765 12.172 0.052
4504.79762 12.202 0.031
4506.85053 12.059 0.036
4507.82226 12.283 0.047
4510.81801 12.486 0.046
4510.83662 12.285 0.049
4514.8556 11.993 0.059
4517.80818 12.135 0.048
4519.83804 11.981 0.043
4519.84265 12.084 0.05
4522.78273 12.187 0.035
4522.84876 11.913 0.033
4524.84901 12.154 0.03
4525.8443 11.947 0.034
4527.76665 12.087 0.037
4528.85888 12.143 0.041
4530.75423 12.569 0.032
4531.84892 12.385 0.035
4533.82157 12.291 0.043
4535.84763 11.861 0.041
4536.75544 12.096 0.03
4538.80749 12.092 0.03
4538.83273 12.099 0.033
4541.72337 11.986 0.03
4541.80988 12.403 0.032
4543.79355 12.127 0.039
4546.82777 12.393 0.045
4547.77762 11.925 0.045
4552.7674 12.071 0.033
4554.78821 12.738 0.052
4557.69324 11.906 0.038
4559.75115 12.335 0.035
4559.75798 12.309 0.035
4561.80027 11.964 0.033
4561.82887 11.98 0.032
4564.67073 11.975 0.032
4564.76381 12.42 0.034
4566.72897 12.355 0.037
4566.84177 11.954 0.039
4568.74319 11.936 0.033
4569.74233 12.462 0.036
4570.807 12.389 0.03
4571.7703 12.146 0.043
4572.69561 12.1 0.039
4573.76357 12.014 0.041
4574.68458 12.37 0.044
