1902.85066 12.741 0.031
1904.85251 13.171 0.032
1906.85102 13.114 0.032
1914.8203 13.186 0.03
1919.82952 12.965 0.038
1921.82328 13.453 0.037
1925.82459 14.077 0.043
1929.78771 13.422 0.028
1930.87017 13.004 0.03
1932.81143 13.52 0.027
1937.83633 13.173 0.027
1939.8613 13.17 0.029
1946.77597 13.434 0.033
1948.80398 12.774 0.034
1950.76752 13.785 0.032
1958.83816 12.941 0.027
1961.79908 13.122 0.026
1962.85957 13.356 0.033
1964.75533 13.268 0.026
1965.80838 12.988 0.027
1967.8593 13.064 0.03
1971.78808 13.123 0.034
1982.82406 13.107 0.042
1993.77606 12.827 0.053
1995.68252 13.018 0.041
1996.72754 13.219 0.047
1997.72788 12.866 0.047
2000.71701 12.897 0.049
2014.68341 13.183 0.052
2025.65378 12.966 0.029
2026.66195 12.878 0.031
2027.65161 13.126 0.031
2030.6426 13.046 0.036
2031.65508 13.685 0.031
2032.64063 13.105 0.027
2033.62841 12.933 0.028
2037.67686 13.177 0.04
2038.64819 13.562 0.045
2040.63129 13.034 0.04
2052.58636 13.055 0.033
2053.60794 13.084 0.028
2054.61569 12.943 0.034
2055.59057 13.25 0.031
2057.58507 13.208 0.028
2062.568 13.148 0.037
2067.57985 13.487 0.033
2068.56763 12.9 0.031
2069.56799 12.91 0.029
2079.52497 13.172 0.029
2081.53143 13.54 0.026
2083.52499 12.798 0.038
2085.53228 13.462 0.028
2086.53428 13.026 0.028
2087.52792 13.177 0.028
2088.5289 13.163 0.027
2093.49567 13.072 0.031
2094.53099 12.987 0.031
2096.48771 13.481 0.039
2102.48164 13.031 0.031
2104.50314 12.887 0.049
2106.51209 13.616 0.029
2115.60218 13.185 0.033
2125.47907 12.952 0.036
2129.48165 12.951 0.03
2131.51986 13.104 0.029
2134.481 13.309 0.035
2141.47549 13.322 0.031
2442.54671 13.304 0.021
2443.55088 12.94 0.02
2452.50868 13.067 0.027
2454.54855 12.904 0.033
2459.50957 13.131 0.031
2463.54309 13.143 0.029
2463.54309 13.152 0.03
2464.49758 13.27 0.028
2468.48965 13.263 0.024
2470.47872 13.204 0.03
2482.47179 12.826 0.034
2490.52628 13.298 0.021
2494.48819 13.062 0.026
2498.52118 13.075 0.024
2502.49625 13.138 0.028
2503.51723 12.997 0.039
2512.50037 13.236 0.025
2521.48572 13.129 0.025
2635.8504 13.057 0.035
2641.85249 12.963 0.028
2645.84201 13.214 0.026
2650.83916 13.33 0.024
2653.83713 13.293 0.029
2660.83105 13.333 0.037
2661.83138 12.995 0.029
2663.81879 13.039 0.045
2667.80238 13.448 0.04
2670.844 13.32 0.028
2671.84903 13.116 0.028
2673.83922 13.208 0.025
2679.79243 13.118 0.03
2684.82722 13.708 0.032
2684.85932 13.338 0.031
2686.85824 12.922 0.032
2688.80709 13.364 0.035
2688.85749 13.021 0.038
2690.82333 13.148 0.041
2693.8839 13.204 0.032
2694.89786 13.274 0.042
2696.8061 12.832 0.034
2697.82747 13.196 0.028
2698.85174 13.206 0.042
2699.84019 12.84 0.026
2700.84692 12.911 0.029
2701.80221 13.219 0.033
2703.80271 13.098 0.027
2704.81784 13.051 0.038
2705.78684 13.253 0.033
2706.80159 12.959 0.025
2709.7779 13.328 0.024
2710.7579 13.16 0.031
2711.78002 12.914 0.026
2712.75808 13.13 0.025
2714.74506 13.321 0.026
2717.74978 12.9 0.038
2720.81694 12.854 0.034
2722.74175 12.932 0.034
2726.75586 13.209 0.027
2730.74997 13.314 0.026
2733.74381 13.154 0.025
2735.74704 12.83 0.023
2737.70188 12.926 0.029
2739.72881 13.049 0.027
2741.70072 13.055 0.027
2743.6808 12.854 0.03
2749.80689 13.132 0.029
2751.63789 12.796 0.024
2755.65663 12.976 0.029
2757.63957 13.13 0.021
2759.67988 13.175 0.025
2760.81637 13.236 0.029
2762.72635 13.301 0.027
2763.83256 13.3 0.031
2775.66815 13.189 0.025
2782.66288 13.109 0.026
2784.61763 13.478 0.023
2785.76247 13.512 0.023
2787.70447 12.974 0.024
2790.796 12.805 0.042
2793.55965 13.381 0.036
2797.54924 12.478 0.053
2808.65585 13.087 0.027
2811.71212 13.121 0.026
2813.64263 13.17 0.025
2821.52106 13.28 0.025
2826.53386 13.085 0.022
2831.64978 13.467 0.032
2840.56843 13.391 0.024
2842.5667 12.861 0.026
2845.55449 12.971 0.021
2851.60193 13.151 0.026
2858.54139 13.394 0.026
2859.60952 12.971 0.033
2861.60147 13.379 0.038
2866.49051 13.187 0.033
2868.51126 12.96 0.033
2872.51876 13.408 0.027
2876.49466 13.311 0.029
2878.49569 13.007 0.029
2885.48901 13.022 0.031
2895.50179 12.98 0.027
2898.49827 12.911 0.028
2900.49326 13.159 0.028
2905.48077 12.925 0.029
3006.86064 12.922 0.073
3010.84937 13.552 0.034
3017.8603 13.566 0.035
3030.87535 13.201 0.042
3041.8399 13.485 0.042
3051.84522 13.241 0.033
3054.84211 13.415 0.034
3057.86791 13.198 0.036
3060.82336 13.198 0.046
3063.82831 13.002 0.047
3067.81675 13.212 0.041
3070.76702 12.807 0.067
3073.77436 13.253 0.04
3079.75524 13.064 0.028
3081.82211 12.943 0.031
3085.8229 13.579 0.043
3087.82434 13.154 0.046
3090.72966 13.016 0.047
3092.79154 12.74 0.029
3096.78997 12.996 0.033
3098.76277 13.192 0.032
3103.76329 12.814 0.039
3105.75355 13.056 0.038
3107.75811 13.224 0.028
3109.76283 13.102 0.028
3114.67818 13.171 0.026
3116.70808 13.329 0.027
3125.70139 13.252 0.032
3131.68832 12.959 0.038
3133.69153 13.293 0.031
3144.69255 13.2 0.03
3158.61657 13.486 0.048
3160.62809 13.152 0.04
3163.63168 12.871 0.03
3165.62862 13.37 0.029
3168.64738 13.37 0.03
3171.64189 13.051 0.031
3173.7443 13.341 0.051
3176.72239 13.086 0.038
3179.55314 12.981 0.027
3189.55016 13.083 0.038
3191.67811 13.086 0.047
3219.47727 13.474 0.027
3268.49405 13.337 0.03
3385.84158 12.784 0.043
3385.86284 13.364 0.044
3389.83752 12.746 0.044
3389.86673 13.271 0.056
3393.86578 13.029 0.046
3393.86578 13.065 0.05
3397.82288 12.725 0.035
3405.82343 13.21 0.041
3408.84936 13.488 0.042
3411.84857 12.984 0.038
3414.84796 12.833 0.038
3417.84308 12.885 0.046
3426.78763 13.211 0.04
3432.85717 13.477 0.044
3436.79942 13.318 0.045
3436.81628 12.835 0.047
3439.79901 12.692 0.049
3443.7803 13.042 0.038
3445.79143 12.89 0.039
3447.82422 13.586 0.056
3450.74762 13.014 0.047
3453.69313 12.836 0.054
3455.70999 13.005 0.052
3459.78538 12.87 0.034
3462.72264 13.293 0.039
3464.77764 13.028 0.033
3466.8096 12.828 0.036
3469.7728 12.899 0.04
3471.81365 13.634 0.029
3474.68562 13.075 0.027
3475.59417 13.594 0.042
3475.60396 13.597 0.044
3475.60723 13.489 0.043
3475.6105 13.477 0.044
3475.61288 12.909 0.067
3475.61942 13.183 0.071
3475.62593 12.544 0.072
3475.63243 12.42 0.069
3475.63571 12.726 0.068
3475.63809 13.206 0.063
3475.64225 13.624 0.067
3475.64875 13.16 0.065
3475.65203 12.939 0.068
3475.65518 12.818 0.073
3475.66018 13.098 0.071
3475.66438 12.965 0.07
3475.66676 13.04 0.071
3475.67255 13.278 0.068
3475.67591 13.389 0.069
3475.67829 13.194 0.069
3475.68511 12.979 0.073
3475.69177 13.607 0.078
3475.69687 12.709 0.076
3475.70208 12.842 0.072
3475.73331 13.325 0.07
3475.76725 13.103 0.08
3476.62223 12.96 0.049
3476.65271 13.0 0.047
3476.67943 13.329 0.053
3476.71025 13.332 0.049
3476.74437 13.591 0.048
3478.72535 12.92 0.045
3482.72426 13.22 0.04
3489.74525 13.151 0.039
3497.75433 13.112 0.029
3500.77496 13.204 0.034
3502.84522 13.059 0.045
3504.78795 13.251 0.044
3506.46893 12.824 0.044
3506.47385 12.816 0.048
3506.48654 12.974 0.067
3506.49157 13.311 0.052
3506.50161 12.902 0.048
3506.54055 12.957 0.044
3506.55797 13.234 0.041
3506.58642 13.415 0.04
3506.67977 12.949 0.037
3506.70744 12.863 0.038
3506.73552 12.962 0.035
3506.79371 13.162 0.04
3508.66069 13.23 0.045
3508.66069 13.365 0.045
3508.75586 12.885 0.037
3508.78717 13.001 0.037
3508.81531 13.293 0.029
3515.66446 13.42 0.046
3517.6539 12.918 0.037
3522.71408 13.364 0.05
3524.73605 13.304 0.047
3526.76334 13.547 0.052
3528.762 12.846 0.053
3543.74373 13.27 0.056
3547.59203 13.413 0.032
3554.6319 13.121 0.028
3556.69031 13.41 0.033
3560.51353 13.035 0.034
3562.50553 13.231 0.034
3564.49988 13.472 0.028
3569.62221 13.149 0.036
3571.66079 13.016 0.04
3575.53783 13.142 0.03
3577.59274 12.965 0.028
3583.60794 13.145 0.042
3586.52502 13.697 0.034
3591.50799 13.066 0.04
3602.55921 13.212 0.042
3606.50631 12.971 0.036
3617.51499 13.491 0.043
3630.48339 13.114 0.047
3633.48363 13.034 0.042
3736.85489 12.693 0.041
3739.86221 13.493 0.045
3740.85004 12.661 0.043
3744.8528 12.652 0.05
3744.86414 12.822 0.068
3748.84315 13.565 0.043
3748.85288 13.103 0.047
3752.83386 12.912 0.043
3756.84133 13.013 0.062
3756.84757 12.917 0.061
3761.82322 13.383 0.052
3765.8257 12.998 0.044
3765.83961 13.097 0.05
3769.83026 13.809 0.04
3769.85629 13.625 0.053
3773.82899 14.051 0.055
3773.84926 13.282 0.054
3779.81619 12.886 0.058
3783.85453 13.251 0.057
3788.87634 13.066 0.051
3789.80505 12.977 0.041
3791.8169 13.201 0.041
3792.83414 12.651 0.047
3795.82499 12.981 0.041
3797.79938 13.275 0.035
3798.81471 13.258 0.052
3800.7959 13.167 0.051
3803.78718 12.913 0.057
3804.84476 13.243 0.058
3806.76588 12.871 0.046
3809.78971 13.247 0.05
3810.78619 12.854 0.051
3814.81645 13.2 0.052
3815.83089 13.452 0.049
3816.83537 13.137 0.049
3818.76942 13.192 0.054
3819.74072 13.173 0.052
3821.84287 13.074 0.046
3823.83871 13.346 0.061
3824.71918 13.073 0.042
3826.78551 12.919 0.048
3828.83505 13.072 0.048
3829.71156 13.042 0.035
3831.72873 12.993 0.046
3831.77417 12.989 0.053
3833.75629 13.075 0.053
3835.75052 12.658 0.05
3837.74755 13.529 0.046
3847.89261 13.518 0.068
3849.81025 13.687 0.041
3849.81265 13.287 0.037
3852.64889 13.217 0.033
3854.69316 13.268 0.043
3854.73224 12.924 0.068
3856.73194 12.829 0.04
3856.75201 13.032 0.042
3858.82243 12.898 0.043
3861.6178 12.951 0.033
3863.66033 13.215 0.038
3871.65344 13.156 0.036
3874.73975 13.314 0.033
3882.56712 13.011 0.034
3886.64153 13.176 0.032
3890.62481 13.46 0.031
3896.59598 13.082 0.048
3898.61403 13.157 0.047
3900.63398 12.971 0.045
3902.6505 12.829 0.036
3904.67406 12.988 0.031
3906.68983 13.262 0.034
3908.71203 12.944 0.033
3912.701 13.22 0.033
3981.51922 13.183 0.044
4106.86358 13.383 0.055
4125.83761 12.933 0.041
4125.86785 13.225 0.043
4129.8292 12.991 0.036
4129.85462 13.047 0.056
4132.84772 13.211 0.049
4133.83454 12.906 0.064
4137.82438 13.146 0.04
4146.84221 12.853 0.052
4150.84102 13.145 0.042
4152.84952 13.126 0.042
4153.8161 12.645 0.041
4155.84374 13.2 0.04
4156.80593 13.005 0.039
4158.83303 13.1 0.039
4159.80563 12.952 0.033
4161.8138 13.272 0.047
4162.78458 13.423 0.053
4164.81317 12.846 0.055
4164.83027 13.165 0.058
4174.72547 13.344 0.036
4174.74881 13.326 0.054
4176.82364 12.991 0.044
4176.84352 13.394 0.052
4179.83336 13.305 0.052
4182.73972 12.647 0.045
4182.77906 13.153 0.048
4184.794 12.924 0.06
4185.75417 13.045 0.046
4188.74415 13.145 0.033
4188.89485 13.234 0.051
4191.71585 13.805 0.046
4192.75819 12.822 0.04
4193.75861 13.476 0.048
4197.76506 12.845 0.055
4198.78267 13.179 0.074
4200.72738 13.337 0.034
4202.72361 13.001 0.05
4203.73714 13.058 0.041
4204.76911 12.933 0.04
4205.73986 13.086 0.05
4207.80173 13.256 0.055
4208.82796 13.098 0.054
4212.90064 13.744 0.064
4212.90595 12.718 0.074
4216.66679 13.135 0.036
4216.69742 13.141 0.04
4227.6786 13.027 0.034
4228.773 13.186 0.043
4229.68138 13.443 0.03
4230.77066 13.331 0.034
4231.6941 12.929 0.041
4232.769 12.986 0.037
4233.69363 13.02 0.029
4234.78385 13.207 0.058
4235.69085 13.046 0.032
4246.62757 12.953 0.035
4256.70304 13.144 0.036
4258.77688 13.316 0.045
4267.58905 12.921 0.038
4267.59554 12.91 0.045
4269.61997 13.093 0.038
4269.62297 13.08 0.047
4272.57413 13.338 0.031
4272.5806 13.855 0.034
4274.59922 12.794 0.037
4281.53306 12.955 0.049
4285.56278 12.897 0.052
4285.63024 13.788 0.046
4289.55774 12.823 0.036
4289.62979 13.168 0.039
4291.57724 12.988 0.03
4291.63347 13.009 0.043
4293.62305 13.174 0.033
4295.57406 13.049 0.029
4295.6363 13.226 0.033
4297.5738 13.134 0.047
4297.63014 12.99 0.051
4299.54802 12.846 0.037
4299.5994 13.284 0.037
4301.51534 13.115 0.047
4301.56085 13.015 0.046
4306.48017 12.853 0.033
4307.51657 13.074 0.048
4308.56775 13.661 0.057
4309.60889 13.218 0.059
4311.55095 13.169 0.04
4311.65927 13.027 0.058
4315.50061 13.529 0.04
4316.58481 13.145 0.042
4317.56932 13.178 0.031
4329.585 13.046 0.041
4334.48379 12.857 0.034
4334.48699 12.97 0.045
4338.48719 12.728 0.034
4338.49038 13.36 0.036
4340.55426 12.965 0.044
4340.55744 12.772 0.042
4342.5621 13.501 0.058
4343.51192 12.945 0.045
4344.56293 12.857 0.06
4345.52271 13.361 0.037
4346.56182 12.919 0.044
4347.5238 12.791 0.033
4349.50107 13.718 0.045
4349.52407 12.951 0.045
4351.54304 13.079 0.057
4352.50092 13.181 0.034
4354.53313 12.847 0.034
4361.49591 12.787 0.037
4362.49203 12.904 0.035
4367.48433 13.245 0.045
4367.49741 13.239 0.044
4375.4809 12.804 0.04
4472.86436 13.29 0.063
4479.84771 13.127 0.046
4480.84926 14.107 0.07
4485.85957 12.84 0.04
4486.87423 13.121 0.061
4493.77259 13.083 0.051
4498.8634 13.383 0.052
4499.82606 13.042 0.049
4501.85577 13.255 0.039
4506.82592 13.304 0.044
4514.86349 12.964 0.048
4517.8457 13.018 0.062
4519.82803 13.292 0.053
4520.81727 13.098 0.048
4524.86975 13.047 0.037
4525.88392 12.951 0.039
4527.79478 12.912 0.033
4528.81846 13.0 0.046
4530.78535 13.46 0.038
4533.83677 13.431 0.051
4535.80718 13.35 0.038
4536.78301 12.98 0.032
4538.78225 12.886 0.036
4539.76787 12.774 0.057
4540.84859 13.064 0.048
4541.79984 13.289 0.031
4543.77639 13.385 0.05
4545.83245 13.018 0.07
4546.75031 13.399 0.053
4547.86004 12.749 0.052
4552.79065 13.222 0.034
4552.816 12.866 0.041
4555.74592 13.073 0.039
4557.72047 12.796 0.035
4557.8206 13.515 0.038
4559.765 13.03 0.035
4560.72652 12.879 0.039
4561.82598 12.776 0.043
4562.79254 13.39 0.038
4564.69982 13.03 0.035
4565.71836 13.1 0.039
4566.74515 12.801 0.043
4567.77213 12.964 0.048
4568.79666 12.959 0.056
4570.70637 13.202 0.037
4570.83649 13.584 0.034
4572.73369 13.696 0.057
4574.69625 12.99 0.049
4574.72889 12.702 0.053
