1902.85066 14.669 0.031
1902.8614 13.652 0.049
1904.85251 14.319 0.032
1914.8203 14.017 0.03
1914.85707 14.378 0.031
1918.84546 13.89 0.041
1920.8486 16.681 0.036
1922.84192 13.989 0.034
1924.83088 14.077 0.036
1929.78771 13.456 0.028
1930.80168 13.858 0.029
1930.87017 13.288 0.03
1932.83179 14.642 0.03
1935.79272 13.063 0.029
1937.86902 13.976 0.028
1939.8613 14.322 0.029
1940.81406 13.421 0.03
1946.79686 13.976 0.034
1948.80398 13.321 0.034
1948.82793 13.376 0.036
1950.79681 14.369 0.033
1958.81243 13.946 0.027
1958.83816 15.666 0.027
1961.8233 13.503 0.027
1964.75533 13.469 0.026
1964.83716 13.656 0.027
1965.80838 13.493 0.027
1966.76522 12.978 0.029
1967.8593 13.302 0.03
1967.88934 13.476 0.032
1976.84802 16.352 0.04
1978.75067 13.724 0.043
1985.77411 13.283 0.042
1997.74559 13.251 0.046
2025.65378 14.317 0.029
2026.66195 13.54 0.031
2027.65161 13.415 0.031
2027.67188 13.01 0.032
2030.6426 15.755 0.036
2031.65508 13.868 0.031
2032.64063 13.564 0.027
2033.62841 13.501 0.028
2033.64875 13.1 0.03
2037.67686 14.855 0.04
2038.64819 13.594 0.045
2040.64712 14.742 0.057
2051.65603 13.233 0.036
2052.58636 14.236 0.033
2053.60794 14.108 0.028
2055.59057 13.819 0.031
2055.60678 13.852 0.034
2056.61279 13.374 0.029
2057.58507 13.129 0.028
2057.61243 13.119 0.032
2058.60316 14.505 0.034
2062.568 13.82 0.037
2065.76051 13.528 0.045
2067.57985 14.204 0.033
2068.56763 13.46 0.031
2068.59743 14.312 0.033
2069.56799 13.372 0.029
2069.58424 13.762 0.031
2070.57467 14.249 0.034
2079.52497 13.594 0.029
2079.55485 13.601 0.031
2081.53143 13.39 0.026
2081.54557 13.308 0.029
2083.52499 13.943 0.038
2083.54815 13.716 0.035
2085.53228 13.6 0.028
2085.54645 14.067 0.027
2086.53428 14.143 0.028
2086.55735 13.502 0.031
2087.52792 13.166 0.028
2087.55583 13.79 0.031
2088.5289 13.752 0.027
2088.54076 14.413 0.03
2093.49567 13.629 0.031
2093.54745 15.053 0.034
2094.53099 13.315 0.031
2094.55185 13.292 0.035
2096.48771 13.774 0.039
2102.48164 14.171 0.031
2102.49816 13.738 0.03
2104.51061 14.222 0.05
2106.49924 13.791 0.03
2106.51209 13.274 0.029
2124.55998 13.716 0.036
2125.47907 13.651 0.036
2129.46428 13.88 0.035
2129.48165 13.73 0.03
2131.51986 13.573 0.029
2133.51113 14.374 0.032
2134.481 13.874 0.035
2141.52848 13.305 0.035
2144.47274 13.875 0.036
2158.48752 14.904 0.04
2440.57691 13.918 0.021
2441.58025 13.457 0.029
2443.55088 14.066 0.02
2443.5628 14.926 0.026
2452.50868 13.735 0.027
2454.54855 13.576 0.033
2456.53744 13.848 0.021
2459.50957 13.487 0.031
2459.53278 13.443 0.027
2463.54309 14.155 0.03
2463.54309 14.172 0.029
2464.53248 14.016 0.023
2466.51475 13.24 0.023
2468.48965 14.439 0.024
2468.50459 13.732 0.021
2469.52217 13.891 0.025
2470.47872 14.067 0.03
2490.50665 13.353 0.021
2490.52628 13.472 0.021
2494.48819 15.131 0.026
2497.53609 13.289 0.027
2498.52118 14.333 0.024
2503.47369 15.875 0.032
2503.51723 13.309 0.039
2508.50044 13.166 0.028
2512.50037 14.037 0.025
2520.51019 13.473 0.021
2521.48572 13.157 0.025
2521.52706 13.353 0.024
2641.85249 13.89 0.028
2650.83916 14.525 0.024
2653.83713 13.74 0.029
2660.83105 13.69 0.037
2661.83138 13.747 0.029
2670.844 14.409 0.028
2673.83922 13.705 0.025
2674.83766 13.137 0.038
2679.79243 13.41 0.03
2686.85824 13.622 0.032
2699.84019 13.372 0.026
2700.84692 14.32 0.029
2701.80221 14.142 0.033
2703.80271 13.778 0.027
2705.78684 14.084 0.033
2709.7779 13.613 0.024
2710.7579 13.235 0.031
2711.78002 14.104 0.026
2712.75808 13.768 0.025
2712.75808 14.212 0.025
2713.7629 14.572 0.032
2717.74978 14.524 0.038
2722.74175 13.628 0.034
2725.74573 14.442 0.025
2726.75586 13.71 0.027
2727.75873 13.795 0.024
2733.74381 13.932 0.025
2735.74704 13.1 0.023
2736.7252 14.067 0.028
2737.70188 14.064 0.029
2738.73005 14.195 0.028
2739.72881 14.038 0.027
2740.74892 13.722 0.024
2741.70072 13.541 0.027
2743.6808 14.988 0.03
2743.8549 13.738 0.026
2749.80689 14.129 0.029
2751.63789 14.073 0.024
2751.67377 13.898 0.024
2757.63957 13.862 0.021
2759.67988 13.203 0.025
2759.72317 13.395 0.024
2760.81637 13.52 0.029
2763.83256 13.759 0.031
2764.70039 14.247 0.03
2766.83031 13.334 0.031
2770.68067 13.462 0.027
2775.66815 14.312 0.025
2782.66288 13.497 0.026
2784.61763 13.963 0.023
2785.76247 13.446 0.023
2787.66541 14.175 0.021
2790.69365 13.297 0.024
2790.796 13.367 0.042
2808.65585 13.132 0.027
2808.65865 13.193 0.027
2810.57895 15.203 0.022
2813.64263 13.626 0.025
2813.65472 13.229 0.027
2821.52624 15.611 0.031
2826.53386 14.025 0.022
2826.53679 13.644 0.023
2831.52504 13.292 0.03
2832.6402 14.01 0.034
2838.63301 13.664 0.029
2840.68763 12.943 0.028
2842.5667 13.986 0.026
2845.55449 14.149 0.021
2845.67771 13.589 0.023
2851.60193 13.108 0.026
2866.54613 13.795 0.028
2868.51126 13.642 0.033
2868.57436 13.76 0.025
2872.51876 14.286 0.027
2876.49466 14.284 0.029
2878.49569 14.566 0.029
2895.50179 14.019 0.027
2898.49827 13.379 0.028
2900.49326 13.979 0.028
3051.84522 13.867 0.033
3057.86791 13.471 0.036
3063.82831 13.133 0.047
3070.76702 13.112 0.067
3077.85102 13.483 0.037
3081.82211 14.372 0.031
3087.82434 14.821 0.046
3096.78997 14.475 0.033
3096.82764 13.508 0.036
3098.80045 13.803 0.034
3107.75811 13.521 0.028
3108.78191 14.547 0.033
3109.76283 14.722 0.028
3111.69879 13.544 0.042
3113.76181 13.664 0.029
3115.77453 14.782 0.03
3116.70808 13.87 0.027
3125.70139 13.539 0.032
3144.69255 13.469 0.03
3144.72686 13.445 0.029
3162.64097 13.136 0.034
3165.62862 13.883 0.029
3168.64738 13.048 0.03
3169.54872 14.488 0.029
3171.64189 14.316 0.031
3179.55314 13.437 0.027
3182.5609 13.989 0.031
3219.47727 13.857 0.027
3219.48064 13.915 0.028
3268.49405 14.131 0.03
3277.49579 13.384 0.04
3385.86284 13.917 0.044
3389.86673 14.036 0.056
3393.86578 13.05 0.046
3393.86578 13.106 0.05
3397.84878 14.098 0.043
3405.82343 13.66 0.041
3406.82599 13.55 0.044
3408.84936 14.145 0.042
3409.86548 14.569 0.039
3411.84857 14.072 0.038
3417.84308 14.728 0.046
3419.83734 14.572 0.047
3426.78763 13.846 0.04
3436.79942 13.759 0.045
3436.81628 13.559 0.047
3443.7803 13.774 0.038
3443.79755 13.455 0.037
3445.79143 14.485 0.039
3445.84353 14.051 0.039
3448.77916 13.74 0.051
3450.74762 15.907 0.047
3453.69313 13.114 0.054
3453.71403 13.568 0.053
3459.78538 14.356 0.034
3460.8035 14.542 0.042
3462.72264 14.039 0.039
3463.73544 14.309 0.044
3464.77764 14.034 0.033
3465.78906 14.009 0.039
3468.76435 13.621 0.041
3469.7728 13.895 0.04
3470.85408 14.327 0.038
3473.70678 13.708 0.031
3474.68562 15.342 0.027
3475.59417 13.731 0.042
3475.60396 14.25 0.044
3475.60723 14.426 0.043
3475.6105 15.064 0.044
3475.61288 13.389 0.067
3475.67829 13.862 0.069
3476.62223 13.409 0.049
3476.65271 13.672 0.047
3476.67943 13.867 0.053
3476.71025 13.786 0.049
3476.74437 14.472 0.048
3477.83092 14.035 0.053
3478.72535 13.511 0.045
3479.77518 13.323 0.036
3481.74016 14.332 0.053
3483.71169 15.554 0.045
3490.71363 13.928 0.049
3492.71874 13.788 0.042
3496.71138 13.46 0.031
3497.75433 13.758 0.029
3499.71331 14.191 0.044
3500.77496 14.283 0.034
3501.7599 13.884 0.054
3504.78795 13.463 0.044
3506.46893 13.39 0.044
3506.47385 13.353 0.048
3506.50161 13.931 0.048
3506.55797 13.791 0.041
3506.67977 14.06 0.037
3506.70744 14.101 0.038
3506.73552 16.088 0.035
3508.66069 13.453 0.045
3508.68387 13.775 0.028
3508.79003 14.038 0.038
3508.79252 14.142 0.03
3508.81531 13.862 0.029
3509.46069 13.882 0.04
3515.66446 14.224 0.046
3515.67833 13.625 0.049
3517.66198 15.586 0.042
3521.63026 13.483 0.048
3522.71408 14.338 0.05
3537.75288 14.848 0.042
3547.59203 13.808 0.032
3547.72312 13.273 0.036
3554.6319 14.146 0.028
3554.68857 14.113 0.03
3558.56765 13.261 0.037
3562.50553 13.674 0.034
3562.55059 14.179 0.041
3564.49988 14.533 0.028
3564.55138 13.161 0.03
3569.62221 13.971 0.036
3569.62901 13.525 0.037
3571.66079 13.331 0.04
3571.67051 13.856 0.044
3575.53783 14.102 0.03
3577.56346 14.387 0.03
3577.59274 13.252 0.028
3583.60794 13.685 0.042
3583.61979 13.562 0.036
3586.52502 13.892 0.034
3586.52827 14.165 0.044
3588.56166 13.467 0.079
3588.56582 13.949 0.061
3591.50799 14.395 0.04
3591.5115 14.434 0.037
3601.50919 14.095 0.039
3606.50631 13.192 0.036
3606.54351 13.821 0.04
3628.50949 13.79 0.044
3641.4877 15.745 0.04
3739.86221 13.164 0.045
3740.85004 13.481 0.043
3748.85288 16.388 0.047
3752.84909 14.078 0.05
3761.84161 15.484 0.048
3765.83961 13.771 0.05
3769.83026 13.953 0.04
3769.85629 14.512 0.053
3779.81619 15.27 0.058
3783.85453 13.688 0.057
3788.87634 13.78 0.051
3789.80505 13.605 0.041
3792.83414 13.867 0.047
3795.82499 13.496 0.041
3797.79938 14.089 0.035
3798.81471 13.48 0.052
3800.7959 13.599 0.051
3802.77973 13.339 0.058
3804.84476 13.54 0.058
3806.76588 13.098 0.046
3807.87683 15.449 0.043
3810.78619 14.7 0.051
3815.83089 13.38 0.049
3818.76942 13.573 0.054
3821.75605 15.451 0.053
3823.83871 13.812 0.061
3828.83505 13.323 0.048
3829.71156 13.906 0.035
3831.72873 13.383 0.046
3831.77417 13.053 0.053
3833.75629 12.688 0.053
3833.76613 13.212 0.056
3835.75052 13.403 0.05
3837.74755 13.842 0.046
3837.74975 14.371 0.047
3847.91511 13.256 0.062
3849.81025 14.5 0.041
3849.81265 14.083 0.037
3852.66689 14.241 0.035
3856.75201 14.2 0.042
3858.82243 13.411 0.043
3861.6178 13.431 0.033
3861.64746 13.679 0.035
3863.66033 12.994 0.038
3869.66416 12.847 0.054
3870.6819 14.183 0.045
3872.68009 14.113 0.044
3874.73975 14.679 0.033
3875.77027 13.739 0.035
3877.8213 13.317 0.035
3881.57113 13.794 0.037
3882.56712 13.628 0.034
3886.64153 13.697 0.032
3887.64132 13.467 0.035
3889.64299 14.104 0.037
3891.61936 13.632 0.036
3893.61278 13.538 0.042
3900.63398 13.686 0.045
3901.67173 13.846 0.039
3903.67253 14.02 0.042
3904.67406 13.954 0.031
3905.66987 14.097 0.045
3906.68983 13.657 0.034
3907.67527 14.082 0.035
3908.71203 14.09 0.033
3912.701 13.705 0.033
4106.86358 13.559 0.055
4125.86785 13.976 0.043
4129.85462 15.272 0.056
4133.83454 13.68 0.064
4137.82438 13.315 0.04
4152.84952 14.683 0.042
4155.84374 13.637 0.04
4158.83303 13.988 0.039
4161.8138 13.681 0.047
4164.81317 13.725 0.055
4174.74881 13.548 0.054
4176.84352 13.823 0.052
4179.83336 15.377 0.052
4182.77906 13.617 0.048
4185.75417 13.65 0.046
4188.89485 12.873 0.051
4191.71585 14.057 0.046
4193.75861 13.38 0.048
4198.78267 14.931 0.074
4202.72361 13.369 0.05
4204.76911 14.331 0.04
4212.90595 15.865 0.074
4216.69742 13.686 0.04
4228.773 14.224 0.043
4230.77066 13.011 0.034
4232.769 13.728 0.037
4234.78385 13.873 0.058
4246.62757 13.809 0.035
4246.63942 13.906 0.037
4253.64381 13.703 0.048
4267.59554 13.871 0.045
4269.62297 14.304 0.047
4272.5806 14.296 0.034
4283.63681 13.815 0.048
4285.63024 13.702 0.046
4291.63347 13.865 0.043
4293.62305 14.126 0.033
4295.6363 13.0 0.033
4297.63014 12.976 0.051
4299.5994 13.965 0.037
4301.56085 14.203 0.046
4307.51657 13.838 0.048
4309.60889 13.092 0.059
4311.65927 13.895 0.058
4317.56932 13.838 0.031
4329.585 14.276 0.041
4334.48699 13.646 0.045
4338.49038 13.334 0.036
4340.55744 14.311 0.042
4342.5621 13.61 0.058
4344.56293 14.164 0.06
4346.56182 13.346 0.044
4349.50107 14.049 0.045
4351.54304 13.683 0.057
4354.53313 13.876 0.034
4362.49203 13.697 0.035
4367.49741 14.113 0.044
4375.4809 13.721 0.04
4486.87423 13.614 0.061
4499.82606 14.245 0.049
4506.82592 14.219 0.044
4525.88392 15.29 0.039
4528.81846 13.471 0.046
4533.83677 12.951 0.051
4535.80718 14.281 0.038
4538.78225 14.434 0.036
4540.84859 13.513 0.048
4543.77639 13.898 0.05
4545.83245 14.108 0.07
4547.86004 13.627 0.052
4552.816 14.126 0.041
4555.74592 14.3 0.039
4557.8206 14.352 0.038
4560.72652 13.564 0.039
4562.79254 14.661 0.038
4565.71836 14.034 0.039
4567.77213 14.061 0.048
4570.70637 14.06 0.037
