2685.87829 12.972 0.033
2693.86578 13.423 0.03
2699.84574 13.074 0.026
2701.85985 13.321 0.026
2709.81993 12.588 0.031
2711.8158 13.045 0.028
2713.80992 13.259 0.024
2715.80541 14.139 0.038
2719.79659 13.571 0.037
2719.81495 13.932 0.037
2721.78724 12.782 0.048
2723.79582 12.863 0.028
2725.77566 13.292 0.028
2727.78617 13.449 0.033
2727.79956 13.463 0.027
2732.76755 13.242 0.025
2734.75808 12.722 0.026
2736.75468 13.247 0.032
2738.75948 13.641 0.027
2740.7576 13.562 0.022
2742.72957 13.68 0.039
2744.73619 15.137 0.039
2747.76282 12.754 0.066
2750.80275 13.806 0.031
2752.72542 13.42 0.027
2755.70569 13.539 0.022
2757.6979 12.956 0.023
2759.72446 13.163 0.029
2761.68673 13.256 0.025
2763.68761 13.616 0.022
2769.71006 12.257 0.024
2776.61805 13.674 0.036
2783.63079 12.59 0.028
2785.64545 13.115 0.02
2787.64063 13.438 0.022
2790.66598 13.653 0.028
2809.64387 13.099 0.028
2811.60879 13.441 0.024
2813.59356 13.504 0.022
2820.5365 12.645 0.022
2830.58295 12.632 0.074
2832.54374 12.812 0.029
2834.54491 13.278 0.036
2836.53709 13.425 0.028
2840.53657 13.465 0.023
2842.54913 12.563 0.04
2845.53703 12.999 0.021
2854.4835 13.665 0.022
2859.51783 13.272 0.027
2861.51622 13.99 0.033
2864.50649 13.473 0.038
2868.48459 12.721 0.024
3055.88753 12.916 0.032
3059.8668 13.01 0.055
3067.85464 12.781 0.04
3070.84472 13.0 0.055
3073.83435 13.365 0.045
3078.8876 12.625 0.061
3081.81676 13.247 0.038
3085.8201 13.309 0.043
3087.82149 13.699 0.034
3090.78495 12.757 0.049
3093.77571 13.061 0.039
3097.75714 13.428 0.043
3099.7749 13.433 0.045
3101.8238 12.644 0.061
3103.81738 13.092 0.056
3110.73767 14.534 0.053
3112.74826 13.794 0.034
3114.78246 12.54 0.033
3121.76279 13.431 0.06
3124.69762 13.687 0.033
3126.70932 13.431 0.047
3128.69561 12.685 0.068
3130.72093 13.348 0.053
3144.64826 13.315 0.029
3163.63612 12.807 0.03
3165.63232 12.937 0.028
3178.56056 12.711 0.033
3182.55361 13.386 0.032
3184.56239 13.693 0.037
3190.53092 12.858 0.04
3404.88276 13.748 0.04
3410.86267 13.316 0.041
3417.85574 13.537 0.04
3423.83514 14.517 0.057
3425.82344 12.459 0.051
3427.83068 12.745 0.044
3431.82015 13.266 0.045
3434.80472 14.407 0.04
3444.77799 13.797 0.072
3447.76569 13.468 0.051
3455.74704 13.308 0.048
3457.75344 13.169 0.044
3460.73543 13.715 0.042
3463.72696 12.964 0.04
3466.71894 13.115 0.038
3471.70929 13.28 0.031
3474.69618 12.537 0.031
3477.6879 13.204 0.036
3479.6899 13.596 0.052
3481.67881 13.439 0.038
3483.67904 13.286 0.053
3495.63905 13.639 0.056
3499.63293 12.417 0.067
3504.61841 13.449 0.052
3509.59528 13.664 0.034
3517.5755 13.215 0.058
3521.56631 13.929 0.036
3523.56966 12.781 0.035
3526.55633 13.085 0.043
3529.54454 13.397 0.035
3547.49615 13.621 0.031
3558.46877 13.963 0.031
3773.87186 13.097 0.054
3782.85379 12.994 0.052
3788.83597 13.344 0.044
3791.82329 13.645 0.048
3794.81575 13.733 0.046
3797.81519 12.816 0.034
3800.80535 12.828 0.051
3803.79482 13.439 0.055
3808.78652 12.909 0.056
3811.77568 13.451 0.052
3814.76674 13.259 0.045
3817.75736 13.495 0.042
3820.74834 12.336 0.05
3826.73538 14.724 0.048
3829.72582 13.564 0.035
3831.71747 13.619 0.051
3833.7181 12.518 0.05
3836.70749 13.763 0.057
3849.65775 13.101 0.036
3851.66575 13.754 0.032
3854.65772 13.204 0.061
3860.63761 12.839 0.039
3862.63769 13.055 0.034
3865.62712 13.543 0.046
3868.62187 13.354 0.052
3870.61879 12.722 0.043
3875.59529 13.639 0.036
3882.57514 12.562 0.032
3890.56071 13.672 0.034
3892.56462 13.265 0.058
3897.53504 13.13 0.048
3900.52556 12.998 0.046
3906.51363 12.499 0.036
4146.85516 13.56 0.058
4150.84486 13.5 0.075
4153.83342 12.308 0.055
4156.82688 13.078 0.042
4159.81417 13.297 0.037
4165.81302 12.637 0.083
4172.79477 13.928 0.038
4178.76999 12.469 0.085
4188.74781 13.648 0.044
4190.74137 12.459 0.075
4203.69831 13.151 0.037
4215.67371 12.613 0.075
4228.63706 12.661 0.05
4231.62709 13.186 0.039
4234.61824 13.25 0.032
4256.55675 13.539 0.037
4269.51377 13.003 0.057
4277.49465 12.652 0.083
4284.482 13.507 0.04
4504.88567 13.71 0.044
4521.85546 13.259 0.042
4524.8553 13.152 0.034
4533.8669 12.581 0.047
4542.81757 13.585 0.049
4547.82329 13.279 0.052
4555.77789 13.475 0.036
4560.81336 13.245 0.038
4563.7568 13.339 0.036
4565.80036 13.478 0.04
4570.8032 12.525 0.038
4572.74345 12.583 0.05
