1914.84995 10.588 0.041
1918.83828 10.615 0.041
1920.85281 10.869 0.046
1922.84375 10.767 0.046
1924.83967 10.778 0.05
1925.87656 10.728 0.043
1926.87291 10.712 0.039
1929.81916 10.639 0.035
1930.81291 10.759 0.036
1932.83578 10.685 0.033
1935.80214 10.594 0.035
1938.81508 10.743 0.038
1940.85577 12.04 0.032
1946.80258 10.708 0.044
1948.83041 10.722 0.04
1950.80079 10.614 0.04
1953.78984 10.711 0.041
1953.79423 10.732 0.039
1958.80732 10.965 0.036
1958.86908 10.878 0.045
1961.8182 10.69 0.042
1961.82944 10.717 0.036
1963.77012 10.677 0.042
1963.78632 10.704 0.037
1964.85474 10.712 0.039
1965.88883 10.661 0.049
1966.7745 10.693 0.035
1967.76744 10.646 0.044
1967.891 10.683 0.047
1971.88595 10.673 0.051
1976.84511 10.626 0.061
1976.84969 10.671 0.057
1978.74306 10.72 0.055
1978.76598 10.634 0.05
1979.7691 10.692 0.056
1981.76738 10.675 0.049
1983.89613 10.691 0.06
1984.79648 10.677 0.053
1985.78693 10.712 0.053
1995.73027 10.646 0.058
2025.67276 10.621 0.052
2026.69299 10.609 0.048
2027.68498 10.753 0.049
2030.67485 11.207 0.047
2031.67248 10.725 0.058
2031.68403 10.677 0.05
2032.67219 10.623 0.05
2033.66414 10.731 0.047
2037.65779 11.001 0.06
2040.6626 10.633 0.073
2052.60906 10.626 0.063
2053.63943 10.725 0.066
2053.64208 10.598 0.066
2054.6358 11.102 0.053
2055.61306 10.769 0.071
2055.62248 10.751 0.072
2056.62622 10.671 0.062
2058.61891 10.595 0.068
2062.59076 10.682 0.069
2067.54318 10.676 0.068
2068.59297 10.767 0.067
2069.60007 10.688 0.069
2070.59051 10.63 0.061
2079.54788 10.685 0.046
2081.56459 10.622 0.058
2082.59139 10.675 0.038
2083.56887 10.719 0.052
2085.55308 11.193 0.044
2085.55792 11.216 0.041
2086.55496 10.609 0.06
2086.55987 10.65 0.057
2087.55344 10.674 0.048
2088.54968 10.739 0.055
2088.55451 10.653 0.042
2093.51431 10.639 0.055
2094.53833 10.77 0.056
2094.54543 10.689 0.065
2096.53424 10.772 0.067
2096.53904 10.643 0.055
2102.50724 10.895 0.047
2103.54077 10.675 0.035
2104.50846 10.629 0.047
2105.48682 10.699 0.042
2106.5084 10.693 0.051
2115.4783 10.696 0.044
2117.4872 10.678 0.045
2124.48106 10.675 0.039
2128.50939 10.659 0.044
2130.54457 10.675 0.051
2132.5384 10.659 0.045
2134.53945 10.71 0.052
2136.5219 10.59 0.053
2140.47667 10.799 0.062
2142.53012 10.706 0.06
2144.5126 10.661 0.049
2440.58162 10.668 0.025
2441.58492 10.889 0.025
2443.57424 10.671 0.024
2452.54118 10.678 0.035
2454.56008 10.693 0.037
2456.54225 10.688 0.028
2459.53765 10.698 0.028
2463.53452 10.647 0.03
2464.53511 10.64 0.032
2465.53497 10.75 0.027
2466.52895 10.7 0.025
2467.52484 10.661 0.025
2468.52784 10.656 0.025
2469.52482 10.683 0.026
2470.51657 10.669 0.032
2473.50316 10.676 0.037
2481.48404 10.668 0.044
2490.48242 10.69 0.027
2493.49861 10.648 0.034
2495.52901 10.656 0.048
2495.53337 10.68 0.053
2497.52315 10.681 0.028
2499.49119 10.688 0.029
2499.49558 10.705 0.034
2501.49837 10.665 0.058
2502.5464 10.674 0.046
2503.48331 11.145 0.04
2503.55552 10.929 0.054
2508.50785 10.686 0.027
2508.52141 10.694 0.032
2509.55926 10.691 0.044
2511.55501 10.62 0.051
2512.56662 10.687 0.033
2520.48506 10.966 0.031
2521.50673 10.672 0.033
2521.53224 10.658 0.035
2524.50947 10.65 0.037
2524.52811 10.659 0.037
2526.54284 10.683 0.035
2535.47942 10.641 0.042
2628.8619 10.661 0.052
2635.85472 10.66 0.029
2637.86008 10.726 0.038
2641.86811 10.622 0.041
2645.86001 10.615 0.034
2651.85012 10.7 0.03
2655.86782 10.685 0.03
2659.82371 10.698 0.037
2660.82353 10.84 0.032
2662.8425 10.66 0.034
2664.8495 10.675 0.032
2672.83147 10.72 0.029
2677.84977 10.671 0.037
2679.79415 10.629 0.034
2689.83731 10.727 0.045
2695.78991 10.67 0.033
2698.83357 10.797 0.034
2701.77373 10.679 0.031
2701.79461 10.695 0.03
2705.79989 10.672 0.032
2707.79609 10.683 0.03
2709.79093 10.688 0.027
2711.76249 10.707 0.031
2711.78393 10.648 0.03
2713.78123 10.702 0.028
2715.77123 11.189 0.027
2719.6747 10.674 0.033
2721.83858 10.65 0.038
2723.77894 10.675 0.049
2725.74966 10.731 0.029
2731.85176 10.664 0.036
2731.86557 10.71 0.035
2734.72663 10.666 0.025
2736.73154 10.664 0.025
2738.75012 10.637 0.025
2740.75293 10.685 0.026
2742.70239 10.691 0.036
2743.82403 10.696 0.03
2744.7197 10.685 0.034
2749.7758 10.682 0.034
2749.83434 10.705 0.041
2751.67789 10.693 0.029
2755.69705 10.664 0.021
2757.67561 10.668 0.026
2759.71792 10.699 0.026
2759.72968 10.663 0.031
2763.65188 10.989 0.029
2764.70657 10.677 0.027
2764.77243 10.695 0.029
2766.81354 10.65 0.033
2770.68494 11.165 0.031
2775.72769 10.661 0.028
2782.7813 10.66 0.03
2783.83333 10.677 0.034
2784.65836 10.69 0.026
2785.71458 10.635 0.029
2785.78347 10.685 0.034
2787.66988 10.933 0.032
2787.73492 11.003 0.034
2790.69815 10.664 0.032
2791.76235 10.64 0.028
2794.58713 10.981 0.031
2794.61007 11.104 0.036
2804.61494 10.628 0.032
2808.61647 10.657 0.027
2808.77336 10.708 0.039
2809.78122 10.735 0.036
2810.60393 10.697 0.028
2811.66415 11.158 0.025
2811.76289 11.212 0.029
2812.76012 10.682 0.029
2813.68246 10.681 0.034
2819.61826 10.665 0.029
2820.62894 11.038 0.025
2821.62448 10.695 0.041
2822.66269 10.621 0.035
2826.61737 10.685 0.028
2826.66734 10.677 0.044
2830.53272 10.665 0.029
2831.53935 10.67 0.03
2831.65508 10.662 0.031
2832.66184 10.675 0.029
2832.72378 10.7 0.031
2833.64298 10.655 0.043
2834.56338 10.675 0.026
2834.59309 10.676 0.03
2835.66077 11.003 0.03
2835.69992 11.024 0.031
2838.64073 10.646 0.026
2840.69304 10.661 0.03
2842.5768 10.998 0.032
2845.5675 10.632 0.028
2845.68601 10.684 0.028
2851.49867 10.659 0.022
2851.50171 10.671 0.022
2853.51407 10.692 0.025
2853.63027 10.661 0.032
2854.60052 10.695 0.026
2858.48376 10.684 0.031
2858.59221 10.648 0.028
2859.47005 10.776 0.038
2859.6499 11.293 0.029
2861.48489 10.655 0.027
2861.58092 10.628 0.028
2861.62374 10.67 0.031
2862.6375 10.701 0.031
2865.52734 10.659 0.036
2866.59685 11.186 0.032
2866.63732 11.053 0.03
2867.56731 10.689 0.03
2872.48235 10.577 0.033
2874.58937 10.697 0.026
2874.60642 10.654 0.024
2875.54375 10.675 0.038
2876.58495 10.723 0.03
2876.59917 10.709 0.03
2878.58151 10.693 0.03
2882.54693 10.67 0.031
2882.55433 10.667 0.037
2885.47821 10.64 0.029
2885.50224 10.645 0.027
2886.5005 10.683 0.029
2888.54302 10.637 0.028
2888.54595 10.679 0.032
2893.52079 10.663 0.033
2894.51281 10.664 0.031
2895.50012 10.646 0.026
2895.53116 10.679 0.034
2896.54247 10.655 0.029
2898.4966 10.655 0.027
2898.53307 10.668 0.028
2900.49157 10.691 0.028
2900.528 10.7 0.027
2904.48571 10.684 0.027
2904.51758 10.682 0.031
2905.52234 10.688 0.025
2906.48899 10.662 0.025
2906.51336 10.659 0.029
2909.49283 10.666 0.038
2909.51691 10.669 0.028
3008.85811 10.717 0.035
3013.86669 11.041 0.037
3019.85614 10.673 0.039
3031.85657 10.671 0.029
3035.85048 10.682 0.031
3041.87991 10.699 0.033
3051.88946 10.643 0.026
3055.82512 10.618 0.03
3061.82747 11.013 0.025
3062.80956 10.677 0.036
3064.81969 10.723 0.027
3066.84592 10.655 0.029
3069.81442 10.636 0.031
3071.78237 10.665 0.031
3072.81168 10.669 0.029
3077.78981 10.668 0.026
3080.78595 10.632 0.037
3082.77618 10.686 0.036
3085.83669 11.141 0.028
3086.8118 10.679 0.031
3087.83896 10.66 0.033
3089.75696 10.674 0.028
3090.76008 10.692 0.035
3091.80808 10.704 0.03
3096.80425 10.701 0.026
3096.82962 10.692 0.031
3098.78711 10.676 0.028
3098.80246 10.668 0.03
3099.76463 10.634 0.038
3100.78666 10.696 0.029
3100.79195 10.653 0.03
3103.78084 10.659 0.039
3104.79216 10.692 0.033
3105.76837 10.693 0.028
3106.78762 10.664 0.034
3107.77297 10.667 0.025
3108.74598 10.622 0.027
3108.78921 10.66 0.028
3109.7803 11.054 0.024
3111.71888 10.654 0.03
3112.68522 10.684 0.024
3113.76395 10.715 0.026
3114.75252 10.713 0.027
3115.7795 10.675 0.036
3115.89445 10.618 0.038
3116.77366 10.822 0.026
3118.86434 10.673 0.025
3122.70901 10.653 0.025
3123.79307 10.709 0.036
3124.72762 10.667 0.027
3124.7536 10.678 0.028
3125.71395 10.664 0.029
3126.71263 10.859 0.031
3127.69518 10.689 0.035
3128.69139 10.876 0.028
3130.60656 10.677 0.034
3132.69711 10.676 0.029
3132.71761 10.668 0.035
3134.72006 10.712 0.031
3142.73143 10.692 0.029
3145.71427 10.688 0.033
3145.72761 10.664 0.032
3152.85074 10.687 0.033
3153.71284 10.691 0.028
3154.60106 10.666 0.026
3156.59513 10.64 0.028
3158.73486 10.686 0.035
3159.64201 10.636 0.039
3160.75396 10.665 0.038
3162.64889 10.639 0.028
3163.75671 10.656 0.028
3164.67136 10.937 0.03
3166.80098 10.66 0.03
3168.7905 10.695 0.026
3169.56063 10.662 0.026
3171.70455 10.654 0.032
3171.73385 10.678 0.033
3175.69269 11.118 0.027
3175.7293 10.674 0.029
3175.77193 10.623 0.031
3178.55978 10.644 0.028
3178.56826 10.674 0.026
3180.67118 10.638 0.039
3180.67411 10.646 0.034
3183.6438 10.678 0.029
3183.65469 10.661 0.03
3186.55971 10.688 0.033
3187.56389 10.661 0.031
3189.56067 10.693 0.029
3189.58233 10.687 0.029
3190.60318 10.676 0.029
3191.68919 10.652 0.035
3191.70799 10.741 0.035
3277.48804 11.022 0.042
3386.85367 10.702 0.05
3390.84647 10.747 0.041
3394.87615 11.017 0.054
3398.84128 10.75 0.057
3402.83015 10.68 0.034
3406.83314 10.677 0.061
3409.86989 10.661 0.053
3413.82471 10.728 0.051
3416.87635 10.709 0.048
3419.85905 10.705 0.078
3422.85346 10.677 0.044
3425.8295 10.728 0.04
3433.88859 10.674 0.034
3438.81089 10.769 0.069
3442.81788 10.734 0.042
3444.82547 10.676 0.048
3447.78664 10.592 0.083
3452.77629 10.624 0.055
3454.82062 10.627 0.059
3456.81115 11.151 0.052
3460.81736 10.789 0.036
3463.74638 10.625 0.046
3465.79672 10.671 0.044
3468.76639 10.683 0.042
3470.85627 10.667 0.047
3473.72991 10.659 0.03
3477.84262 10.706 0.06
3479.81023 10.917 0.057
3481.74722 10.647 0.034
3487.74422 10.681 0.039
3490.73523 10.677 0.051
3492.72373 10.64 0.088
3496.7172 10.948 0.036
3499.71564 10.751 0.048
3501.76224 10.618 0.081
3504.63412 10.707 0.063
3508.67708 10.663 0.029
3515.66726 10.678 0.032
3517.6568 10.663 0.056
3520.79217 11.075 0.081
3522.72143 10.642 0.06
3524.74486 10.615 0.077
3526.77151 10.627 0.072
3528.81641 10.756 0.061
3539.59846 10.667 0.047
3544.73446 11.136 0.071
3550.56737 10.701 0.047
3552.64947 10.7 0.041
3555.64807 10.664 0.033
3558.65914 10.946 0.035
3560.66309 10.684 0.044
3562.67243 10.662 0.054
3564.63358 10.659 0.037
3569.70461 10.662 0.042
3573.61431 10.673 0.037
3575.62872 11.038 0.03
3577.64163 10.744 0.049
3583.51071 10.702 0.075
3585.56917 10.624 0.09
3587.57689 10.672 0.055
3589.58124 10.712 0.039
3591.64621 10.583 0.078
3597.47848 10.684 0.058
3601.47971 10.695 0.058
3603.51161 10.687 0.033
3606.52824 11.209 0.038
3616.48368 10.702 0.03
3618.5785 10.678 0.057
3624.5455 10.676 0.037
3628.5459 10.697 0.033
3631.50947 10.658 0.042
3633.52897 10.667 0.044
3642.49357 10.692 0.037
3647.48603 11.041 0.031
3739.8645 10.709 0.06
3744.86633 10.625 0.064
3748.85509 10.625 0.075
3752.85116 10.681 0.073
3756.8615 10.66 0.043
3762.84059 10.657 0.046
3766.84797 10.646 0.065
3770.82792 11.146 0.057
3774.82042 10.634 0.066
3782.88792 10.699 0.052
3789.81023 10.646 0.06
3792.83605 10.602 0.073
3795.83141 10.663 0.035
3798.82737 10.704 0.038
3802.80464 10.558 0.072
3805.81455 10.679 0.04
3808.80992 10.66 0.052
3811.7869 10.815 0.042
3815.84419 10.697 0.046
3818.77779 11.064 0.051
3821.76213 10.694 0.047
3824.7582 10.773 0.063
3826.83132 10.724 0.037
3829.74906 10.626 0.074
3831.80353 10.667 0.046
3835.77401 10.744 0.035
3837.76425 10.728 0.046
3847.74655 10.661 0.043
3849.74718 10.991 0.039
3851.74915 10.694 0.036
3853.79573 10.705 0.035
3856.67728 10.848 0.081
3858.80316 10.673 0.033
3860.87286 10.701 0.053
3862.68831 10.663 0.042
3864.68614 10.678 0.04
3870.69662 10.677 0.05
3875.77796 10.696 0.041
3877.82365 10.72 0.042
3881.5807 10.633 0.039
3883.65069 10.656 0.041
3887.64377 10.697 0.031
3889.64854 10.856 0.033
3891.6226 10.692 0.035
3893.61539 10.662 0.036
3899.63465 10.643 0.071
3901.67518 10.616 0.062
3903.67523 10.94 0.037
3905.67262 10.705 0.042
3907.67869 10.725 0.055
3909.77678 10.631 0.037
3913.7544 10.623 0.036
4107.86482 10.702 0.045
4126.84871 10.683 0.038
4133.86372 10.897 0.04
4137.84035 10.7 0.04
4152.86035 10.69 0.036
4156.82841 10.674 0.089
4159.84077 10.693 0.06
4162.82795 10.69 0.081
4165.81484 10.684 0.047
4172.81658 10.661 0.047
4175.78882 10.77 0.055
4181.77509 10.744 0.046
4183.8409 10.702 0.042
4189.75925 10.733 0.044
4191.76769 10.686 0.037
4193.76052 10.734 0.048
4198.79699 10.684 0.052
4202.73751 10.809 0.052
4204.77108 10.646 0.038
4207.80372 10.601 0.056
4211.82045 10.752 0.061
4215.72308 10.649 0.038
4228.72146 10.691 0.041
4230.71404 10.735 0.038
4232.71301 10.657 0.032
4234.70601 10.655 0.038
4238.79502 10.647 0.049
4253.63734 10.699 0.053
4255.67108 10.656 0.041
4257.67368 10.718 0.038
4259.70067 10.679 0.043
4266.68718 10.758 0.042
4273.73352 10.676 0.035
4276.56607 10.66 0.034
4281.55817 10.777 0.049
4282.74897 10.69 0.059
4285.49681 10.679 0.042
4289.53499 10.649 0.035
4291.55195 11.166 0.04
4293.5455 10.665 0.035
4295.55141 10.71 0.038
4297.54959 10.764 0.043
4299.52179 10.689 0.04
4309.59569 10.669 0.039
4311.63213 10.676 0.036
4317.54148 10.701 0.03
4329.48697 10.844 0.051
4336.49344 10.631 0.035
4339.517 11.131 0.042
4341.57176 10.678 0.036
4343.57352 10.778 0.053
4346.48797 11.147 0.049
4348.51018 10.665 0.044
4350.51932 10.683 0.04
4352.53774 10.68 0.03
4355.54114 10.671 0.035
4357.54432 10.693 0.035
4364.53249 10.687 0.035
4371.51584 10.641 0.049
4376.483 10.71 0.054
4379.48523 10.896 0.043
4480.87026 10.662 0.046
4487.84093 10.683 0.036
4494.86359 10.688 0.034
4499.83089 10.687 0.047
4506.83161 10.767 0.048
4519.8299 10.574 0.05
4525.89768 10.627 0.044
4528.84066 10.803 0.066
4535.82527 10.694 0.036
4538.79813 10.76 0.054
4541.78118 10.865 0.052
4543.85175 10.7 0.047
4546.7746 10.702 0.045
4553.82429 10.678 0.041
4558.80807 11.306 0.041
4561.73587 10.636 0.04
4563.85281 10.704 0.04
4566.72083 10.703 0.042
4568.7925 10.666 0.041
4570.83302 10.66 0.036
4572.74946 10.693 0.036
4574.73507 10.628 0.042
