1915.86276 14.254 0.05
1958.81761 13.838 0.031
1961.83532 13.736 0.032
1963.79226 13.56 0.034
1964.85146 13.33 0.032
1967.78725 13.227 0.034
1967.78725 13.448 0.034
1976.84186 12.969 0.05
1978.76493 12.658 0.045
1983.88142 12.382 0.05
1984.78836 12.439 0.047
1985.78139 12.479 0.047
1993.79864 12.108 0.054
1995.72687 11.588 0.049
1996.75649 11.433 0.056
1997.75509 11.363 0.052
1998.74589 11.243 0.056
1999.74486 11.195 0.075
1999.74486 11.271 0.075
2000.74646 11.034 0.05
2014.71519 8.913 0.057
2025.70288 8.716 0.042
2026.69142 8.778 0.034
2027.68114 8.765 0.049
2030.66874 8.747 0.048
2031.67786 8.705 0.045
2032.66372 8.744 0.041
2033.65797 8.87 0.042
2040.65625 8.69 0.072
2052.60476 8.93 0.056
2053.63772 8.851 0.049
2054.63182 8.857 0.068
2055.61807 8.997 0.066
2056.62178 9.004 0.051
2057.6102 9.04 0.041
2058.61441 9.468 0.055
2067.59606 9.449 0.05
2068.58835 9.456 0.057
2069.59313 9.537 0.056
2070.58578 9.59 0.055
2079.55014 9.863 0.053
2081.55743 10.04 0.053
2083.54566 10.113 0.046
2086.55031 10.227 0.051
2088.54499 10.334 0.056
2093.54268 10.639 0.055
2096.53164 10.783 0.066
2102.50223 11.281 0.044
2104.49892 11.383 0.045
2106.50109 11.461 0.045
2115.47307 11.951 0.051
2115.48228 11.958 0.046
2124.58188 12.446 0.063
2129.47958 12.78 0.047
2131.5178 12.891 0.045
2133.54048 12.9 0.048
2135.53024 13.135 0.057
2136.47302 13.067 0.051
2141.53049 13.233 0.053
2463.54107 14.746 0.032
2468.50644 14.263 0.024
2481.47179 13.695 0.032
2494.48613 12.971 0.032
2510.50497 11.209 0.043
2512.4892 10.975 0.047
2524.48272 10.211 0.034
2641.86644 12.638 0.035
2645.86788 12.89 0.029
2653.86506 13.346 0.029
2658.8383 13.53 0.027
2661.84335 13.646 0.03
2671.83301 13.858 0.032
2679.86673 13.745 0.029
2703.87075 14.034 0.03
2707.79047 13.871 0.025
2709.7876 13.667 0.029
2711.77831 13.418 0.028
2713.77787 13.522 0.022
2715.76782 13.328 0.032
2721.82405 12.867 0.034
2723.77322 12.906 0.032
2725.74397 12.649 0.025
2727.7792 12.636 0.031
2731.85981 12.273 0.025
2734.72311 12.136 0.027
2738.74189 11.988 0.024
2742.69318 11.812 0.031
2744.71605 11.783 0.03
2749.7672 11.377 0.034
2751.66961 11.246 0.028
2755.68639 10.81 0.021
2757.66951 10.558 0.025
2759.71432 10.298 0.029
2761.66064 10.007 0.023
2764.70973 9.618 0.043
2766.82826 9.318 0.025
2782.65863 8.413 0.034
2785.70543 8.343 0.037
2787.66316 8.341 0.028
2790.69137 8.316 0.027
2791.79552 8.346 0.022
2804.70295 8.648 0.034
2808.70368 8.713 0.029
2810.581 8.78 0.034
2811.72932 8.838 0.026
2813.66159 8.91 0.021
2820.61847 9.102 0.025
2822.65433 9.197 0.035
2826.65448 9.318 0.065
2831.52241 9.563 0.026
2832.63755 9.632 0.029
2834.5534 9.708 0.025
2835.65317 9.745 0.029
2838.63034 9.868 0.025
2843.57077 10.113 0.035
2851.4791 10.576 0.02
2853.61995 10.717 0.028
2858.47879 11.074 0.03
2859.56894 11.112 0.031
2861.56188 11.233 0.028
2865.52231 11.525 0.03
2867.55934 11.61 0.028
2872.47727 11.956 0.027
2875.53865 12.023 0.042
2877.53259 12.27 0.03
2879.53528 12.331 0.024
2885.4754 12.594 0.035
2888.53745 12.828 0.023
2893.47511 13.013 0.041
2895.49729 13.21 0.023
2898.49376 13.183 0.025
2900.48871 13.451 0.026
2904.48285 13.478 0.023
3007.86391 12.512 0.031
3011.86716 11.997 0.034
3031.87807 9.603 0.029
3035.86492 9.477 0.03
3042.83933 9.376 0.028
3052.83793 9.407 0.03
3055.86596 9.412 0.029
3057.77783 9.455 0.038
3061.83371 9.46 0.026
3064.88079 9.522 0.033
3068.77878 9.612 0.025
3070.863 9.67 0.024
3076.85403 9.79 0.04
3079.78452 9.944 0.025
3082.78543 10.07 0.027
3086.82077 10.218 0.047
3089.76958 10.38 0.029
3091.81443 10.467 0.027
3096.79778 10.734 0.029
3098.78319 10.806 0.051
3104.7749 11.28 0.032
3106.77286 11.357 0.031
3108.77724 11.501 0.025
3111.71438 11.711 0.031
3113.74942 11.902 0.043
3115.76969 12.064 0.026
3118.83561 12.237 0.029
3122.69974 12.494 0.022
3124.74376 12.727 0.031
3126.70068 12.738 0.027
3131.7043 13.031 0.028
3133.70523 13.02 0.026
3144.71929 13.882 0.022
3166.75445 14.297 0.025
3386.87177 12.268 0.046
3386.8736 12.43 0.054
3390.8654 12.678 0.051
3394.86933 12.738 0.034
3398.84497 13.011 0.047
3406.83952 13.359 0.056
3409.87616 13.417 0.038
3413.83172 13.451 0.053
3416.88007 13.936 0.041
3426.81352 14.008 0.038
3432.87424 14.229 0.086
3469.83296 14.203 0.051
3472.72472 14.293 0.046
3477.71213 13.851 0.085
3479.75122 13.767 0.055
3481.73213 13.629 0.059
3492.71312 13.21 0.076
3496.70664 13.073 0.036
3499.70844 13.079 0.048
3501.75494 12.682 0.065
3503.81545 12.591 0.067
3508.66792 12.335 0.027
3515.64981 11.318 0.031
3517.64647 10.974 0.049
3522.6924 10.373 0.091
3524.72045 10.156 0.084
3526.74024 9.93 0.057
3528.74306 9.738 0.076
3543.73455 9.454 0.065
3547.58095 9.395 0.06
3551.60924 9.461 0.073
3554.59112 9.337 0.043
3556.62637 9.328 0.045
3559.61048 9.325 0.032
3561.61399 9.319 0.036
3563.59753 9.265 0.044
3569.52562 9.293 0.047
3571.61917 9.334 0.032
3574.63003 9.404 0.036
3576.6453 9.421 0.056
3578.64774 9.465 0.057
3583.48547 9.443 0.084
3585.53637 9.65 0.043
3587.5496 9.752 0.036
3589.56613 9.791 0.038
3596.53301 10.136 0.068
3600.53345 10.384 0.054
3602.54123 10.441 0.047
3604.55992 10.586 0.053
3608.5324 10.865 0.063
3615.50227 11.224 0.046
3626.47876 11.836 0.04
3630.48071 12.082 0.039
3633.481 12.127 0.046
3741.86721 12.13 0.047
3751.85627 11.247 0.041
3755.84798 10.812 0.039
3761.84995 10.233 0.049
3765.85492 9.852 0.042
3769.87973 9.447 0.061
3773.86458 9.049 0.043
3783.86495 8.633 0.044
3788.89363 8.511 0.082
3791.84639 8.484 0.082
3794.86156 8.446 0.058
3797.8251 8.493 0.078
3800.82151 8.416 0.057
3803.81288 8.493 0.085
3806.79019 9.049 0.069
3809.81046 8.53 0.068
3815.82893 8.941 0.089
3818.76744 8.845 0.081
3820.85291 8.765 0.084
3823.75732 8.909 0.069
3825.81028 8.919 0.039
3828.73891 8.952 0.058
3831.73172 9.09 0.04
3833.77505 9.176 0.082
3835.7608 9.262 0.064
3837.75934 9.321 0.038
3847.73808 9.727 0.068
3849.73711 9.909 0.09
3851.73753 9.9 0.094
3853.7883 10.081 0.041
3856.6719 10.211 0.058
3858.79289 10.294 0.038
3860.85898 10.404 0.042
3862.68208 10.54 0.077
3864.67999 10.607 0.081
3869.68197 10.814 0.043
3871.67705 10.907 0.04
3874.75999 10.976 0.054
3880.61925 11.332 0.065
3882.65546 11.353 0.058
3886.65774 11.561 0.038
3890.63291 11.848 0.054
3897.60763 12.27 0.069
3899.62678 12.284 0.083
3901.66335 12.429 0.08
3903.66649 12.581 0.057
3905.66382 12.64 0.086
3907.66355 12.811 0.081
3983.49239 13.139 0.064
4106.86638 10.798 0.039
4125.86239 11.803 0.045
4129.86009 12.033 0.049
4137.85137 12.383 0.048
4152.85491 13.117 0.051
4156.81307 13.064 0.061
4159.82702 13.312 0.044
4162.8175 13.304 0.039
4165.80459 13.509 0.053
4200.7658 14.189 0.034
4230.70893 12.914 0.051
4232.70787 13.027 0.035
4234.70083 12.959 0.052
4246.64506 12.336 0.052
4253.62753 11.746 0.054
4255.66121 11.548 0.036
4257.65923 11.265 0.038
4268.61866 9.874 0.069
4281.54587 8.683 0.069
4283.57271 8.683 0.072
4285.57254 8.637 0.051
4289.56595 8.622 0.04
4291.58319 8.576 0.045
4295.57924 8.677 0.053
4297.57898 8.654 0.066
4301.52052 8.651 0.052
4309.59219 8.714 0.071
4311.62862 8.7 0.06
4315.49765 8.724 0.049
4317.56634 8.752 0.06
4334.47052 9.37 0.043
4338.47027 9.597 0.047
4340.53731 9.73 0.06
4342.54219 9.842 0.065
4347.5032 10.098 0.057
4349.5084 10.135 0.048
4352.49086 10.351 0.038
4361.47766 10.835 0.039
4499.85449 12.536 0.042
4503.84794 12.255 0.043
4506.86551 12.016 0.051
4510.84717 11.561 0.047
4516.82572 10.911 0.058
4519.8344 10.681 0.038
4525.8819 10.292 0.062
4528.83143 10.155 0.064
4531.8224 10.075 0.055
4535.81968 9.916 0.042
4538.79603 9.9 0.035
4540.86187 9.883 0.054
4543.79047 9.902 0.045
4546.76619 9.91 0.041
4552.81128 9.937 0.07
4554.84361 9.937 0.058
4557.74749 9.978 0.041
4559.80443 10.041 0.048
4562.72876 10.068 0.039
4564.82 10.087 0.042
4567.7183 10.12 0.039
4569.83285 10.133 0.045
4571.74694 10.224 0.049
4573.73837 10.249 0.051
4575.73823 10.255 0.068
