1914.83611 12.135 0.033
1919.84511 11.748 0.038
1925.82147 11.775 0.037
1926.86631 11.884 0.032
1929.81916 12.141 0.029
1930.88741 12.136 0.055
1932.81745 12.118 0.031
1936.84025 11.975 0.027
1938.844 12.026 0.028
1940.84583 11.855 0.029
1946.79018 12.017 0.037
1948.82131 12.049 0.035
1950.77782 12.127 0.034
1953.78984 12.211 0.036
1954.8072 11.959 0.041
1955.82181 11.836 0.033
1958.86908 11.999 0.037
1961.8182 11.841 0.033
1963.77012 11.933 0.033
1964.83881 11.892 0.035
1965.88883 11.879 0.04
1967.76744 11.904 0.035
1976.84511 11.991 0.047
1978.74306 11.861 0.047
1979.75236 11.862 0.048
1982.75377 11.874 0.04
1984.76663 12.099 0.049
1985.77116 11.758 0.047
1995.70437 12.012 0.049
2025.6657 11.975 0.036
2026.67919 11.806 0.038
2027.66893 11.977 0.04
2030.66104 12.005 0.035
2031.67248 12.071 0.037
2033.65032 12.114 0.034
2037.65779 11.987 0.038
2040.651 11.906 0.058
2052.59743 11.871 0.041
2053.63943 11.814 0.037
2054.6358 12.013 0.037
2055.61306 11.901 0.04
2056.61905 11.75 0.037
2057.60526 12.119 0.036
2058.61172 11.846 0.035
2062.59076 11.9 0.039
2067.59355 11.819 0.038
2068.58586 11.918 0.04
2069.59516 12.128 0.036
2070.58333 11.835 0.036
2079.54788 11.841 0.034
2081.55974 12.114 0.035
2083.54348 11.899 0.038
2085.55308 11.807 0.032
2086.55496 11.907 0.035
2087.55344 12.032 0.036
2088.54968 11.862 0.035
2093.51431 11.915 0.038
2094.53833 11.83 0.036
2096.53424 11.922 0.049
2102.50724 11.918 0.034
2104.50846 12.119 0.051
2106.5084 11.807 0.035
2115.4783 11.89 0.034
2117.4872 12.531 0.034
2124.48106 11.787 0.035
2128.50939 11.851 0.035
2130.54457 11.932 0.035
2132.5384 12.018 0.034
2134.53945 11.777 0.037
2136.53312 12.014 0.033
2142.53012 11.956 0.038
2144.5126 12.093 0.035
2173.49585 11.821 0.039
2440.57442 11.976 0.022
2441.57775 11.829 0.027
2443.56936 11.949 0.025
2452.53176 11.936 0.035
2454.5693 11.986 0.037
2456.53511 11.893 0.028
2459.53051 11.886 0.051
2463.54843 12.042 0.032
2464.53028 11.92 0.027
2466.51024 12.099 0.025
2467.53124 11.904 0.024
2469.49029 12.046 0.029
2470.51851 11.926 0.026
2473.49822 11.761 0.035
2481.47703 12.13 0.036
2490.50476 12.147 0.026
2493.51421 12.101 0.031
2495.53337 11.819 0.039
2499.49558 12.164 0.029
2501.49837 11.923 0.045
2502.5464 11.773 0.041
2503.55552 12.139 0.044
2508.52141 11.952 0.031
2511.55501 11.943 0.059
2520.51762 11.889 0.025
2521.53224 12.082 0.024
2524.52811 12.092 0.031
2635.85682 11.91 0.039
2639.85962 11.818 0.034
2643.85087 12.047 0.029
2650.85035 12.012 0.026
2653.84333 12.02 0.028
2661.8289 12.213 0.03
2663.8362 11.845 0.041
2666.8327 11.835 0.033
2670.82408 12.057 0.032
2673.84496 11.943 0.027
2676.83339 12.011 0.031
2679.80536 12.097 0.035
2684.83755 11.912 0.036
2685.84518 11.98 0.038
2686.85087 12.189 0.04
2688.84749 11.875 0.034
2690.82052 11.826 0.045
2693.83388 11.828 0.036
2696.83998 11.841 0.035
2696.83998 11.85 0.035
2699.76656 11.875 0.032
2707.77778 11.991 0.03
2709.77254 12.169 0.029
2711.76249 11.902 0.039
2715.75276 12.246 0.036
2721.75354 12.247 0.044
2723.76055 11.796 0.039
2724.77796 11.919 0.035
2725.73822 11.907 0.031
2726.77918 12.004 0.033
2727.76024 12.013 0.027
2728.77583 12.173 0.04
2731.85176 11.873 0.029
2734.70798 11.868 0.023
2736.71768 12.249 0.032
2738.73384 11.87 0.027
2740.74138 11.93 0.029
2742.68066 11.98 0.027
2743.82403 11.989 0.039
2744.8309 12.182 0.049
2749.83434 11.869 0.035
2751.6583 11.95 0.028
2755.68086 11.843 0.023
2757.6548 11.905 0.029
2759.71792 11.904 0.026
2761.65056 11.845 0.037
2764.70657 11.937 0.022
2766.81354 11.905 0.034
2770.67779 11.858 0.029
2775.72769 11.918 0.034
2782.7813 11.861 0.031
2783.63887 12.0 0.04
2784.65836 12.163 0.026
2785.78347 11.931 0.027
2787.73492 11.833 0.025
2791.53662 12.145 0.037
2794.61007 11.86 0.024
2808.77336 11.978 0.044
2810.60393 12.035 0.025
2811.76289 11.934 0.033
2813.68246 11.865 0.028
2819.61826 12.037 0.027
2821.62448 11.875 0.029
2826.61737 12.203 0.026
2830.53272 12.002 0.03
2831.65508 11.841 0.035
2832.72378 11.928 0.035
2834.59309 12.036 0.036
2835.69992 11.868 0.033
2853.51407 11.852 0.025
2854.60052 11.957 0.023
2858.59221 11.82 0.03
2859.6499 11.905 0.031
2861.62374 11.846 0.032
2866.59685 12.065 0.029
2874.60642 11.896 0.026
2876.59917 11.952 0.042
2882.55433 11.861 0.044
2885.50224 12.116 0.029
2888.54595 11.884 0.029
2893.52079 11.767 0.035
2895.53116 12.153 0.029
2905.52234 11.914 0.027
2909.49283 12.007 0.04
3007.85119 11.884 0.03
3011.85903 12.18 0.046
3017.86686 12.19 0.038
3031.83376 11.969 0.031
3035.82735 12.162 0.036
3041.85406 12.14 0.04
3055.80975 11.889 0.045
3061.82747 11.785 0.03
3064.81969 11.822 0.035
3068.76282 11.938 0.039
3071.78237 12.187 0.04
3077.78981 12.252 0.033
3082.77618 11.843 0.041
3086.8118 11.965 0.038
3089.75696 12.213 0.032
3091.80808 11.978 0.035
3096.80425 12.083 0.031
3098.78711 11.933 0.03
3100.78666 11.915 0.036
3103.78084 11.962 0.048
3105.76837 11.951 0.034
3107.77297 12.016 0.028
3109.7803 11.823 0.028
3112.68522 12.218 0.027
3114.75252 11.924 0.027
3116.77366 11.934 0.03
3123.79307 12.168 0.052
3125.71395 12.244 0.037
3127.69518 12.066 0.049
3130.60656 11.923 0.042
3132.69711 11.77 0.034
3134.77121 11.856 0.044
3145.71427 11.973 0.044
3153.71284 11.942 0.03
3156.59513 12.103 0.032
3158.73486 11.926 0.043
3160.75396 11.912 0.052
3163.75671 11.937 0.031
3168.7905 11.964 0.03
3171.73385 12.132 0.043
3175.7293 11.901 0.033
3178.55978 11.97 0.031
3180.67118 11.959 0.041
3183.6438 11.838 0.031
3186.55971 12.092 0.042
3189.58233 11.828 0.036
3191.70799 11.811 0.041
3385.86002 12.13 0.038
3387.85662 12.009 0.053
3389.85429 11.814 0.045
3391.85699 12.041 0.044
3393.85361 11.998 0.048
3393.85361 12.005 0.048
3397.83266 11.97 0.043
3402.82539 12.027 0.033
3405.84495 11.963 0.041
3408.85654 11.943 0.038
3412.8151 12.03 0.039
3415.8377 12.297 0.048
3418.8747 12.063 0.041
3421.85063 12.185 0.043
3424.83399 12.208 0.04
3427.82382 12.071 0.041
3432.88445 11.857 0.042
3436.82855 12.175 0.041
3443.81149 11.866 0.035
3445.83739 12.078 0.031
3448.76582 11.99 0.05
3450.82616 11.842 0.039
3453.70997 11.982 0.046
3455.72956 11.902 0.046
3459.80936 11.764 0.032
3462.74348 12.21 0.038
3464.78848 11.857 0.031
3467.73885 11.894 0.034
3469.82108 11.894 0.037
3472.71423 11.827 0.033
3474.76011 11.94 0.05
3477.6845 12.079 0.034
3479.74767 11.834 0.039
3481.73447 11.987 0.037
3483.72697 12.026 0.061
3487.69518 11.887 0.059
3490.72237 12.052 0.043
3492.70976 12.139 0.037
3496.70249 12.027 0.029
3499.70511 11.966 0.033
3501.75089 11.904 0.047
3503.80533 12.118 0.037
3506.84225 11.872 0.034
3509.79509 12.235 0.03
3512.62651 12.178 0.034
3515.81391 12.027 0.05
3518.6385 12.027 0.051
3521.77109 12.094 0.048
3523.72929 12.168 0.042
3525.76406 11.865 0.036
3530.55821 12.034 0.035
3538.63195 11.825 0.038
3544.51954 12.29 0.047
3547.6349 11.933 0.033
3554.64992 11.807 0.029
3556.75151 11.835 0.032
3559.73928 11.872 0.034
3562.47875 12.141 0.033
3564.52196 11.796 0.029
3569.6982 12.074 0.038
3573.61157 12.0 0.034
3575.62581 11.836 0.032
3577.63887 12.041 0.042
3584.57049 11.871 0.03
3586.60545 11.945 0.036
3591.52816 11.949 0.038
3593.53952 12.058 0.035
3601.55776 11.852 0.042
3603.56434 12.187 0.035
3606.56851 12.139 0.034
3617.55748 11.766 0.041
3620.49222 12.086 0.04
3624.55639 12.084 0.034
3629.51962 11.954 0.04
3632.49078 12.049 0.054
3641.49093 11.963 0.037
3644.48893 12.023 0.045
3651.48647 12.11 0.05
3737.85756 12.169 0.048
3741.86056 11.918 0.042
3746.84796 12.217 0.058
3750.85249 11.827 0.048
3754.83919 11.873 0.05
3757.86174 11.848 0.04
3761.83536 12.262 0.053
3765.83238 11.931 0.046
3769.83815 11.832 0.044
3773.83592 12.339 0.049
3777.82307 11.975 0.045
3782.86651 11.811 0.045
3789.79864 11.882 0.038
3795.81861 11.891 0.04
3798.81744 12.064 0.05
3802.76787 11.963 0.054
3805.78364 11.884 0.04
3808.78869 11.968 0.049
3810.83047 12.117 0.046
3815.83542 11.908 0.044
3818.75707 12.185 0.046
3820.84667 12.016 0.048
3823.74669 11.89 0.049
3825.80046 11.937 0.051
3828.72483 11.865 0.035
3830.79672 11.973 0.04
3832.77786 11.826 0.041
3834.76989 12.071 0.047
3836.78408 12.008 0.055
3848.74124 12.182 0.063
3850.75628 11.763 0.035
3852.80161 12.135 0.045
3855.67089 11.818 0.065
3861.72245 11.873 0.032
3863.69959 12.095 0.034
3865.69285 12.102 0.038
3869.6871 12.031 0.048
3871.68302 11.936 0.036
3874.7644 11.92 0.033
3880.62218 12.025 0.053
3882.66033 11.761 0.034
3886.73451 11.818 0.033
3890.72087 11.923 0.053
3892.67341 11.878 0.065
3897.61075 12.001 0.044
3901.66901 11.872 0.041
3903.66976 11.896 0.036
3905.66638 12.192 0.035
3907.66948 11.93 0.036
3909.77395 11.926 0.035
3913.75155 12.062 0.036
3981.54701 11.809 0.035
4105.86082 12.063 0.051
4125.84583 12.091 0.054
4126.86825 12.108 0.039
4129.84084 12.065 0.036
4133.82345 11.865 0.051
4134.84255 11.925 0.05
4136.83678 11.758 0.047
4151.80843 11.824 0.037
4153.82025 12.121 0.044
4154.83363 11.817 0.042
4156.85075 12.122 0.047
4157.83252 12.007 0.054
4159.8796 11.888 0.04
4160.81512 11.889 0.037
4162.86491 11.917 0.058
4163.80329 11.703 0.062
4165.83766 12.049 0.057
4166.83019 11.821 0.06
4172.82661 11.901 0.045
4176.83635 11.804 0.043
4179.827 11.805 0.046
4181.79629 11.926 0.062
4182.76698 12.123 0.041
4185.75661 12.166 0.045
4189.7298 11.905 0.034
4191.74364 12.063 0.04
4192.79024 12.16 0.043
4193.74345 11.872 0.042
4197.78694 11.921 0.052
4200.74908 12.026 0.036
4205.76326 11.928 0.041
4208.85494 12.053 0.047
4213.75204 12.037 0.043
4216.74173 12.143 0.035
4227.70601 12.128 0.035
4229.70959 11.818 0.033
4231.71712 12.044 0.044
4233.71655 11.996 0.03
4235.71465 11.794 0.036
4246.66415 11.84 0.037
4253.66989 11.929 0.044
4255.70211 12.088 0.033
4269.73342 11.766 0.038
4272.69539 11.935 0.034
4274.69774 11.979 0.042
4283.71699 12.306 0.057
4285.68089 12.178 0.045
4289.6776 11.938 0.037
4291.67665 12.151 0.036
4293.66476 11.9 0.033
4295.68064 11.931 0.035
4297.67098 12.142 0.046
4299.64613 12.026 0.041
4303.60854 11.858 0.04
4306.64452 12.218 0.036
4308.65677 11.865 0.06
4311.59065 12.222 0.038
4316.62109 11.812 0.037
4319.62881 11.958 0.035
4330.51625 11.819 0.033
4334.49496 12.048 0.032
4338.49727 12.0 0.034
4340.56509 11.74 0.043
4344.56676 12.087 0.046
4346.56564 11.851 0.033
4348.57093 11.951 0.038
4351.49918 11.75 0.043
4354.51767 11.828 0.031
4356.53988 12.241 0.035
4361.49971 12.058 0.034
4363.53622 11.949 0.043
4368.50828 12.248 0.047
4371.49009 11.988 0.042
4375.48677 11.79 0.041
4378.48423 11.845 0.052
4382.48687 11.938 0.044
4479.85531 11.818 0.043
4485.87432 12.106 0.042
4487.86114 12.048 0.048
4494.8284 11.922 0.041
4498.87172 11.884 0.037
4499.85887 12.132 0.046
4503.85228 12.026 0.055
4505.84876 12.076 0.043
4507.83071 11.846 0.048
4519.80543 11.833 0.044
4522.8307 11.783 0.035
4522.85555 11.804 0.037
4525.88909 12.029 0.033
4526.88515 11.794 0.039
4528.82109 11.814 0.042
4529.85782 11.845 0.046
4532.84049 11.918 0.044
4535.8126 11.973 0.035
4536.81183 11.908 0.035
4538.78485 12.176 0.033
4540.83487 11.852 0.043
4543.77906 11.83 0.042
4545.8285 12.095 0.056
4547.81176 12.086 0.047
4552.81862 11.893 0.036
4555.73934 11.998 0.035
4557.79977 12.038 0.039
4560.7284 11.767 0.035
4562.78528 12.109 0.034
4564.75187 11.849 0.038
4567.71355 12.122 0.039
4569.82894 12.091 0.039
4571.7493 12.177 0.041
4573.74318 11.911 0.041
4575.74048 11.887 0.039
