1915.85972 13.529 0.035
1923.86338 12.707 0.039
1930.8317 13.008 0.031
1932.85425 13.305 0.029
1940.82301 13.813 0.03
1948.87616 14.258 0.032
1961.88045 12.843 0.03
1963.81435 12.545 0.028
1965.79355 12.873 0.028
1967.79564 13.122 0.027
2025.67542 13.476 0.03
2026.69568 13.397 0.028
2027.68991 13.9 0.03
2030.67754 13.458 0.03
2031.69119 13.465 0.033
2032.67486 13.319 0.029
2033.66681 14.051 0.028
2040.66972 13.489 0.056
2052.61162 12.821 0.029
2053.64914 13.122 0.032
2054.64323 13.102 0.032
2055.62504 13.113 0.032
2056.62877 13.239 0.029
2058.62145 13.668 0.03
2062.60054 13.227 0.058
2067.54856 13.494 0.038
2068.60225 13.815 0.036
2069.60255 13.844 0.032
2070.59298 13.772 0.034
2079.56422 13.718 0.031
2081.56702 13.757 0.03
2083.57363 13.84 0.041
2085.56032 13.81 0.031
2086.56675 13.143 0.03
2087.56294 12.822 0.034
2088.55912 12.698 0.032
2093.60689 13.373 0.035
2094.56361 13.03 0.033
2096.5414 12.881 0.049
2102.5143 13.212 0.035
2105.49611 13.381 0.034
2109.54089 13.836 0.028
2115.49196 13.606 0.031
2124.46986 14.39 0.035
2128.46428 13.563 0.031
2130.54682 12.952 0.031
2132.54064 13.411 0.026
2134.5488 13.146 0.031
2136.53078 13.523 0.031
2140.47201 13.267 0.047
2142.53223 13.36 0.03
2440.58632 14.128 0.021
2441.58736 13.44 0.025
2443.57667 13.029 0.052
2444.57932 12.812 0.023
2452.54356 13.059 0.026
2454.58091 13.451 0.034
2454.58091 13.453 0.034
2456.5446 13.289 0.021
2459.54463 13.559 0.027
2463.56222 13.653 0.025
2463.56222 13.662 0.028
2464.53967 13.664 0.023
2465.53957 13.672 0.022
2466.53581 13.495 0.021
2467.53619 13.751 0.02
2468.53514 13.461 0.02
2469.52942 13.918 0.021
2470.53278 14.009 0.025
2490.47782 12.99 0.025
2493.50068 13.224 0.025
2497.53201 13.609 0.026
2508.50307 13.958 0.029
2520.4825 13.883 0.022
2521.50416 12.825 0.023
2524.50688 12.797 0.023
2652.85849 13.873 0.034
2668.84973 14.038 0.027
2672.84099 14.296 0.032
2678.82886 12.664 0.024
2681.83164 12.996 0.025
2683.84818 13.2 0.028
2685.86937 13.627 0.031
2690.86125 13.759 0.045
2695.79727 13.596 0.037
2698.83863 13.53 0.041
2701.7833 13.654 0.031
2703.86831 13.722 0.027
2707.81147 13.731 0.027
2709.80052 14.631 0.024
2711.79113 14.053 0.028
2713.79079 13.137 0.026
2715.78128 12.604 0.03
2722.84223 13.326 0.039
2724.78984 13.353 0.03
2724.78984 13.363 0.029
2726.77577 13.605 0.028
2726.78885 13.41 0.027
2728.77233 12.937 0.03
2728.78321 13.969 0.027
2730.76995 13.578 0.022
2735.7627 13.779 0.025
2737.72757 14.228 0.026
2739.75116 14.236 0.024
2743.71128 13.725 0.029
2744.82736 13.829 0.037
2749.84927 12.738 0.034
2751.7006 13.736 0.03
2751.71917 14.042 0.03
2754.69853 13.646 0.027
2755.85083 13.261 0.024
2757.69426 12.768 0.024
2759.73687 13.026 0.028
2761.67639 12.839 0.03
2763.66143 12.784 0.021
2764.79613 13.501 0.029
2768.80143 13.357 0.033
2770.74601 13.75 0.027
2783.63032 13.552 0.029
2783.64413 13.497 0.026
2785.65902 13.857 0.023
2787.66794 13.662 0.025
2790.69619 13.816 0.022
2791.81646 13.082 0.036
2804.6243 13.342 0.038
2809.62955 13.21 0.022
2810.772 14.086 0.03
2812.59366 13.625 0.026
2813.762 13.596 0.027
2819.66591 13.67 0.025
2821.65555 13.971 0.028
2832.67392 12.764 0.035
2834.57243 13.964 0.033
2835.6698 13.1 0.031
2838.65251 13.021 0.029
2840.70026 13.474 0.027
2853.54246 13.398 0.022
2859.51527 13.981 0.03
2861.51593 14.006 0.032
2867.51891 13.754 0.031
2876.55431 12.84 0.029
2886.49309 12.941 0.03
2893.53213 13.344 0.036
2895.54007 13.779 0.031
2898.50854 13.729 0.027
2900.50349 13.592 0.03
2906.49376 13.821 0.027
3036.84669 12.977 0.035
3042.85547 13.308 0.04
3052.84964 13.174 0.033
3052.86188 13.396 0.034
3056.8276 13.753 0.037
3059.85416 13.695 0.029
3067.85834 12.644 0.037
3070.81246 12.753 0.038
3073.81809 12.836 0.041
3077.87719 13.487 0.036
3080.80414 13.806 0.048
3090.85773 14.233 0.05
3093.77026 14.037 0.036
3097.73943 13.683 0.043
3099.7724 13.772 0.043
3104.80252 14.561 0.041
3106.79568 12.903 0.041
3108.79993 12.794 0.029
3111.72696 13.436 0.042
3113.77448 12.999 0.031
3115.78533 13.193 0.032
3118.87017 13.619 0.031
3122.71197 13.277 0.027
3124.75925 13.422 0.031
3126.71563 13.488 0.038
3128.69428 13.537 0.041
3132.72578 13.553 0.037
3134.73051 14.077 0.053
3142.74104 13.883 0.032
3145.73573 13.694 0.057
3153.7847 13.117 0.03
3162.66488 13.823 0.033
3164.68467 12.995 0.03
3169.56862 13.164 0.029
3176.55645 13.889 0.029
3180.7752 12.718 0.033
3190.61359 13.466 0.035
3275.48968 12.507 0.052
3278.49014 13.046 0.032
3386.8736 13.594 0.061
3394.87119 13.456 0.041
3398.85682 12.916 0.048
3406.84109 13.776 0.05
3406.84911 13.275 0.047
3410.85315 13.643 0.036
3414.83939 13.541 0.043
3418.82228 13.877 0.052
3418.8341 14.667 0.066
3421.87457 13.652 0.055
3424.85079 12.972 0.047
3424.85927 12.514 0.047
3427.84031 12.777 0.04
3433.89502 13.309 0.037
3436.85318 13.011 0.053
3438.83446 13.199 0.074
3442.82334 13.467 0.035
3443.8299 13.755 0.036
3452.79972 13.687 0.044
3463.77017 13.754 0.039
3465.81335 12.607 0.048
3465.84429 12.812 0.039
3475.81339 14.086 0.071
3475.82232 14.321 0.074
3477.86325 13.544 0.045
3480.70825 12.837 0.04
3492.73835 13.842 0.038
3496.73257 13.512 0.035
3499.73036 13.728 0.064
3504.65051 14.128 0.036
3515.73368 13.138 0.046
3517.724 13.028 0.041
3521.65877 13.621 0.044
3523.66494 13.519 0.048
3525.69242 13.626 0.046
3525.69494 13.597 0.044
3538.60836 13.66 0.038
3542.60878 14.721 0.045
3544.66581 13.329 0.041
3544.71641 12.557 0.041
3552.6554 12.937 0.057
3555.65392 13.069 0.031
3558.57382 13.098 0.035
3558.66661 13.59 0.043
3560.57825 13.491 0.037
3560.67382 13.515 0.05
3562.55975 13.346 0.041
3564.55943 13.321 0.031
3564.6575 13.332 0.036
3569.55692 13.389 0.039
3570.63835 13.542 0.039
3571.63199 13.595 0.038
3573.68484 13.25 0.043
3574.63598 14.268 0.035
3576.54068 13.964 0.033
3576.64855 13.666 0.038
3578.5752 13.614 0.032
3584.59497 13.863 0.03
3585.53974 13.703 0.037
3586.61916 12.701 0.034
3587.55292 13.693 0.029
3588.62242 13.052 0.056
3589.57024 12.596 0.033
3591.54018 12.749 0.036
3601.56995 13.094 0.041
3603.5049 13.082 0.038
3603.57578 13.319 0.038
3618.51172 13.878 0.04
3618.54244 15.751 0.057
3629.52521 12.668 0.042
3632.50974 12.623 0.053
3635.48457 12.78 0.067
3635.49485 13.135 0.068
3639.4946 13.009 0.04
3641.49591 13.63 0.04
3644.49084 13.598 0.052
3747.87073 12.998 0.049
3751.8731 12.917 0.051
3755.86575 13.835 0.057
3761.87072 13.43 0.056
3765.86003 13.241 0.044
3770.85776 13.891 0.061
3774.84336 14.866 0.053
3783.88529 13.164 0.06
3789.84111 12.784 0.046
3796.81524 13.842 0.034
3796.8179 13.715 0.034
3799.8514 13.404 0.041
3806.81874 14.094 0.042
3809.82397 13.382 0.05
3815.85023 13.767 0.058
3821.78706 13.46 0.044
3824.77611 12.716 0.042
3826.92249 14.028 0.056
3827.76867 12.727 0.053
3832.81244 13.408 0.045
3834.78533 12.802 0.057
3836.82278 13.977 0.057
3847.75711 13.943 0.059
3849.75698 13.674 0.034
3851.75543 13.895 0.041
3853.80435 13.37 0.037
3856.68709 14.354 0.046
3858.80609 12.614 0.046
3860.87578 13.094 0.041
3862.6912 14.403 0.036
3863.71997 12.884 0.04
3864.68902 13.119 0.039
3865.71045 12.745 0.044
3870.70243 12.963 0.051
3872.69986 12.758 0.048
3875.78078 13.798 0.039
3875.78336 13.329 0.035
3877.83664 13.993 0.038
3881.59172 13.405 0.037
3883.66706 13.849 0.041
3883.66948 13.635 0.04
3887.66617 13.552 0.034
3889.66542 13.495 0.034
3891.64233 13.563 0.037
3893.62943 13.463 0.042
3899.63732 14.179 0.052
3901.67785 13.164 0.039
3901.69638 12.737 0.043
3903.68432 12.81 0.036
3905.67526 12.806 0.05
3905.69426 13.092 0.044
3907.68131 12.975 0.038
3907.69476 12.913 0.038
3981.55738 13.377 0.04
4301.62049 12.805 0.052
4307.52269 12.478 0.047
4312.54797 13.523 0.081
4336.53224 14.37 0.04
4340.48702 13.853 0.061
4344.52399 12.634 0.04
4348.54769 13.37 0.037
4350.55202 13.69 0.05
4353.49871 13.444 0.038
4356.49619 13.311 0.036
4362.50248 13.794 0.035
4367.50621 15.862 0.046
