1920.86951 10.252 0.046
1930.86022 10.252 0.034
1932.87103 10.14 0.056
2133.52924 10.059 0.043
2140.48049 9.767 0.074
2498.51941 10.198 0.04
2502.51316 9.77 0.039
2503.52713 10.224 0.046
2509.52598 10.392 0.044
2511.50343 10.311 0.042
2520.50082 10.011 0.027
2654.87714 10.177 0.032
2667.86068 10.298 0.029
2678.86494 9.854 0.031
2688.83883 9.967 0.031
2690.88052 10.381 0.048
2694.8127 10.112 0.028
2696.86692 9.968 0.03
2697.88234 10.263 0.03
2699.88239 10.165 0.035
2702.83433 10.277 0.027
2704.83787 10.128 0.025
2705.83005 10.345 0.064
2706.82445 9.898 0.034
2710.80729 10.321 0.038
2712.80781 10.278 0.031
2714.79856 10.082 0.025
2717.80667 10.273 0.033
2721.85129 9.944 0.033
2723.79338 10.269 0.029
2725.7733 10.304 0.029
2727.79079 10.261 0.032
2727.7948 10.237 0.037
2731.87996 10.023 0.032
2734.74334 10.016 0.023
2736.75032 9.734 0.046
2740.76478 10.289 0.027
2742.72539 10.148 0.043
2744.73899 10.024 0.033
2749.802 10.084 0.029
2751.70745 9.858 0.027
2751.72584 9.826 0.049
2754.71045 9.99 0.039
2755.85525 10.396 0.023
2757.70565 10.173 0.03
2759.73901 10.083 0.034
2761.68999 9.921 0.029
2763.68634 10.334 0.034
2766.76045 9.818 0.034
2782.68189 10.14 0.029
2787.73992 10.215 0.034
2791.57838 10.41 0.027
2794.64018 9.859 0.041
2808.64208 10.345 0.033
2810.59711 10.218 0.029
2811.74388 9.804 0.031
2813.67303 10.353 0.032
2820.70514 10.292 0.026
2831.55047 10.421 0.031
2832.671 10.158 0.031
2834.56952 9.812 0.029
2835.66688 10.294 0.031
2838.64958 10.363 0.026
2841.61161 10.29 0.027
2843.58002 10.302 0.035
2851.58589 10.397 0.023
2858.53475 10.302 0.029
2859.60001 9.843 0.031
2861.59011 10.377 0.032
2865.53929 10.17 0.032
2867.59067 10.075 0.03
2875.55295 10.207 0.033
2877.5469 10.037 0.035
2879.54959 9.806 0.027
2885.4872 10.149 0.037
2892.50155 9.982 0.035
2895.49319 10.118 0.028
2898.49191 10.273 0.031
2900.48686 10.126 0.032
2904.48097 9.974 0.033
3035.8698 10.063 0.032
3043.84164 9.854 0.04
3052.89133 10.342 0.035
3056.85936 10.124 0.031
3060.86197 10.086 0.032
3064.82794 10.231 0.037
3068.81454 9.824 0.034
3071.82319 10.043 0.037
3076.87203 10.118 0.027
3079.82004 10.229 0.052
3082.80585 10.281 0.046
3086.82548 10.101 0.048
3089.7888 10.198 0.044
3091.83236 9.975 0.07
3096.81507 10.07 0.053
3098.80561 9.836 0.03
3100.79509 10.391 0.032
3103.80055 10.572 0.049
3105.78711 10.434 0.052
3107.78951 10.309 0.029
3109.83143 10.238 0.04
3112.72637 10.27 0.045
3114.76641 10.162 0.028
3116.79325 10.034 0.028
3121.74816 9.945 0.027
3131.72503 9.943 0.027
3133.72809 9.908 0.034
3144.74328 10.164 0.025
3153.65715 10.401 0.029
3158.69514 10.041 0.04
3160.70839 10.375 0.041
3163.723 9.926 0.03
3165.74149 10.408 0.036
3168.75593 9.817 0.026
3171.70983 9.928 0.033
3175.69793 10.373 0.026
3178.57039 10.393 0.036
3186.57533 9.92 0.034
3189.60871 10.017 0.031
3405.85763 9.8 0.042
3409.85981 10.349 0.046
3417.85712 10.432 0.058
3421.84804 10.172 0.043
3424.88844 10.36 0.055
3432.90084 10.219 0.067
3436.84831 10.229 0.061
3443.84442 10.049 0.054
3446.81697 10.158 0.081
3452.82092 10.434 0.049
3454.83573 10.372 0.086
3456.81944 10.216 0.05
3459.82693 10.24 0.049
3462.77212 10.368 0.04
3464.81388 10.38 0.091
3467.76641 10.313 0.053
3470.74698 10.815 0.045
3472.79469 10.403 0.038
3475.73577 10.286 0.049
3477.77227 10.337 0.085
3479.76778 10.298 0.067
3481.75007 10.121 0.043
3483.75124 10.011 0.094
3487.7378 10.295 0.045
3490.7414 10.361 0.08
3492.72981 10.342 0.048
3496.72412 10.066 0.041
3499.72174 10.327 0.06
3501.76824 10.153 0.054
3508.70898 9.78 0.031
3511.64217 9.912 0.041
3515.67558 10.456 0.037
3517.6592 10.292 0.036
3522.7238 10.291 0.053
3524.75055 10.324 0.055
3526.7738 10.057 0.069
3529.58681 10.122 0.07
3547.65356 10.353 0.074
3554.63501 10.175 0.036
3556.69331 10.032 0.062
3562.53535 10.203 0.063
3564.54248 9.997 0.044
3569.61191 10.168 0.044
3571.65329 10.002 0.039
3575.53313 10.32 0.051
3577.59057 10.305 0.043
3583.59104 9.909 0.08
3586.52028 9.685 0.083
3588.55692 10.311 0.048
3591.49939 9.683 0.078
3600.55704 10.346 0.052
3602.55704 10.242 0.043
3604.56868 10.119 0.055
3608.54986 10.306 0.042
3617.51286 10.204 0.052
3628.50412 10.426 0.04
3631.49019 9.782 0.056
3634.48134 9.943 0.057
3761.87366 10.306 0.048
3765.86852 9.991 0.045
3770.87565 10.031 0.049
3774.85852 10.391 0.044
3789.85655 10.407 0.048
3793.83536 10.156 0.039
3796.85376 10.271 0.083
3799.85954 10.39 0.046
3802.87514 9.761 0.088
3805.83195 9.969 0.041
3808.83952 10.132 0.043
3811.82014 10.307 0.083
3814.85133 10.45 0.083
3817.79446 10.15 0.047
3820.78479 9.872 0.052
3823.77723 10.069 0.044
3825.82483 9.968 0.062
3828.76592 10.127 0.07
3831.75701 10.199 0.055
3833.79557 10.146 0.081
3837.79339 10.05 0.064
3847.86133 9.959 0.098
3849.79018 10.392 0.08
3852.70822 10.648 0.036
3854.74329 10.241 0.056
3856.78153 10.35 0.059
3859.68768 10.199 0.093
3861.71629 10.142 0.037
3863.71717 10.036 0.079
3865.70183 9.939 0.088
3869.70386 10.334 0.06
3871.69437 10.104 0.077
3874.78788 10.352 0.061
3877.64057 10.399 0.077
3880.66912 9.898 0.067
3882.69028 10.342 0.058
3886.69078 10.125 0.053
3890.66104 9.977 0.041
3892.63591 10.387 0.064
3896.62969 10.107 0.043
3898.66098 9.996 0.073
3900.67788 9.848 0.058
3902.695 10.37 0.047
3904.7231 10.345 0.088
3906.72805 10.149 0.078
3909.6832 10.316 0.076
3913.68219 9.92 0.093
3981.50974 9.971 0.06
4128.8746 10.233 0.043
4132.86902 9.89 0.054
4136.86245 10.346 0.054
4151.85715 10.42 0.049
4154.87808 9.934 0.07
4158.84801 10.254 0.051
4161.85383 10.304 0.052
4164.83894 10.297 0.084
4173.83558 10.234 0.064
4179.8426 10.185 0.048
4182.79532 9.79 0.065
4185.78605 9.997 0.043
4189.75664 10.447 0.042
4191.79067 10.338 0.042
4200.78187 10.044 0.041
4203.7791 10.21 0.048
4208.86813 10.258 0.079
4212.88249 9.971 0.052
4215.82534 10.098 0.065
4227.71681 10.022 0.049
4229.72038 10.406 0.041
4231.72817 10.257 0.057
4233.72726 10.151 0.048
4235.7235 9.983 0.047
4246.79511 10.279 0.047
4251.80024 10.275 0.056
4256.71416 10.336 0.052
4267.60631 10.395 0.044
4269.63479 10.349 0.054
4272.5988 10.405 0.048
4274.61043 10.288 0.053
4283.62151 10.045 0.073
4285.61754 9.803 0.05
4289.61941 10.336 0.046
4291.6231 10.189 0.051
4293.61262 10.012 0.065
4295.62108 9.819 0.044
4297.61647 10.389 0.051
4299.5861 10.292 0.049
4299.5861 12.274 0.049
4301.55302 10.142 0.065
4306.50621 10.126 0.05
4308.5823 9.943 0.071
4311.56735 10.192 0.053
4316.60067 10.154 0.061
4329.55596 10.289 0.056
4333.49617 9.832 0.049
4336.55548 10.176 0.045
4340.49686 10.343 0.066
4349.48673 10.236 0.054
4351.5279 10.12 0.061
4355.48794 10.4 0.049
4361.49097 10.071 0.046
4493.87775 10.349 0.04
4500.88458 10.24 0.046
4504.87894 9.802 0.041
4508.87232 10.338 0.044
4517.86141 10.066 0.044
4520.87149 10.252 0.044
4525.82792 10.24 0.047
4528.8519 10.33 0.049
4531.84454 10.452 0.061
4535.8566 10.232 0.041
4541.81629 10.435 0.039
4546.82746 10.43 0.063
4554.77507 9.941 0.053
4559.7673 9.964 0.038
4561.83564 10.439 0.049
4564.76359 10.002 0.043
4566.84153 10.387 0.055
4569.74203 10.19 0.041
4571.76347 10.365 0.045
4573.75491 10.26 0.045
4575.75668 10.14 0.047
