1914.8619 12.007 0.034
1918.85233 12.341 0.038
1920.8623 12.117 0.038
1922.85314 12.055 0.033
1924.84717 11.969 0.034
1926.87742 12.036 0.039
1928.8418 12.29 0.034
1930.84324 12.199 0.031
1932.84239 12.098 0.031
1935.80493 12.196 0.03
1938.81767 12.232 0.03
1946.80802 12.06 0.037
1948.8461 12.138 0.037
1950.80676 12.315 0.034
1953.79788 12.197 0.037
1954.81292 12.082 0.039
1955.82748 12.154 0.034
1958.87702 12.097 0.037
1961.83517 12.104 0.032
1963.80144 12.095 0.034
1964.85566 12.379 0.033
1966.78237 12.022 0.031
1971.8956 12.356 0.046
1976.86823 12.392 0.046
1978.7784 12.063 0.052
1979.78118 12.293 0.048
1981.78443 12.129 0.045
1982.75875 12.237 0.04
1983.89879 12.161 0.052
1984.80854 12.14 0.052
1985.80536 12.017 0.051
1994.67502 12.178 0.049
1997.72749 12.084 0.052
2025.68406 11.992 0.03
2026.66849 12.296 0.04
2026.70204 12.199 0.03
2027.6986 12.049 0.031
2030.68852 12.071 0.033
2031.66401 12.266 0.032
2031.70321 12.065 0.038
2032.64276 12.054 0.029
2032.69028 11.934 0.034
2033.62835 12.082 0.032
2033.67551 12.219 0.028
2037.66509 11.951 0.043
2040.68071 12.198 0.05
2052.61398 11.947 0.04
2053.53528 12.073 0.041
2053.65825 12.144 0.036
2054.60722 12.041 0.04
2054.65686 12.008 0.045
2055.63646 12.247 0.038
2056.60406 12.124 0.041
2056.64025 12.044 0.035
2057.63457 12.065 0.042
2058.63515 12.146 0.036
2062.5758 12.0 0.051
2067.61079 12.135 0.04
2068.57553 12.329 0.039
2068.61407 12.083 0.04
2069.5804 11.97 0.038
2069.61892 11.962 0.034
2070.57086 12.173 0.038
2070.60485 12.265 0.038
2079.53556 11.943 0.032
2079.57417 11.984 0.034
2081.57927 11.997 0.037
2082.60845 12.366 0.034
2083.53576 12.192 0.035
2083.58827 12.042 0.048
2085.57274 12.372 0.031
2087.57843 12.239 0.04
2088.53757 12.113 0.036
2088.56944 12.002 0.034
2093.52311 12.079 0.041
2094.52641 12.026 0.041
2094.56071 12.081 0.036
2096.51731 12.079 0.043
2096.55204 11.848 0.065
2102.53427 12.269 0.035
2103.54948 11.997 0.05
2104.5538 12.189 0.033
2105.54625 12.103 0.033
2106.5526 12.034 0.035
2115.50578 12.167 0.034
2116.51824 12.033 0.032
2117.5216 12.159 0.033
2124.49311 12.176 0.04
2128.48984 11.931 0.032
2128.5119 12.121 0.034
2130.51629 11.947 0.034
2130.54264 12.032 0.036
2132.51235 12.028 0.033
2132.53653 11.988 0.036
2134.50633 12.15 0.032
2136.50268 12.275 0.033
2141.50553 12.298 0.037
2142.52852 12.026 0.037
2143.49965 12.19 0.036
2145.491 12.057 0.037
2151.54465 11.992 0.051
2156.52979 11.992 0.046
2169.5056 12.009 0.04
2172.54505 12.24 0.039
2173.49494 12.1 0.041
2178.50149 11.952 0.043
2185.49749 12.142 0.053
2189.50367 12.293 0.059
2440.56197 12.041 0.039
2440.5985 12.156 0.028
2441.56536 12.519 0.041
2441.59951 12.255 0.024
2442.55953 12.116 0.036
2443.557 12.113 0.029
2444.59158 12.099 0.024
2446.60137 12.093 0.029
2452.52186 12.038 0.042
2452.5584 12.037 0.045
2454.57077 12.093 0.052
2456.51847 12.556 0.04
2456.55956 12.221 0.031
2459.51854 12.131 0.042
2463.55693 12.353 0.033
2464.50679 12.175 0.039
2464.55127 12.055 0.038
2465.55047 12.19 0.037
2466.4984 12.494 0.043
2466.54672 12.164 0.034
2467.55159 12.108 0.024
2468.54612 12.331 0.025
2469.54046 12.06 0.033
2470.5629 12.449 0.04
2473.48829 12.435 0.043
2473.53268 12.372 0.043
2481.46791 12.308 0.05
2481.50229 12.169 0.05
2490.48973 12.368 0.033
2490.50266 12.392 0.031
2493.49253 12.156 0.04
2493.51221 12.086 0.036
2495.4981 12.316 0.049
2497.50567 12.395 0.038
2499.47623 12.077 0.04
2499.49374 12.194 0.033
2502.53625 12.232 0.043
2503.54537 11.894 0.051
2511.55349 12.436 0.038
2512.51451 12.043 0.027
2512.5896 12.313 0.045
2520.60423 12.238 0.025
2521.61386 12.009 0.024
2524.58765 12.055 0.051
2526.56355 12.067 0.046
2543.53759 12.057 0.036
2545.50773 12.241 0.027
2545.51051 12.273 0.023
2547.51365 12.097 0.03
2548.48505 12.287 0.036
2549.51152 12.031 0.027
2552.50763 12.326 0.045
2553.48704 12.25 0.033
2558.49648 12.104 0.039
2559.5179 11.984 0.04
2560.52465 12.132 0.032
2568.49551 12.023 0.038
2635.84578 12.047 0.033
2643.85834 12.103 0.031
2651.84803 12.006 0.025
2655.85839 12.483 0.029
2659.83307 12.132 0.033
2660.80241 12.319 0.039
2662.85196 12.281 0.03
2664.85379 12.217 0.027
2667.85502 12.276 0.036
2671.83603 12.055 0.027
2677.81836 12.205 0.04
2679.8373 12.301 0.05
2679.86937 12.12 0.027
2685.80931 11.997 0.033
2689.8407 12.1 0.032
2697.85889 12.026 0.024
2700.83269 12.148 0.044
2703.77977 12.046 0.028
2707.81409 12.026 0.057
2709.80076 12.036 0.045
2711.80587 12.159 0.046
2713.7909 12.329 0.049
2719.77482 12.063 0.031
2721.76883 12.064 0.045
2727.78115 12.125 0.052
2734.72681 12.113 0.042
2736.74084 12.063 0.027
2738.75479 12.226 0.05
2740.76443 12.559 0.051
2742.70807 12.133 0.059
2750.82606 12.003 0.032
2752.73043 12.198 0.027
2755.71312 12.327 0.031
2757.68715 12.221 0.047
2759.75252 12.224 0.03
2761.69218 12.072 0.023
2763.68169 12.077 0.023
2766.74412 12.093 0.024
2775.7943 12.178 0.044
2783.63507 12.01 0.027
2786.61849 12.053 0.025
2786.85354 11.923 0.038
2791.72447 12.287 0.038
2809.63986 12.166 0.031
2809.64256 12.132 0.027
2810.78046 12.069 0.028
2810.78316 12.104 0.028
2812.58981 12.233 0.051
2812.60163 12.08 0.025
2813.75817 11.917 0.03
2813.76764 12.045 0.028
2819.69435 12.061 0.027
2821.67344 12.056 0.032
2830.5775 12.059 0.063
2831.71319 11.976 0.031
2832.7534 12.099 0.034
2834.61022 12.187 0.036
2835.72864 12.076 0.034
2838.71928 11.969 0.029
2840.59117 12.188 0.026
2840.75678 12.074 0.039
2845.57798 12.384 0.024
2853.56202 12.226 0.028
2854.71303 12.171 0.024
2855.55271 12.289 0.026
2858.60777 12.054 0.028
2859.67312 12.276 0.038
2860.58833 12.162 0.031
2861.63192 11.999 0.032
2862.56535 12.26 0.034
2867.50048 12.056 0.041
2867.50585 12.258 0.052
2874.57416 12.259 0.047
2876.57214 12.075 0.034
2878.5658 13.007 0.026
2878.56874 12.052 0.031
2882.53816 12.294 0.032
2883.53452 11.962 0.027
2884.54356 12.275 0.031
2885.53201 12.116 0.028
2885.57425 12.093 0.03
2888.55927 12.011 0.03
2893.56954 12.132 0.036
2894.49743 12.195 0.036
2895.57587 12.023 0.032
2896.53104 12.086 0.029
2898.52476 11.974 0.031
2900.51975 12.042 0.03
2904.51174 12.304 0.034
2905.55006 11.978 0.027
2906.50755 12.242 0.028
2908.56647 12.334 0.031
2909.51111 12.201 0.033
2910.55928 12.114 0.034
2912.50613 12.105 0.034
2912.54945 12.057 0.027
2915.55693 12.204 0.031
2922.51984 12.024 0.035
2926.50041 12.322 0.057
2928.5104 12.397 0.035
2931.50074 12.09 0.029
2933.50837 12.302 0.029
3012.86489 12.117 0.058
3019.85869 12.017 0.06
3031.8588 12.034 0.03
3035.85256 12.304 0.032
3041.88442 12.038 0.045
3052.82532 12.309 0.029
3055.84795 12.125 0.03
3059.81113 12.188 0.029
3066.86814 12.272 0.031
3069.84334 12.383 0.036
3072.83402 12.04 0.032
3075.85964 12.038 0.031
3075.87089 12.177 0.032
3078.81418 12.071 0.036
3081.80382 12.262 0.029
3086.83388 12.326 0.028
3089.7912 12.154 0.033
3092.76524 12.11 0.028
3096.79243 12.18 0.032
3097.73946 12.285 0.032
3099.80777 12.033 0.037
3100.77021 11.95 0.041
3101.8424 12.072 0.042
3102.77352 12.001 0.042
3104.74331 12.178 0.036
3104.82648 12.124 0.036
3106.80348 12.052 0.036
3106.82232 11.977 0.042
3108.84141 12.03 0.029
3108.85474 12.036 0.031
3111.73713 12.336 0.039
3113.79253 12.256 0.027
3115.84975 12.118 0.032
3121.77661 12.108 0.034
3122.68162 12.141 0.029
3124.70442 12.088 0.029
3124.72028 11.917 0.03
3126.67276 12.736 0.042
3126.73197 11.985 0.038
3128.71663 12.286 0.044
3130.70941 12.242 0.042
3130.74526 12.311 0.041
3132.7308 12.176 0.038
3132.78429 12.426 0.042
3134.77992 12.175 0.038
3142.74384 12.416 0.029
3146.60546 12.377 0.026
3156.74408 12.146 0.033
3158.76256 12.113 0.043
3158.79965 12.388 0.041
3162.61063 12.086 0.032
3164.65187 12.081 0.029
3166.76779 12.333 0.031
3169.57551 12.058 0.028
3175.76793 12.032 0.037
3175.77429 12.235 0.032
3178.55623 12.237 0.031
3178.57955 12.133 0.029
3180.66771 11.909 0.032
3180.68389 12.007 0.032
3183.64037 11.969 0.031
3185.63394 12.106 0.046
3187.6569 11.896 0.04
3187.67286 11.983 0.038
3190.675 12.071 0.039
3190.68336 12.112 0.04
3387.85965 12.036 0.051
3391.85988 12.241 0.043
3395.87113 11.93 0.045
3399.83629 12.282 0.041
3403.84574 12.162 0.041
3406.85818 12.196 0.044
3409.87675 11.972 0.035
3413.83219 12.122 0.058
3416.88663 11.949 0.046
3423.85525 12.163 0.052
3426.81866 12.126 0.039
3432.83772 12.097 0.039
3436.85865 12.115 0.044
3443.8392 12.017 0.032
3446.82269 11.984 0.034
3449.80538 12.025 0.052
3449.80538 12.025 0.059
3450.767 12.253 0.051
3450.767 12.28 0.048
3452.82634 12.266 0.04
3452.82634 12.308 0.041
3452.83091 12.34 0.041
3454.84094 12.232 0.046
3456.82767 12.162 0.039
3458.84182 12.071 0.039
3464.76274 12.161 0.03
3466.83913 12.265 0.034
3469.79373 12.302 0.036
3472.73788 12.319 0.034
3474.8192 12.142 0.05
3477.73728 12.216 0.032
3479.78942 12.147 0.034
3481.77037 12.226 0.037
3483.7605 12.12 0.039
3487.88064 12.322 0.044
3490.76105 11.957 0.044
3490.81305 12.1 0.046
3492.76074 11.98 0.041
3496.75541 12.243 0.031
3496.79893 12.191 0.032
3504.67425 12.837 0.039
3509.65027 12.401 0.032
3511.66925 12.435 0.033
3511.7039 12.243 0.034
3515.7496 12.351 0.044
3515.75229 12.515 0.043
3517.74346 12.512 0.035
3517.74619 12.066 0.035
3521.69104 12.269 0.066
3523.69715 12.43 0.041
3525.67198 12.257 0.056
3525.7259 12.349 0.031
3538.69475 12.109 0.036
3538.72371 12.024 0.036
3540.69947 12.182 0.041
3543.66781 12.229 0.049
3544.78878 12.171 0.041
3550.65905 12.159 0.047
3550.69233 12.219 0.053
3552.70447 12.133 0.033
3555.70084 11.973 0.03
3558.70897 12.042 0.042
3559.53665 11.944 0.044
3560.71485 11.976 0.038
3561.56431 12.203 0.033
3562.73239 11.925 0.04
3563.56977 12.279 0.032
3564.70694 12.194 0.03
3570.65561 12.035 0.037
3570.65954 11.977 0.036
3573.70566 12.165 0.04
3574.58509 12.136 0.034
3575.71869 12.033 0.037
3576.61351 12.096 0.032
3578.56369 12.077 0.03
3578.61788 12.054 0.034
3584.61384 12.245 0.038
3584.61701 12.296 0.034
3586.63318 12.207 0.037
3586.63639 12.283 0.035
3590.70712 12.241 0.034
3591.54402 12.002 0.036
3593.54667 11.921 0.034
3597.59754 12.12 0.059
3597.60079 11.947 0.037
3601.57886 12.275 0.041
3602.62889 11.98 0.044
3603.58476 12.034 0.035
3606.58631 12.303 0.036
3609.50901 12.23 0.037
3618.52587 12.012 0.043
3618.52903 12.096 0.038
3620.54897 12.078 0.057
3620.55543 12.053 0.048
3622.58527 12.115 0.045
3626.60711 12.014 0.036
3629.53205 11.903 0.041
3630.5657 12.295 0.044
3632.4973 12.021 0.044
3632.57293 12.125 0.043
3639.55724 12.043 0.034
3641.50353 12.148 0.034
3642.55716 12.237 0.042
3644.49851 11.882 0.046
3646.55052 12.002 0.032
3649.51726 12.016 0.038
3650.48697 12.192 0.037
3651.52586 11.86 0.036
3655.52152 12.235 0.038
3658.51426 12.037 0.043
3661.50783 11.95 0.043
3664.50135 12.114 0.037
3742.85903 12.018 0.043
3747.86736 12.171 0.045
3751.86608 11.978 0.05
3755.85824 12.304 0.049
3758.86662 11.996 0.041
3762.86422 12.287 0.047
3766.87793 12.237 0.046
3774.83582 12.11 0.047
3783.85687 12.117 0.054
3788.88594 12.32 0.046
3789.81821 12.222 0.044
3792.84786 12.023 0.047
3795.86634 12.117 0.035
3798.85858 12.146 0.047
3802.81971 11.969 0.054
3805.83275 12.094 0.04
3808.83082 12.337 0.044
3811.84854 12.201 0.046
3814.82612 12.051 0.044
3817.8005 12.004 0.038
3820.78794 12.145 0.044
3823.78036 12.241 0.047
3825.85117 12.259 0.063
3828.78012 12.162 0.037
3831.76008 12.115 0.039
3833.82037 12.098 0.045
3835.84215 11.966 0.041
3837.84803 12.192 0.043
3850.83367 11.977 0.033
3853.696 12.288 0.032
3862.69284 12.262 0.033
3864.69073 11.952 0.037
3866.67849 11.986 0.039
3868.72232 12.113 0.044
3869.72339 12.171 0.052
3870.73447 12.122 0.04
3871.71387 12.036 0.037
3872.73338 12.115 0.041
3874.80325 12.095 0.035
3875.81417 12.273 0.033
3879.64974 11.998 0.033
3881.68942 12.096 0.032
3882.68005 12.247 0.033
3887.67929 12.172 0.031
3889.68486 12.331 0.032
3891.66275 12.126 0.03
3893.64342 12.09 0.036
3896.68785 12.303 0.042
3898.69933 12.22 0.043
3898.71837 12.427 0.043
3900.71047 11.963 0.043
3900.74564 12.246 0.045
3902.72522 12.002 0.036
3902.74722 12.008 0.037
3904.75278 11.999 0.037
3904.77322 12.029 0.04
3906.74951 12.046 0.035
3906.78185 12.044 0.04
3909.69011 12.105 0.032
3909.69405 12.023 0.032
3913.69219 12.378 0.034
3913.69614 12.251 0.033
3981.58972 12.088 0.037
4126.85492 12.099 0.036
4133.87822 12.23 0.053
4137.84617 12.164 0.038
4152.85583 12.423 0.037
4156.82045 11.977 0.039
4159.85064 12.18 0.037
4162.85838 12.261 0.054
4165.83994 12.059 0.057
4168.84788 12.034 0.046
4174.7768 12.109 0.034
4177.81188 12.131 0.041
4180.80748 12.179 0.061
4183.8046 11.945 0.052
4186.85281 12.335 0.039
4189.78899 12.303 0.034
4191.80776 12.385 0.041
4193.80009 12.079 0.041
4199.76271 12.203 0.049
4202.82858 12.025 0.043
4204.83398 12.042 0.04
4207.87867 12.381 0.044
4215.72979 12.124 0.046
4227.76282 12.142 0.034
4229.76461 12.084 0.033
4231.76868 11.973 0.048
4233.76741 12.082 0.036
4235.7941 12.177 0.039
4238.65235 12.266 0.051
4246.84517 12.319 0.038
4250.62946 12.135 0.037
4253.74915 11.954 0.05
4253.7686 11.928 0.045
4255.78967 11.942 0.055
4256.6121 12.307 0.035
4258.64881 12.203 0.038
4268.58303 12.463 0.043
4273.65115 12.118 0.034
4276.57417 12.094 0.038
4278.61468 12.187 0.033
4282.63209 12.429 0.061
4283.74783 12.309 0.054
4284.63887 12.164 0.035
4285.73257 12.113 0.044
4290.63303 12.13 0.044
4292.59332 12.277 0.032
4293.71702 12.262 0.033
4296.59886 11.901 0.041
4298.60428 12.073 0.048
4300.55361 12.109 0.043
4302.60748 12.092 0.034
4304.54934 12.148 0.043
4306.5663 11.899 0.032
4308.60795 11.992 0.055
4310.67166 12.181 0.041
4310.67482 12.067 0.038
4312.67737 11.848 0.044
4315.67474 12.14 0.037
4330.60088 12.263 0.042
4330.61076 12.22 0.033
4332.59994 12.025 0.038
4332.60796 12.007 0.035
4334.58941 12.003 0.034
4334.59908 12.026 0.034
4338.62106 12.154 0.039
4341.53731 12.203 0.04
4343.54731 12.198 0.038
4343.56415 12.382 0.034
4345.56666 12.278 0.035
4345.58057 12.311 0.035
4347.56877 12.089 0.035
4349.56011 11.938 0.047
4350.51213 12.072 0.039
4351.56612 11.981 0.051
4352.53389 11.982 0.034
4354.55187 12.032 0.034
4355.53662 12.228 0.042
4356.57768 11.989 0.035
4357.53912 12.003 0.033
4358.55658 12.162 0.033
4359.53039 12.177 0.046
4360.55962 12.461 0.059
4361.529 12.076 0.036
4363.52728 12.217 0.033
4364.52253 12.238 0.037
4365.55965 12.282 0.057
4369.50069 12.142 0.05
4369.53451 12.048 0.051
4371.54658 12.067 0.046
4372.49539 11.964 0.05
4373.56383 12.119 0.04
4376.49014 12.047 0.032
4377.49888 12.128 0.033
4379.53612 12.123 0.036
4380.48626 12.154 0.045
4382.50823 12.3 0.032
4385.50754 12.088 0.033
4387.5134 12.229 0.034
4389.51265 12.273 0.047
4487.84406 12.303 0.049
4494.86649 12.226 0.038
4499.84926 12.387 0.036
4503.84 12.083 0.048
4506.85316 12.313 0.042
4510.83905 12.082 0.05
4519.84527 11.999 0.051
4522.85147 12.046 0.035
4525.847 12.209 0.036
4528.86987 12.07 0.039
4531.8323 12.007 0.038
4535.85055 12.329 0.038
4538.83559 12.093 0.034
4541.81703 11.97 0.033
4546.83057 12.036 0.049
4552.78414 12.074 0.035
4554.84656 12.243 0.051
4557.76473 12.156 0.035
4559.87166 12.244 0.035
4562.75423 12.09 0.037
4564.84369 12.34 0.035
4567.74684 12.145 0.038
4570.73704 12.296 0.032
4572.75666 12.357 0.042
4574.74914 12.251 0.045
