1907.86885 12.901 0.071
1914.87278 12.741 0.065
1918.86325 12.71 0.041
1921.85007 12.839 0.039
1923.8586 12.859 0.036
1925.85092 12.44 0.038
1930.82919 12.539 0.029
1932.84942 12.643 0.03
1935.8213 12.718 0.031
1938.83125 12.859 0.031
1946.84917 12.603 0.03
1948.87887 12.685 0.034
1950.82339 12.847 0.033
1953.81513 12.581 0.038
1958.82313 12.691 0.029
1961.85936 12.909 0.03
1963.81175 12.568 0.029
1965.78395 12.893 0.03
1967.79752 12.726 0.029
1971.89263 13.113 0.039
1976.85416 12.736 0.041
1978.78918 12.692 0.044
1993.81555 13.034 0.053
1996.76892 12.573 0.049
1998.75841 12.918 0.048
2008.69592 12.73 0.06
2016.71316 12.921 0.052
2025.67963 13.001 0.03
2026.70214 12.673 0.03
2027.68744 12.604 0.033
2030.684 12.798 0.033
2031.68876 12.679 0.034
2032.67912 12.602 0.031
2033.67107 12.677 0.027
2040.67177 12.711 0.062
2052.62278 12.783 0.036
2053.64683 12.553 0.033
2054.64762 12.687 0.043
2055.63166 12.475 0.034
2056.63542 12.811 0.033
2057.6194 12.89 0.033
2058.6281 12.611 0.036
2067.55079 12.94 0.037
2068.60005 13.162 0.035
2069.60929 12.547 0.032
2070.59975 12.532 0.037
2079.55983 12.691 0.033
2081.57381 12.49 0.029
2082.59392 12.698 0.029
2083.57821 12.809 0.035
2085.56717 12.761 0.031
2086.56463 12.603 0.031
2087.56754 12.582 0.035
2088.56375 12.713 0.032
2094.56831 12.719 0.034
2102.52122 12.543 0.031
2103.54324 12.687 0.032
2105.5008 12.723 0.031
2106.54294 12.77 0.029
2115.48999 12.871 0.031
2116.50464 12.844 0.032
2124.47468 12.57 0.035
2128.47135 12.54 0.031
2130.53363 12.628 0.031
2132.53418 13.041 0.033
2134.53298 12.674 0.031
2136.52656 12.492 0.033
2141.52249 12.545 0.033
2143.52106 13.069 0.033
2440.58414 13.021 0.024
2441.5919 12.946 0.022
2442.58823 12.754 0.023
2443.58352 12.582 0.022
2444.57718 12.647 0.026
2454.58792 12.683 0.034
2459.54014 12.529 0.032
2463.56699 12.805 0.03
2463.56699 12.817 0.03
2465.54656 12.696 0.024
2466.53373 12.764 0.023
2467.54089 12.822 0.02
2468.53986 12.662 0.021
2469.52742 12.669 0.023
2470.53076 12.735 0.027
2481.48872 12.62 0.034
2483.49897 12.828 0.072
2487.62605 12.598 0.05
2490.49836 12.759 0.023
2493.49654 12.822 0.027
2495.52241 13.099 0.034
2499.48682 12.62 0.027
2503.49278 12.752 0.033
2508.51261 12.546 0.03
2512.5744 12.777 0.043
2520.48977 12.743 0.023
2521.51142 12.75 0.025
2524.51415 12.685 0.026
2543.48899 12.895 0.035
2652.85127 13.027 0.034
2658.8514 12.664 0.035
2668.85167 12.799 0.025
2672.84293 12.844 0.03
2678.83077 12.748 0.024
2681.81977 12.753 0.026
2683.84323 12.698 0.027
2685.85019 13.147 0.039
2690.85862 12.913 0.046
2696.81207 12.907 0.027
2699.79281 12.745 0.03
2701.81973 12.729 0.027
2703.83033 12.659 0.031
2705.85071 12.675 0.071
2707.8055 12.871 0.033
2709.80713 12.728 0.023
2711.80068 12.913 0.028
2713.79959 12.576 0.025
2715.79058 12.926 0.034
2722.8493 12.542 0.034
2724.78096 12.75 0.035
2724.7962 12.607 0.032
2726.77767 12.846 0.03
2730.77186 12.71 0.023
2733.76583 12.7 0.022
2735.76465 12.493 0.024
2737.72951 12.895 0.026
2739.7486 12.969 0.027
2741.74061 12.757 0.029
2741.74061 12.766 0.035
2743.70638 12.838 0.035
2744.82482 12.935 0.039
2749.811 12.812 0.033
2751.68787 12.633 0.025
2755.70864 12.683 0.022
2757.68721 12.629 0.024
2759.74571 12.844 0.024
2761.67393 12.711 0.025
2763.66806 12.744 0.022
2766.72771 12.681 0.027
2782.68738 12.864 0.028
2783.84615 13.061 0.026
2783.89729 12.772 0.062
2783.89729 12.793 0.067
2787.68153 12.789 0.024
2790.7098 12.612 0.025
2804.6266 12.906 0.037
2808.66136 12.711 0.025
2809.80656 12.67 0.032
2811.67354 12.582 0.025
2812.78402 12.721 0.041
2821.52908 12.527 0.029
2826.56598 12.642 0.025
2832.54866 12.805 0.033
2840.59429 12.681 0.025
2842.58705 12.756 0.031
2845.58092 12.678 0.023
2851.62951 12.575 0.027
2854.51872 12.606 0.025
2859.48229 12.62 0.031
2861.48997 12.587 0.03
2862.63992 12.759 0.037
2866.63973 12.748 0.033
2874.59175 12.823 0.026
2876.58733 12.652 0.027
2878.5866 12.73 0.029
2886.48882 12.686 0.033
2892.56059 12.763 0.039
2894.54774 12.673 0.038
2897.51368 12.689 0.035
2905.50123 12.706 0.026
2908.51558 12.581 0.031
2916.49228 12.539 0.048
2921.49532 12.688 0.062
3032.85307 12.968 0.054
3036.84395 13.113 0.037
3042.83558 13.0 0.06
3052.84674 12.802 0.028
3056.82469 12.673 0.041
3059.85117 12.849 0.031
3063.85105 12.727 0.077
3067.87088 12.574 0.035
3070.82211 12.601 0.037
3073.82762 12.642 0.04
3077.87428 12.605 0.038
3080.81112 12.703 0.041
3085.85715 12.745 0.047
3088.7896 12.644 0.037
3090.87052 13.164 0.038
3093.85865 12.692 0.033
3097.73132 12.653 0.036
3099.78229 12.53 0.04
3105.79989 12.804 0.038
3107.80239 12.694 0.032
3110.72724 12.75 0.035
3112.76892 13.033 0.035
3114.81828 12.73 0.032
3118.72467 12.607 0.033
3122.71428 12.827 0.037
3124.76158 12.652 0.031
3128.70485 12.79 0.039
3132.72814 12.658 0.05
3134.73288 13.065 0.045
3146.5974 12.68 0.029
3153.66823 12.675 0.032
3162.67533 12.766 0.035
3164.68979 12.751 0.034
3167.69869 12.585 0.031
3169.689 12.57 0.039
3172.72182 12.835 0.06
3176.57279 13.085 0.029
3178.71843 12.728 0.043
3180.78611 12.573 0.034
3187.57708 12.908 0.04
3189.76339 13.868 0.049
3219.48408 13.066 0.031
3277.49903 12.722 0.042
3280.49936 12.922 0.051
3387.86541 13.273 0.062
3392.8607 12.563 0.057
3392.8607 12.606 0.053
3392.86346 12.939 0.051
3392.86346 12.96 0.053
3396.85653 12.807 0.048
3400.84327 12.774 0.04
3400.85629 12.593 0.047
3400.85629 12.599 0.045
3407.84 12.704 0.042
3410.87717 12.749 0.043
3414.8363 12.954 0.042
3418.82438 12.799 0.044
3421.87664 12.895 0.064
3424.85284 12.799 0.068
3427.84802 12.563 0.041
3433.90026 12.483 0.06
3438.83652 12.718 0.034
3442.83489 12.915 0.039
3444.82798 12.435 0.054
3447.80336 12.818 0.068
3449.85248 12.83 0.062
3449.85248 12.854 0.056
3450.78439 12.807 0.046
3452.80203 12.979 0.055
3453.73882 12.461 0.05
3455.75695 12.728 0.052
3463.75551 13.088 0.043
3465.83294 12.746 0.035
3468.77882 12.698 0.03
3471.73755 12.501 0.038
3473.83833 12.721 0.029
3476.72683 12.541 0.05
3478.76571 12.722 0.042
3480.76381 12.644 0.049
3487.80002 12.647 0.049
3490.78212 12.724 0.061
3492.77889 12.526 0.051
3496.77473 13.005 0.03
3499.8451 12.591 0.047
3502.65905 12.532 0.048
3508.71256 12.754 0.035
3510.76698 12.647 0.032
3515.6819 12.65 0.045
3517.6734 12.862 0.042
3521.64798 12.76 0.049
3523.65648 12.652 0.042
3525.68006 12.681 0.037
3537.75581 12.724 0.035
3542.60646 12.683 0.059
3544.66849 12.566 0.042
3547.73912 12.503 0.035
3551.72288 12.698 0.077
3554.70543 12.735 0.029
3558.58281 12.708 0.033
3560.58408 13.031 0.035
3562.56253 12.602 0.038
3564.5622 12.856 0.031
3570.52736 12.958 0.036
3573.6204 12.668 0.038
3575.63171 12.709 0.032
3577.65091 12.83 0.049
3583.62909 12.828 0.038
3586.53157 12.785 0.053
3588.56916 12.735 0.049
3590.65611 12.597 0.033
3592.66131 12.743 0.032
3597.50964 13.064 0.052
3602.60824 12.592 0.045
3609.48719 12.743 0.041
3616.5888 12.703 0.042
3619.53257 12.676 0.05
3626.54835 12.864 0.036
3630.53253 12.867 0.05
3632.53731 12.815 0.064
3639.51963 12.68 0.032
3647.50388 12.961 0.035
3748.86296 12.896 0.044
3753.86657 12.447 0.062
3757.85589 12.587 0.041
3762.86785 12.725 0.044
3767.85697 12.833 0.047
3772.84789 12.881 0.038
3775.86098 12.656 0.053
3783.87304 12.733 0.057
3789.83469 12.551 0.04
3792.86306 12.914 0.064
3795.84584 12.648 0.037
3798.84564 12.912 0.046
3802.80705 12.703 0.051
3805.82401 12.711 0.041
3808.82677 13.123 0.056
3811.80547 12.713 0.046
3816.8534 13.372 0.082
3819.78599 13.091 0.041
3822.77101 12.334 0.044
3825.76718 13.079 0.055
3828.75645 12.811 0.039
3831.74541 12.57 0.051
3833.78337 12.738 0.054
3835.7793 12.577 0.053
3837.78134 12.783 0.047
3848.76754 13.095 0.069
3850.77914 12.479 0.045
3852.81898 12.661 0.045
3855.69429 12.573 0.049
3859.74806 12.578 0.038
3861.73421 12.677 0.034
3863.72234 12.672 0.037
3865.6969 12.627 0.039
3870.70727 12.517 0.051
3872.70467 12.706 0.046
3875.78581 12.69 0.034
3879.64194 12.937 0.041
3881.67673 12.715 0.032
3886.66051 12.732 0.038
3890.65038 13.11 0.034
3898.63229 12.536 0.048
3900.64784 12.822 0.046
3902.6654 12.688 0.036
3904.68696 12.768 0.034
3906.69854 12.771 0.034
3908.75434 12.639 0.038
4127.85044 12.829 0.037
4131.84383 12.727 0.044
4135.8404 12.586 0.064
4153.86354 12.842 0.046
4157.82339 12.458 0.059
4160.84202 12.66 0.045
4163.83284 12.602 0.078
4166.85319 13.006 0.05
4172.82407 12.685 0.058
4175.80541 13.101 0.074
4181.79379 12.932 0.069
4184.77818 12.587 0.058
4190.82181 12.47 0.037
4192.7878 12.89 0.051
4198.80691 13.381 0.072
4202.75363 12.756 0.049
4204.79192 12.948 0.039
4207.8479 12.523 0.05
4212.9138 12.487 0.069
4216.71646 12.663 0.046
4228.77543 12.842 0.045
4230.77311 12.901 0.035
4232.77148 12.745 0.04
4234.79443 12.624 0.043
4246.66809 12.738 0.039
4253.65817 12.73 0.059
4255.6948 12.57 0.055
4257.69644 12.915 0.062
4267.61748 12.933 0.057
4269.64539 12.7 0.044
4272.61123 12.944 0.033
4274.624 12.985 0.043
4283.64881 12.627 0.055
4285.63973 12.862 0.05
4289.63568 12.83 0.038
4291.63938 12.699 0.038
4293.62897 12.668 0.037
4295.64224 13.074 0.032
4297.6361 12.794 0.053
4299.60617 12.569 0.04
4301.56404 12.724 0.048
4308.50646 12.561 0.058
4312.61124 12.943 0.047
4315.61721 12.765 0.035
4329.60537 12.918 0.041
4336.52003 12.624 0.066
4339.60925 13.182 0.044
4342.50252 12.785 0.061
4344.5166 12.638 0.036
4346.52015 12.629 0.041
4348.54032 12.76 0.058
4350.54468 12.958 0.043
4352.55799 12.641 0.036
4355.56146 12.869 0.035
4362.49516 12.67 0.035
4364.5375 12.586 0.039
4368.52651 12.63 0.047
4371.50135 13.512 0.045
4375.49706 12.694 0.038
4381.48946 13.101 0.045
4488.85378 12.796 0.05
4492.84422 12.655 0.039
4499.87321 12.758 0.044
4503.85928 12.642 0.055
4507.83702 12.801 0.051
4511.83537 12.737 0.036
4527.81272 13.525 0.058
4530.83471 12.685 0.039
4533.87595 12.679 0.041
4536.8503 12.644 0.033
4539.8238 12.644 0.069
4542.80975 12.59 0.047
4545.79443 12.386 0.07
4547.84078 12.637 0.049
4558.8478 12.69 0.036
4561.76082 12.917 0.038
4564.74915 12.746 0.036
4566.82129 12.723 0.043
4569.72684 12.648 0.042
4571.76063 13.189 0.051
4573.7495 12.716 0.046
4575.75311 12.78 0.047
