1914.86787 12.52 0.046
1918.86519 12.374 0.041
1921.85714 12.168 0.037
1923.865 12.404 0.054
1925.85977 12.284 0.046
1926.88358 12.526 0.064
1931.83974 12.196 0.03
1935.81083 12.317 0.03
1938.84 12.441 0.028
1949.81418 12.399 0.035
1950.85994 12.474 0.031
1958.82931 12.491 0.028
1962.77309 12.392 0.036
1963.89935 12.441 0.041
1965.79482 12.274 0.028
1967.80386 12.744 0.031
1971.89869 12.628 0.044
1976.87147 12.29 0.043
1978.81893 12.314 0.051
1979.83017 12.645 0.055
1980.76612 12.684 0.055
1981.79226 12.235 0.046
1984.88861 12.648 0.053
1985.81114 12.57 0.046
1994.68814 12.832 0.044
1995.78736 12.754 0.058
1997.79299 12.347 0.055
1998.781 12.537 0.055
2000.77782 12.337 0.053
2007.69692 12.48 0.061
2014.71161 12.63 0.055
2016.73302 12.339 0.053
2025.72466 12.344 0.03
2026.72115 12.398 0.029
2027.70948 12.511 0.032
2030.69492 12.502 0.033
2031.68403 12.605 0.032
2031.70743 12.569 0.031
2032.69446 12.14 0.032
2033.68873 12.376 0.026
2040.67177 12.388 0.055
2052.62936 12.246 0.033
2053.66457 12.527 0.032
2054.64067 12.413 0.035
2054.66096 12.329 0.037
2055.64727 12.239 0.037
2056.64433 12.49 0.031
2057.63868 12.332 0.036
2058.64145 12.975 0.034
2061.6693 12.224 0.035
2068.61799 12.24 0.035
2069.60007 12.409 0.035
2070.59051 12.538 0.035
2070.61543 12.455 0.035
2079.55729 12.534 0.032
2079.57792 12.715 0.03
2081.58739 12.229 0.03
2082.60759 12.454 0.029
2083.56887 12.223 0.038
2083.5874 12.322 0.043
2085.57632 12.411 0.033
2087.57746 12.248 0.035
2088.58414 12.586 0.031
2094.58631 12.45 0.031
2102.5374 12.351 0.032
2103.56162 12.255 0.035
2104.55236 12.581 0.032
2105.48682 12.732 0.029
2105.54244 12.335 0.03
2109.56418 12.232 0.029
2115.50401 12.358 0.033
2116.51417 12.18 0.033
2117.51749 12.582 0.031
2124.48881 12.478 0.034
2128.46894 12.326 0.033
2128.48539 12.148 0.028
2130.54023 12.28 0.032
2132.51454 12.26 0.03
2132.5295 12.548 0.03
2136.50918 12.589 0.031
2141.51187 12.176 0.03
2143.51044 12.2 0.033
2143.51644 12.152 0.034
2440.58162 12.385 0.021
2440.60229 12.433 0.025
2441.58492 12.46 0.026
2441.60329 12.256 0.031
2442.6041 12.077 0.024
2443.57424 12.257 0.021
2443.59264 12.344 0.028
2444.5953 12.324 0.028
2452.54118 12.22 0.032
2452.56193 12.346 0.037
2454.57638 12.304 0.043
2456.54225 12.189 0.023
2456.56299 12.34 0.028
2459.53765 12.197 0.024
2464.53511 12.195 0.026
2465.53497 12.108 0.022
2465.55366 12.273 0.028
2466.52895 12.421 0.022
2466.54538 12.457 0.027
2467.52484 12.323 0.02
2467.54798 12.201 0.024
2468.52784 12.057 0.022
2468.55826 12.336 0.022
2469.52482 12.423 0.024
2469.54354 12.486 0.031
2470.51657 12.43 0.027
2470.55197 12.28 0.027
2473.50316 12.514 0.035
2473.52887 12.321 0.032
2481.48404 12.16 0.038
2481.50051 12.156 0.034
2490.48242 12.146 0.022
2491.49483 12.281 0.035
2493.49861 12.103 0.029
2494.50879 12.278 0.03
2495.52901 12.292 0.04
2497.52315 12.42 0.027
2499.49119 12.17 0.025
2503.48331 12.15 0.04
2508.50785 12.209 0.028
2508.59622 12.478 0.04
2509.55926 13.469 0.06
2511.60613 13.253 0.054
2520.48506 12.29 0.023
2520.53276 12.203 0.022
2521.54221 12.196 0.024
2524.53802 12.232 0.028
2526.56558 12.139 0.034
2535.47942 12.588 0.037
2540.51661 12.372 0.058
2651.8686 12.305 0.035
2658.85325 12.179 0.033
2664.84413 12.172 0.028
2668.86054 12.722 0.053
2672.84943 12.395 0.028
2678.83247 12.525 0.024
2679.85852 12.15 0.034
2681.83299 12.54 0.024
2683.84953 12.275 0.025
2686.81765 12.18 0.041
2688.87036 12.22 0.032
2690.86965 12.181 0.038
2696.82063 12.361 0.028
2699.80143 12.283 0.028
2701.84113 12.129 0.037
2704.82731 12.188 0.028
2706.82066 12.416 0.027
2710.80353 12.311 0.027
2714.79487 12.084 0.036
2717.81453 12.096 0.03
2722.86507 12.132 0.03
2723.77894 12.074 0.059
2724.78259 12.188 0.03
2726.78384 12.212 0.04
2728.77819 12.529 0.032
2730.78268 12.111 0.024
2731.86557 12.164 0.026
2733.77203 12.179 0.035
2735.77322 12.29 0.031
2737.74453 12.21 0.037
2738.75012 12.416 0.026
2739.75943 12.192 0.027
2740.75293 12.365 0.029
2743.72041 12.149 0.028
2744.7197 12.471 0.032
2744.83335 12.129 0.036
2749.7758 12.237 0.029
2749.79434 12.188 0.031
2751.70902 12.524 0.031
2754.71441 12.443 0.033
2755.87474 12.29 0.023
2757.67561 12.306 0.023
2757.71428 12.6 0.024
2759.75669 12.326 0.034
2761.70094 12.297 0.025
2763.69053 12.242 0.029
2766.73899 12.686 0.03
2782.49122 12.537 0.048
2782.66755 12.328 0.03
2783.83333 12.418 0.024
2783.89255 12.064 0.043
2783.89255 12.082 0.048
2785.73175 12.366 0.026
2787.68367 12.213 0.024
2790.71197 12.18 0.024
2794.58713 12.151 0.027
2794.61299 12.159 0.025
2804.61494 12.243 0.037
2804.64532 12.414 0.036
2808.61647 12.459 0.028
2808.64736 12.503 0.025
2809.78122 12.319 0.038
2809.79182 12.347 0.027
2811.66415 12.222 0.023
2811.66912 12.22 0.023
2812.76012 12.415 0.027
2812.76511 12.447 0.027
2820.54161 12.164 0.023
2826.60117 12.224 0.026
2831.53935 12.468 0.037
2832.56741 12.134 0.029
2832.66184 12.434 0.031
2834.56338 12.485 0.032
2835.66077 12.607 0.035
2836.72486 12.037 0.038
2838.64073 12.26 0.028
2840.6068 12.189 0.026
2840.69304 12.214 0.026
2842.59439 12.362 0.029
2845.59919 12.37 0.021
2851.50171 12.297 0.025
2851.507 12.295 0.024
2853.63865 12.207 0.032
2859.47005 12.307 0.049
2859.55658 12.565 0.039
2860.6784 12.512 0.035
2861.48489 12.054 0.029
2862.6375 12.028 0.034
2866.60252 12.172 0.026
2866.63732 12.353 0.03
2868.65356 12.101 0.031
2874.58937 12.338 0.025
2876.52934 12.136 0.025
2876.58495 12.416 0.027
2878.52576 12.414 0.025
2878.58151 12.138 0.028
2882.54693 12.079 0.031
2886.5005 12.108 0.029
2894.51281 12.294 0.03
2896.54247 12.509 0.029
2898.53307 12.114 0.028
2900.528 12.212 0.027
2904.51758 12.154 0.032
2906.51336 12.34 0.027
2909.51691 12.414 0.032
3013.86669 12.073 0.046
3032.85799 12.254 0.048
3036.85095 12.479 0.032
3042.857 12.595 0.037
3051.88946 12.444 0.033
3055.82512 12.391 0.03
3060.8289 12.329 0.03
3062.80956 12.446 0.048
3064.82383 12.429 0.037
3066.84592 12.133 0.032
3068.80765 12.387 0.034
3069.81442 12.28 0.035
3071.8325 12.282 0.04
3072.81168 12.173 0.032
3074.86496 12.039 0.034
3078.88836 12.248 0.032
3081.82553 12.167 0.029
3085.86702 12.519 0.038
3088.79899 12.174 0.062
3091.78408 11.971 0.034
3096.82962 12.179 0.031
3096.8365 12.263 0.031
3098.80246 12.169 0.033
3098.81219 12.513 0.032
3100.79195 12.178 0.036
3100.82171 12.153 0.035
3104.79216 12.217 0.035
3105.81961 12.605 0.039
3107.82547 12.39 0.036
3108.78921 12.667 0.029
3110.7474 12.303 0.034
3112.79393 12.199 0.03
3114.83329 12.332 0.03
3118.73978 12.531 0.03
3118.86434 12.141 0.029
3122.70901 12.514 0.026
3122.73177 12.437 0.027
3124.7536 12.534 0.029
3124.78436 12.497 0.028
3126.71263 12.155 0.036
3126.74158 12.182 0.033
3128.69139 12.355 0.035
3128.72106 12.624 0.035
3132.71761 12.191 0.036
3132.74765 12.27 0.035
3134.74553 12.24 0.042
3142.73143 12.165 0.029
3142.75353 12.323 0.027
3145.72761 12.21 0.04
3146.6099 12.175 0.033
3152.85074 12.295 0.042
3154.61432 12.311 0.028
3159.64201 12.071 0.057
3160.66907 12.421 0.035
3162.64889 12.086 0.031
3163.67879 12.299 0.031
3164.67136 12.114 0.031
3165.67307 12.21 0.033
3166.80098 12.405 0.031
3168.69528 12.626 0.03
3175.77193 12.166 0.033
3176.67379 12.162 0.029
3178.56826 12.082 0.028
3180.67411 12.096 0.03
3182.57269 12.255 0.03
3183.65469 12.051 0.032
3184.59727 12.133 0.032
3187.56389 12.364 0.037
3187.60147 12.226 0.04
3189.78537 12.523 0.043
3190.60318 12.127 0.033
3277.48804 12.326 0.039
3387.86541 11.967 0.053
3392.8607 12.161 0.051
3392.8607 12.162 0.048
3396.85653 12.101 0.041
3400.85629 12.194 0.041
3400.85629 12.236 0.04
3407.84 12.602 0.037
3411.83627 12.445 0.039
3414.8363 12.407 0.037
3414.85354 12.225 0.038
3418.82438 12.043 0.039
3418.82706 12.047 0.05
3421.87664 12.063 0.056
3424.85284 12.197 0.061
3424.8555 12.031 0.051
3427.84984 12.189 0.045
3430.84292 12.126 0.032
3433.90026 12.038 0.058
3434.81392 12.12 0.041
3438.83652 12.376 0.03
3438.84088 12.439 0.032
3442.83489 12.163 0.036
3442.84779 12.205 0.033
3444.82798 12.304 0.046
3444.83763 12.487 0.045
3447.80336 12.057 0.061
3447.81471 12.305 0.04
3450.78439 12.114 0.042
3453.73882 12.168 0.043
3455.75695 12.386 0.044
3463.75551 12.171 0.038
3465.83294 12.172 0.031
3467.77475 12.588 0.034
3468.77882 12.154 0.027
3471.73755 12.381 0.035
3473.83833 12.153 0.026
3475.83044 12.379 0.059
3476.72683 12.264 0.043
3478.76571 12.016 0.037
3480.76381 12.466 0.045
3487.80002 12.257 0.041
3490.78212 12.17 0.054
3491.74694 12.15 0.041
3492.77889 12.485 0.046
3496.77473 12.08 0.027
3499.8451 12.22 0.043
3502.65905 12.262 0.044
3503.66815 12.53 0.043
3508.71256 12.36 0.031
3510.76698 12.341 0.027
3511.74368 12.519 0.033
3515.6819 12.419 0.038
3515.74486 12.138 0.043
3517.6734 12.136 0.038
3517.73851 12.519 0.032
3521.64798 12.332 0.045
3521.67179 12.607 0.045
3523.65648 12.027 0.037
3525.68006 12.243 0.032
3525.70275 12.244 0.055
3537.75581 12.027 0.031
3542.60646 12.332 0.052
3543.62555 12.324 0.043
3544.66849 12.192 0.038
3544.73446 12.124 0.049
3547.73912 12.07 0.031
3550.58673 12.284 0.035
3551.72288 12.337 0.064
3552.6615 12.422 0.035
3554.70543 12.269 0.025
3555.65709 12.261 0.041
3558.58281 12.172 0.031
3558.66976 12.757 0.049
3560.58408 12.543 0.032
3560.67698 12.121 0.035
3562.56253 12.14 0.035
3562.67892 12.17 0.032
3564.5622 12.221 0.029
3570.52736 12.389 0.033
3570.54636 12.378 0.035
3573.6204 12.166 0.033
3573.6259 12.116 0.034
3575.63171 12.291 0.027
3575.6432 12.211 0.033
3577.65091 12.497 0.044
3583.51406 12.331 0.042
3583.62909 12.457 0.036
3585.57243 12.421 0.042
3586.53157 12.231 0.05
3587.58015 12.264 0.03
3588.56916 12.589 0.043
3589.5907 12.152 0.032
3590.65611 12.266 0.031
3591.64621 11.914 0.045
3591.66569 12.143 0.034
3592.66131 12.29 0.03
3597.47848 12.026 0.042
3597.50964 12.213 0.044
3599.5795 12.52 0.036
3601.47971 12.3 0.048
3601.62532 12.295 0.041
3602.60824 12.262 0.038
3603.51161 12.104 0.034
3609.48719 12.146 0.038
3616.48368 12.26 0.041
3616.48776 12.194 0.041
3616.5888 12.3 0.038
3618.5785 12.221 0.053
3618.58566 12.562 0.041
3619.53257 12.577 0.046
3620.59183 12.126 0.042
3624.5455 12.139 0.04
3626.5029 12.401 0.031
3626.54835 12.263 0.031
3629.57334 12.447 0.04
3630.53253 11.975 0.043
3631.50947 12.109 0.045
3632.50176 12.438 0.04
3632.53731 12.532 0.053
3633.52897 12.159 0.049
3635.49347 12.194 0.056
3639.49321 12.225 0.032
3639.51963 12.141 0.029
3642.49357 12.633 0.046
3642.51249 12.322 0.036
3646.5117 12.083 0.034
3647.50388 12.315 0.031
3656.49468 12.365 0.044
3748.86296 12.151 0.038
3753.86657 12.645 0.053
3757.85589 12.274 0.036
3762.86785 12.285 0.039
3766.88315 12.124 0.044
3767.85697 12.039 0.042
3772.84789 12.291 0.034
3775.86098 12.331 0.044
3783.87304 12.231 0.048
3789.83469 12.052 0.036
3792.86306 12.223 0.055
3795.84584 12.096 0.033
3796.85562 12.269 0.032
3798.84564 12.215 0.04
3802.80705 12.021 0.045
3805.82401 12.175 0.035
3808.82677 12.188 0.049
3811.80547 12.091 0.039
3816.8534 12.107 0.067
3819.78599 12.385 0.035
3822.77101 12.24 0.038
3825.76718 12.422 0.047
3828.75645 12.145 0.036
3831.74541 12.164 0.045
3833.78337 12.27 0.045
3835.7793 12.431 0.046
3835.80323 12.305 0.048
3837.78134 12.309 0.04
3837.81354 12.325 0.044
3847.77723 12.38 0.052
3848.76754 12.252 0.062
3850.77914 12.46 0.042
3852.81898 12.282 0.039
3855.69429 12.417 0.045
3856.70628 12.184 0.038
3859.74806 12.04 0.034
3861.73421 12.231 0.032
3863.72234 12.29 0.034
3863.73625 12.345 0.034
3865.6969 12.098 0.035
3865.71996 12.14 0.037
3870.70727 12.525 0.044
3872.70467 12.114 0.04
3875.78581 12.394 0.031
3879.64194 12.084 0.038
3881.67673 12.134 0.029
3886.66051 12.462 0.035
3890.65038 12.346 0.032
3890.65894 12.255 0.033
3898.63229 12.243 0.042
3900.64784 12.175 0.04
3900.66607 12.233 0.043
3902.6654 12.34 0.031
3904.68696 12.366 0.03
3904.70885 12.51 0.035
3906.69854 12.151 0.031
3908.75434 12.092 0.035
3912.72002 12.175 0.034
4127.85044 12.45 0.033
4131.84383 12.364 0.041
4135.8404 12.196 0.054
4153.86354 12.285 0.041
4157.82339 12.121 0.054
4160.84202 12.069 0.048
4163.83284 12.493 0.068
4166.85319 12.011 0.044
4172.82407 12.113 0.053
4175.80541 12.283 0.065
4181.79379 12.406 0.061
4184.77818 12.645 0.05
4190.82181 12.379 0.032
4192.7878 12.153 0.046
4198.80691 12.137 0.063
4202.75363 12.056 0.044
4204.79192 12.153 0.035
4207.8479 12.243 0.045
4212.9138 12.263 0.057
4216.71646 12.346 0.044
4228.77543 12.406 0.039
4230.77311 12.171 0.032
4232.77148 12.064 0.034
4234.79443 12.216 0.037
4246.66809 12.194 0.035
4253.65817 12.166 0.053
4255.6948 11.996 0.05
4257.69644 12.4 0.055
4266.68718 12.663 0.045
4266.69002 12.317 0.048
4267.61748 12.577 0.05
4269.64539 12.135 0.041
4272.61123 12.083 0.03
4274.624 12.336 0.04
4276.58444 12.248 0.034
4283.64881 12.178 0.048
4285.63973 12.436 0.043
4289.63568 12.442 0.033
4291.63938 12.303 0.035
4293.62897 12.196 0.043
4295.64224 12.34 0.029
4297.6361 12.142 0.048
4299.60617 12.241 0.038
4300.5917 12.199 0.052
4301.56404 12.076 0.042
4302.63747 12.276 0.035
4308.50646 12.21 0.05
4308.52516 12.406 0.055
4310.61969 12.311 0.037
4312.61124 12.118 0.041
4312.6167 12.049 0.044
4315.61721 12.145 0.031
4329.49023 12.192 0.05
4329.60537 12.394 0.036
4336.52003 12.285 0.06
4339.52025 12.244 0.036
4339.60925 12.189 0.038
4341.57502 12.166 0.04
4342.50252 12.049 0.056
4344.5166 12.179 0.032
4346.52015 12.397 0.037
4348.54032 12.144 0.055
4350.54468 12.147 0.038
4352.55799 12.292 0.032
4355.56146 12.489 0.031
4357.49003 12.221 0.033
4362.49516 12.331 0.031
4363.48075 12.198 0.034
4364.5375 12.335 0.034
4365.53509 12.432 0.046
4368.52651 12.297 0.039
4371.50135 12.525 0.039
4371.52616 12.825 0.045
4375.49706 12.215 0.034
4375.51415 12.161 0.034
4377.52258 12.517 0.033
4380.51091 12.389 0.042
4381.48946 12.149 0.038
4383.50211 12.345 0.033
4488.85378 12.184 0.045
4492.84422 12.335 0.034
4499.87321 12.132 0.039
4503.85928 12.016 0.046
4507.83702 12.18 0.045
4511.83537 12.479 0.033
4527.81272 12.416 0.05
4530.83471 12.243 0.035
4533.87595 12.263 0.036
4536.8503 12.228 0.03
4539.8238 12.457 0.057
4542.80975 12.404 0.045
4545.79443 12.465 0.059
4547.84078 12.221 0.043
4558.8478 12.142 0.032
4561.76082 12.229 0.034
4564.74915 12.229 0.032
4566.82129 12.27 0.04
4569.72684 12.192 0.037
4571.76063 12.562 0.048
4573.7495 12.106 0.041
4575.75311 12.28 0.042
