1919.87407 12.419 0.062
1921.87355 12.501 0.062
1924.86237 12.232 0.043
1931.84903 12.336 0.035
1933.86055 12.438 0.035
1936.85255 12.291 0.029
1939.85014 12.44 0.034
1946.86591 12.425 0.031
1949.83077 12.517 0.038
1950.86926 12.463 0.034
1953.82839 12.476 0.039
1958.84102 12.371 0.029
1962.79239 12.708 0.039
1963.90935 12.691 0.055
1965.81586 12.348 0.029
1967.81577 12.305 0.03
1978.82156 12.582 0.047
1979.83508 12.117 0.049
1984.88453 12.541 0.05
1985.81618 12.611 0.042
1994.70476 12.438 0.042
1995.79003 12.605 0.055
1996.7868 12.192 0.051
1997.79119 12.59 0.048
1998.7837 12.444 0.054
2000.7805 12.475 0.05
2016.73799 12.318 0.052
2026.71704 12.39 0.031
2027.71215 12.478 0.031
2030.70209 12.242 0.029
2031.71232 12.629 0.035
2032.69939 12.423 0.029
2033.69137 12.343 0.031
2040.68531 12.209 0.059
2052.63643 12.384 0.031
2053.66938 12.541 0.034
2054.66576 12.449 0.033
2055.64534 12.275 0.031
2056.65135 12.337 0.034
2057.64346 12.283 0.036
2058.6395 12.509 0.035
2059.68377 12.692 0.055
2062.58244 12.268 0.049
2067.66332 12.474 0.036
2068.62497 12.489 0.036
2069.61852 12.242 0.034
2070.61341 12.521 0.031
2080.51857 12.413 0.041
2081.59474 12.283 0.032
2082.61454 12.442 0.032
2083.59427 12.239 0.043
2085.58315 12.474 0.032
2086.58902 12.402 0.031
2087.58431 12.449 0.038
2094.58858 12.292 0.038
2102.52608 12.443 0.033
2103.55257 12.239 0.04
2104.55685 12.644 0.034
2105.55152 12.269 0.033
2106.55782 12.556 0.032
2115.51067 12.331 0.03
2116.5231 12.488 0.032
2117.51286 12.33 0.036
2124.47952 12.373 0.037
2128.47845 12.369 0.036
2130.52277 12.413 0.033
2132.51654 12.325 0.03
2134.51978 12.27 0.031
2136.51116 12.265 0.035
2141.51607 12.275 0.034
2143.51237 12.324 0.035
2180.48499 12.259 0.064
2440.60696 12.335 0.029
2442.60203 12.388 0.033
2443.59955 12.458 0.026
2445.5818 12.372 0.027
2452.56655 12.345 0.032
2454.58091 12.376 0.034
2454.58091 12.404 0.034
2456.56754 12.537 0.025
2459.58209 12.386 0.036
2463.56222 12.403 0.025
2463.56222 12.429 0.028
2463.56222 12.54 0.025
2463.56222 12.566 0.028
2463.57175 12.441 0.028
2463.57175 12.462 0.039
2464.55677 12.268 0.024
2465.56048 12.534 0.024
2466.55437 12.358 0.022
2467.55704 12.362 0.02
2468.55148 12.54 0.021
2469.54808 12.407 0.033
2481.50717 12.252 0.038
2487.61702 12.367 0.047
2490.49425 12.375 0.024
2493.48568 12.229 0.03
2495.50016 12.443 0.035
2497.50988 12.454 0.027
2499.48036 12.519 0.026
2508.49249 12.339 0.036
2509.54378 12.35 0.04
2512.55486 12.623 0.033
2524.49122 12.292 0.029
2526.51906 12.281 0.032
2540.49754 12.462 0.048
2545.48789 12.384 0.027
2659.86776 12.442 0.051
2663.85287 12.257 0.041
2669.85961 12.582 0.036
2673.85126 12.271 0.028
2677.83044 12.486 0.06
2681.8217 12.379 0.027
2683.86889 12.362 0.028
2686.82725 12.481 0.037
2699.8157 12.278 0.028
2701.85079 12.324 0.027
2704.83219 12.325 0.029
2706.84202 12.341 0.026
2710.8138 12.6 0.029
2712.80909 12.584 0.026
2714.80472 12.381 0.034
2722.87004 12.287 0.033
2724.78984 12.508 0.03
2724.78984 12.537 0.029
2726.78885 12.38 0.027
2728.78321 12.282 0.027
2730.78085 12.292 0.033
2733.7793 12.342 0.025
2735.77826 12.287 0.027
2737.7573 12.303 0.032
2739.76446 12.516 0.029
2743.72872 12.376 0.029
2749.85121 12.402 0.037
2751.71917 12.628 0.03
2754.71941 12.398 0.023
2755.9053 12.32 0.028
2757.71922 12.291 0.025
2759.76632 12.303 0.024
2761.71045 12.454 0.023
2763.69319 12.568 0.024
2770.69204 12.456 0.027
2783.64413 12.581 0.026
2785.6778 12.45 0.024
2790.71451 12.41 0.024
2794.62932 12.34 0.028
2809.63218 12.622 0.025
2810.77465 12.383 0.026
2813.77146 12.312 0.029
2819.67584 12.324 0.026
2821.66289 12.432 0.028
2832.56966 12.365 0.033
2833.6917 12.579 0.051
2838.57932 12.6 0.027
2840.63311 12.601 0.028
2842.61047 12.567 0.044
2845.61969 12.467 0.027
2853.54785 12.394 0.023
2854.67194 12.391 0.025
2859.51827 12.366 0.031
2860.6706 12.457 0.037
2862.59738 12.231 0.036
2866.6453 12.445 0.03
2876.56208 12.609 0.027
2878.55862 12.521 0.023
2888.51825 12.6 0.046
2893.53985 12.631 0.037
2895.54554 12.538 0.032
2901.54479 12.128 0.055
2916.49966 12.354 0.038
3033.86325 12.698 0.073
3037.87579 12.696 0.065
3042.87446 12.547 0.039
3052.86188 12.381 0.034
3056.83731 12.512 0.035
3060.84234 12.297 0.034
3064.8352 12.485 0.039
3068.81597 12.39 0.039
3071.83814 12.521 0.041
3074.79299 12.913 0.048
3078.89137 12.274 0.041
3081.8234 12.39 0.03
3086.84228 12.352 0.031
3089.80078 12.077 0.06
3092.78781 12.408 0.03
3097.754 12.37 0.035
3099.80078 12.46 0.041
3105.82339 12.267 0.037
3107.82848 12.32 0.042
3110.74381 12.501 0.029
3112.79968 12.339 0.032
3115.72709 12.387 0.03
3122.72965 12.287 0.04
3124.78221 12.341 0.037
3126.74452 12.667 0.037
3132.75394 12.37 0.041
3134.75106 12.162 0.045
3142.75899 12.397 0.03
3153.86058 12.557 0.035
3156.63401 12.797 0.035
3160.67185 12.852 0.044
3163.68157 12.463 0.046
3165.67586 12.63 0.037
3168.7003 12.343 0.033
3171.68432 12.24 0.038
3175.67193 12.295 0.033
3177.70049 12.3 0.042
3177.70049 12.326 0.039
3180.61282 12.379 0.033
3187.599 12.8 0.046
3189.77456 12.722 0.05
3272.5315 12.498 0.044
3278.50822 12.499 0.034
3397.8745 12.277 0.045
3400.84327 12.339 0.04
3400.84327 12.405 0.04
3402.85549 12.377 0.033
3407.85352 12.241 0.046
3411.85457 12.637 0.055
3414.87647 12.27 0.041
3418.85006 12.53 0.05
3422.83662 12.528 0.052
3425.84522 12.647 0.044
3434.82376 12.408 0.037
3438.84637 12.279 0.036
3442.85652 12.586 0.035
3445.80569 12.306 0.032
3448.81922 12.366 0.05
3450.83169 12.328 0.045
3453.76048 12.394 0.052
3455.77387 12.484 0.051
3463.78466 12.615 0.04
3465.90865 12.311 0.052
3468.78131 12.508 0.032
3471.75915 12.412 0.032
3473.84543 12.367 0.032
3476.74645 12.167 0.042
3478.77096 12.703 0.048
3480.78339 12.687 0.043
3482.77216 12.681 0.069
3489.72616 12.246 0.042
3491.75934 12.273 0.048
3497.76854 12.485 0.033
3501.63845 12.761 0.041
3503.71709 12.272 0.036
3509.7201 12.717 0.034
3515.73635 12.352 0.051
3517.72979 12.192 0.043
3521.68269 12.901 0.062
3523.68903 12.502 0.048
3525.71414 12.351 0.038
3529.78536 12.767 0.042
3538.66165 12.624 0.037
3543.6197 12.466 0.052
3550.65687 12.41 0.047
3552.70233 12.326 0.04
3555.69858 12.401 0.031
3558.70394 12.471 0.051
3560.70967 12.315 0.043
3562.72452 12.51 0.042
3564.70521 12.423 0.031
3570.64422 12.197 0.038
3573.68799 12.57 0.042
3575.70489 12.545 0.039
3578.56058 12.534 0.031
3583.68927 12.418 0.039
3586.5524 12.328 0.046
3590.67013 12.577 0.036
3600.53255 12.262 0.054
3602.54033 12.17 0.043
3604.55513 12.394 0.038
3608.53131 12.719 0.038
3617.57828 12.693 0.043
3620.49806 12.554 0.05
3628.54366 12.386 0.038
3631.5072 12.352 0.045
3633.52657 12.565 0.052
3639.52234 12.569 0.037
3652.49658 12.291 0.048
3754.86586 12.329 0.061
3757.86628 12.501 0.044
3763.86846 12.197 0.058
3767.86736 12.348 0.043
3772.86814 12.398 0.043
3790.83907 12.378 0.046
3793.86985 12.453 0.044
3796.86711 12.412 0.036
3800.83593 12.387 0.048
3804.80023 12.348 0.048
3808.80183 12.631 0.05
3811.83255 12.431 0.051
3816.87529 12.546 0.059
3819.79471 12.485 0.05
3822.78526 12.445 0.05
3828.78578 12.408 0.039
3831.77056 12.429 0.053
3833.8117 12.319 0.05
3835.8235 12.357 0.057
3837.80314 12.282 0.05
3848.7912 12.565 0.072
3850.80507 12.64 0.042
3852.8378 12.86 0.05
3855.71424 12.381 0.05
3859.78532 12.368 0.051
3861.78166 12.336 0.04
3863.75273 12.604 0.039
3865.74054 12.606 0.048
3870.84902 12.415 0.056
3872.77187 12.671 0.043
3875.87677 12.662 0.064
3879.66563 12.372 0.044
3881.70066 12.402 0.035
3886.82326 12.405 0.038
3893.65566 12.445 0.043
3898.65921 12.386 0.05
3900.67588 12.27 0.048
3902.69337 12.512 0.034
3906.72642 12.464 0.043
3909.67787 12.319 0.034
3913.68073 12.576 0.036
3981.56592 12.464 0.038
4128.86539 12.554 0.037
4132.85978 12.39 0.049
4136.8545 12.441 0.055
4145.84178 12.479 0.057
4151.83211 12.208 0.045
4154.86029 12.631 0.049
4161.82463 12.364 0.047
4164.84945 12.387 0.067
4172.85433 12.344 0.043
4181.80549 12.416 0.077
4184.79536 12.139 0.07
4188.80653 12.463 0.036
4190.85548 12.379 0.039
4192.79728 12.307 0.048
4194.80005 12.319 0.059
4200.75509 12.611 0.037
4203.81028 12.282 0.037
4205.79522 12.663 0.044
4208.88159 12.298 0.055
4213.83964 12.434 0.055
4216.8257 12.498 0.035
4227.74599 12.418 0.045
4229.74627 12.425 0.039
4231.75366 12.484 0.057
4233.75324 12.568 0.042
4235.7541 12.431 0.039
4247.61558 12.456 0.053
4255.74834 12.469 0.058
4258.60914 12.487 0.037
4273.60799 12.6 0.044
4276.57891 12.482 0.037
4283.74354 12.482 0.068
4285.72514 12.444 0.054
4289.71953 12.298 0.042
4291.72151 12.394 0.042
4293.71011 12.525 0.033
4295.72273 12.495 0.037
4299.68602 12.266 0.037
4301.62361 12.506 0.047
4308.52748 12.243 0.063
4310.62199 12.538 0.047
4312.61899 12.409 0.054
4315.62492 12.612 0.039
4336.53548 12.342 0.041
4340.49024 12.519 0.043
4342.51608 12.528 0.053
4344.52719 12.266 0.048
4346.5307 12.4 0.037
4348.55089 12.284 0.044
4350.55521 12.398 0.045
4352.56596 12.43 0.037
4356.48686 12.294 0.037
4363.49847 12.45 0.035
4368.51384 12.344 0.048
4371.49563 12.685 0.043
4375.49224 12.401 0.038
4377.50575 12.503 0.039
4380.49511 12.514 0.048
4383.4886 12.431 0.039
4492.87356 12.463 0.042
4500.87011 12.497 0.066
4504.86878 12.5 0.048
4508.86216 12.681 0.044
4520.83509 13.0 0.053
4527.82808 12.572 0.038
4530.85974 12.363 0.036
4535.86307 12.46 0.044
4538.84059 12.408 0.037
4541.83042 12.482 0.037
4547.79666 12.577 0.054
4559.77926 12.549 0.042
4562.76847 12.474 0.041
4564.85187 12.522 0.038
4567.75899 12.46 0.045
4570.7488 12.464 0.036
4572.76238 12.514 0.048
4574.76135 12.337 0.046
