1930.8803 11.756 0.031
1933.87016 11.689 0.026
1936.87496 10.918 0.039
1962.81376 11.328 0.06
1994.73786 11.702 0.046
2040.69176 10.717 0.038
2130.53118 11.326 0.025
2132.52273 11.493 0.025
2134.53056 11.62 0.025
2136.54027 11.692 0.026
2158.49273 11.639 0.025
2508.49875 11.711 0.025
2509.55016 11.697 0.03
2520.50852 11.126 0.019
2521.52539 11.297 0.018
2663.87261 11.162 0.033
2673.87528 11.79 0.027
2677.8592 11.732 0.03
2681.85946 11.063 0.024
2685.86371 11.459 0.03
2690.84702 11.643 0.036
2699.84881 10.997 0.024
2702.86615 11.157 0.019
2707.84432 11.509 0.04
2709.85927 11.686 0.02
2711.84578 11.632 0.026
2713.82859 11.71 0.02
2715.8186 11.646 0.023
2719.82084 11.646 0.032
2721.86726 11.012 0.045
2723.79738 10.855 0.025
2726.81587 11.38 0.023
2727.7948 11.351 0.026
2728.80772 11.459 0.025
2731.88944 11.685 0.021
2734.74985 11.674 0.019
2736.75675 11.706 0.025
2740.77572 11.729 0.019
2742.74672 11.337 0.037
2744.74541 10.786 0.029
2749.80391 11.566 0.026
2751.74451 11.586 0.028
2754.73157 11.621 0.019
2757.74187 11.737 0.018
2759.7752 11.677 0.025
2761.71703 11.748 0.02
2763.70437 11.397 0.019
2763.73152 10.802 0.025
2766.79989 11.405 0.02
2770.70103 11.366 0.02
2782.70595 11.672 0.024
2784.67719 11.122 0.021
2785.80797 11.342 0.022
2787.74456 11.321 0.019
2791.60066 11.216 0.024
2794.65878 11.628 0.023
2808.65414 11.021 0.02
2810.60664 11.08 0.021
2811.77553 11.645 0.029
2813.68517 11.578 0.019
2821.54632 11.734 0.022
2826.5758 11.792 0.018
2831.56992 10.941 0.021
2832.68357 11.626 0.025
2834.58383 11.351 0.023
2835.67897 11.686 0.025
2838.66929 11.798 0.025
2843.58759 11.763 0.032
2851.59143 11.246 0.026
2858.54033 11.649 0.024
2859.60845 11.681 0.024
2861.60041 11.765 0.023
2866.47939 11.746 0.021
2868.50793 11.64 0.039
2875.56321 11.526 0.018
2877.55715 11.651 0.019
2879.55505 11.656 0.018
2886.48405 11.692 0.023
2892.50458 11.06 0.028
2894.53357 11.374 0.025
2897.50903 11.489 0.03
2901.50254 11.654 0.036
2905.49662 11.633 0.021
2909.48797 11.58 0.034
3036.87711 11.262 0.054
3053.86098 10.969 0.052
3057.8851 11.404 0.026
3061.8935 11.665 0.031
3069.86886 11.819 0.028
3072.85451 10.708 0.029
3077.8978 11.309 0.068
3080.84745 11.521 0.032
3085.87287 11.709 0.035
3088.81813 11.62 0.03
3091.80568 11.754 0.029
3096.84672 11.184 0.029
3098.82043 11.32 0.027
3100.82483 11.452 0.028
3104.82302 11.668 0.027
3106.8216 11.734 0.032
3108.85403 11.747 0.022
3111.75778 11.801 0.029
3113.83111 10.97 0.025
3116.73943 10.827 0.035
3121.76855 11.52 0.027
3125.73215 11.633 0.028
3131.74609 11.73 0.029
3133.74915 11.73 0.024
3144.78983 11.709 0.021
3153.67893 11.741 0.029
3159.67432 10.966 0.052
3162.68295 11.289 0.025
3164.69209 11.47 0.022
3167.70371 11.705 0.041
3169.69129 11.67 0.023
3176.58591 11.626 0.027
3178.72074 11.007 0.033
3182.57628 10.729 0.032
3186.59655 11.348 0.029
3189.62311 11.504 0.061
3268.48959 11.237 0.023
3273.48363 11.631 0.033
3278.48216 11.603 0.031
3406.87003 11.057 0.027
3410.87125 11.42 0.026
3414.86321 11.599 0.03
3418.86158 11.75 0.032
3422.84741 11.779 0.04
3425.89765 10.833 0.052
3433.83245 11.524 0.029
3438.86443 11.644 0.023
3442.86185 11.719 0.025
3445.82977 10.886 0.023
3448.83474 11.012 0.042
3448.83474 11.055 0.033
3450.85823 11.345 0.047
3453.80044 11.404 0.038
3453.80044 11.445 0.031
3455.79854 11.581 0.033
3459.8469 11.73 0.023
3462.80446 11.779 0.028
3464.84279 10.84 0.025
3467.78698 10.802 0.029
3470.76607 11.114 0.021
3473.76724 11.392 0.046
3476.75912 11.569 0.03
3478.77349 11.676 0.03
3482.76696 11.782 0.037
3487.77412 10.846 0.031
3490.77361 11.201 0.034
3492.77221 11.383 0.039
3496.76876 11.652 0.025
3502.6902 11.716 0.032
3504.71716 11.734 0.032
3508.71894 11.034 0.023
3510.77337 11.136 0.024
3515.68776 11.336 0.035
3521.66819 11.665 0.041
3523.67276 11.744 0.04
3525.70005 11.753 0.028
3529.77254 11.112 0.044
3537.73894 11.631 0.042
3544.5717 11.635 0.034
3547.65651 11.723 0.031
3554.6382 11.098 0.023
3560.57052 11.499 0.034
3562.5571 11.565 0.036
3564.55688 11.627 0.022
3569.61809 11.751 0.027
3571.65657 10.958 0.029
3574.66131 11.34 0.028
3577.56133 11.187 0.026
3583.60391 11.688 0.04
3585.65163 11.685 0.04
3588.52036 11.698 0.028
3591.48666 11.687 0.035
3593.51899 11.799 0.025
3601.52454 11.433 0.036
3603.53893 11.583 0.026
3606.5468 11.709 0.038
3616.55859 11.085 0.042
3619.51187 11.209 0.033
3628.50741 11.665 0.027
3631.49343 11.677 0.032
3634.48478 11.544 0.039
3641.48478 11.383 0.031
3761.87897 11.256 0.036
3773.8833 11.822 0.037
3789.8684 11.641 0.031
3793.84648 11.75 0.033
3797.84491 10.899 0.029
3802.83597 11.253 0.034
3805.86259 11.599 0.029
3808.85443 11.628 0.041
3811.86229 11.699 0.045
3818.82364 10.806 0.028
3821.80937 11.173 0.035
3824.80039 11.334 0.032
3827.79541 11.564 0.027
3830.78535 11.669 0.042
3833.76908 11.679 0.035
3837.80842 11.439 0.035
3847.87085 11.732 0.048
3849.80376 11.721 0.03
3852.72846 11.702 0.024
3856.8014 11.762 0.049
3859.7061 11.804 0.029
3861.73924 10.735 0.025
3863.73895 10.99 0.028
3865.72591 11.242 0.029
3869.72796 11.575 0.039
3871.72211 11.643 0.035
3874.81369 11.743 0.027
3877.65951 11.666 0.026
3880.69214 11.726 0.023
3882.72315 10.912 0.031
3886.7254 11.379 0.025
3890.70988 11.627 0.048
3892.67123 11.694 0.046
3897.65308 11.637 0.038
3899.65806 11.797 0.05
3901.70126 10.794 0.034
3903.71836 11.116 0.028
3905.70478 11.28 0.031
3907.7126 11.517 0.031
3983.53187 11.646 0.046
4133.87277 11.076 0.051
4151.87241 11.027 0.034
4158.87842 11.598 0.033
4162.84807 11.744 0.04
4174.8267 11.236 0.06
4177.83837 11.659 0.037
4180.82983 11.758 0.046
4183.81805 11.709 0.037
4186.84762 11.789 0.039
4189.79928 11.811 0.032
4191.81891 10.708 0.032
4193.80816 10.941 0.031
4200.79214 11.569 0.029
4203.81273 11.717 0.029
4205.78953 11.659 0.033
4212.8846 11.334 0.047
4215.84382 11.369 0.031
4230.75437 11.692 0.033
4232.75271 10.869 0.047
4234.75213 10.993 0.029
4246.68256 11.657 0.03
4253.66696 11.692 0.034
4255.69995 10.973 0.025
4257.70159 11.164 0.052
4269.65917 11.715 0.052
4272.61666 11.832 0.031
4274.62868 11.806 0.03
4283.62449 11.453 0.043
4285.62135 11.547 0.047
4289.62245 11.693 0.043
4291.62616 11.801 0.055
4293.61574 11.728 0.062
4295.62822 11.586 0.026
4297.62285 10.703 0.038
4299.58928 10.784 0.029
4301.55615 10.905 0.063
4303.57716 11.242 0.044
4306.52829 11.368 0.028
4308.58552 11.7 0.045
4310.65952 11.755 0.033
4316.563 11.844 0.034
4319.60844 11.032 0.028
4329.55924 11.67 0.043
4334.48245 11.579 0.047
4338.48586 11.705 0.043
4340.55292 11.031 0.031
4342.55462 11.26 0.057
4346.55586 11.593 0.044
4349.4983 11.593 0.035
4351.54026 11.659 0.039
4354.53117 11.749 0.03
4357.48423 11.891 0.036
4365.50371 11.37 0.029
4501.88495 10.953 0.031
4505.88248 11.17 0.033
4518.832 11.795 0.043
4521.87161 10.956 0.029
4526.84303 11.263 0.028
4530.83741 11.541 0.026
4535.87442 11.724 0.03
4538.8554 11.776 0.027
4541.8365 11.775 0.027
4547.80862 11.127 0.037
4552.85347 11.653 0.03
4560.84846 11.802 0.033
4563.78038 11.775 0.028
4565.83378 10.952 0.032
4570.82466 11.454 0.028
4572.78439 11.534 0.031
4574.76698 11.594 0.031
