1914.8619 10.732 0.047
1918.85233 10.563 0.049
1920.8623 10.747 0.05
1922.85314 10.676 0.046
1924.84717 10.535 0.041
1926.87742 10.772 0.045
1928.8418 10.716 0.061
1930.84324 10.557 0.036
1932.84239 10.709 0.035
1935.80493 10.619 0.038
1938.81767 10.625 0.038
1946.80802 11.099 0.047
1948.8461 10.527 0.04
1950.80676 10.6 0.041
1953.79788 10.62 0.043
1954.81743 10.662 0.046
1954.83736 10.515 0.05
1955.82748 10.743 0.041
1958.87702 10.6 0.046
1961.83517 10.756 0.041
1963.80144 10.554 0.042
1964.85566 10.69 0.042
1966.78237 10.626 0.038
1971.8956 11.135 0.056
1976.86823 10.618 0.058
1978.7784 10.637 0.058
1979.78118 10.732 0.057
1981.78443 10.619 0.054
1982.75875 10.88 0.049
1983.89879 11.153 0.066
1984.80854 10.535 0.065
1985.80536 10.813 0.063
1994.67502 10.539 0.064
2025.68406 10.634 0.037
2026.70204 10.709 0.039
2027.6986 10.56 0.036
2030.68852 10.619 0.043
2031.70321 10.691 0.06
2032.69028 10.785 0.05
2033.67551 10.525 0.029
2037.66509 10.638 0.07
2040.67686 10.679 0.068
2040.69911 10.578 0.075
2052.61398 11.24 0.069
2053.65825 10.65 0.067
2054.65686 10.472 0.072
2055.63646 10.878 0.071
2056.64025 10.532 0.07
2057.63457 10.519 0.07
2058.63515 11.197 0.069
2062.5758 10.451 0.067
2067.61079 10.722 0.07
2068.61407 10.568 0.073
2069.61892 10.604 0.057
2070.60485 11.147 0.072
2079.57417 10.669 0.047
2081.57927 10.72 0.068
2082.60845 10.993 0.059
2083.58827 10.541 0.052
2085.57274 10.665 0.043
2087.57843 10.857 0.064
2088.56944 10.699 0.06
2093.52311 11.115 0.068
2094.56071 10.702 0.061
2096.55204 10.684 0.076
2102.53427 10.768 0.047
2103.54948 10.567 0.059
2104.5538 10.568 0.046
2105.54625 11.138 0.05
2106.5526 10.642 0.052
2115.50578 10.521 0.049
2116.51824 10.639 0.044
2117.5216 11.086 0.046
2124.49311 10.466 0.064
2128.48984 10.786 0.044
2130.51629 10.53 0.055
2132.51235 10.664 0.05
2134.50633 10.707 0.041
2136.50268 10.544 0.048
2141.50553 10.811 0.055
2143.49965 10.662 0.048
2145.491 10.569 0.056
2151.54229 10.528 0.061
2151.54465 10.468 0.064
2156.50951 10.659 0.05
2156.54102 10.827 0.056
2164.50247 10.71 0.036
2169.51678 10.664 0.053
2172.49532 10.485 0.047
2175.48753 10.491 0.064
2178.50557 10.546 0.055
2178.53753 10.64 0.047
2180.53535 10.658 0.053
2184.54717 11.041 0.058
2185.51606 10.616 0.056
2440.5985 10.528 0.034
2441.59951 10.95 0.029
2444.59158 10.775 0.029
2446.60137 10.547 0.031
2452.5584 10.623 0.051
2453.74272 10.537 0.045
2454.57077 10.559 0.058
2456.55956 10.748 0.038
2463.55693 10.55 0.036
2463.59574 10.633 0.033
2464.55127 10.646 0.049
2465.55047 11.013 0.05
2466.54672 10.542 0.041
2467.55159 10.66 0.031
2468.54612 10.719 0.031
2469.54046 10.53 0.038
2470.5629 10.618 0.048
2473.53268 10.653 0.051
2481.50229 10.55 0.066
2490.48973 10.543 0.04
2490.54968 10.539 0.049
2493.49253 10.535 0.048
2495.4981 10.573 0.068
2497.50567 10.745 0.042
2499.47623 10.636 0.046
2502.53625 10.496 0.05
2503.54537 10.632 0.068
2512.51451 10.956 0.034
2519.60153 11.028 0.068
2520.60423 10.604 0.029
2521.61386 10.548 0.029
2524.58765 10.555 0.05
2543.53759 10.721 0.032
2545.51051 10.718 0.031
2547.51365 10.564 0.044
2549.51152 10.636 0.035
2552.50763 10.589 0.06
2558.49648 10.626 0.047
2559.5179 10.518 0.037
2560.52465 10.867 0.032
2568.49551 10.564 0.036
2643.85834 10.535 0.028
2651.84803 10.745 0.026
2655.85839 10.565 0.029
2659.83307 10.685 0.034
2662.85196 10.571 0.03
2664.85379 10.535 0.03
2667.85502 10.515 0.039
2671.83603 10.69 0.027
2677.81836 10.807 0.031
2679.86937 10.561 0.026
2685.80931 10.527 0.028
2689.8407 10.66 0.026
2697.85889 10.553 0.025
2700.83269 10.517 0.033
2703.77977 10.593 0.026
2707.81409 10.88 0.044
2709.80076 10.541 0.031
2711.80587 10.625 0.033
2713.7909 11.127 0.04
2719.77482 11.125 0.028
2721.76883 10.587 0.033
2727.78115 10.59 0.036
2734.72681 10.649 0.03
2736.74084 10.766 0.024
2738.75479 10.522 0.033
2740.76443 10.758 0.035
2742.70807 11.084 0.04
2750.82606 10.765 0.031
2752.73043 10.654 0.025
2755.71312 10.604 0.026
2757.68715 10.72 0.035
2759.75252 10.515 0.026
2761.69218 10.582 0.025
2763.68169 10.729 0.023
2766.74412 10.757 0.027
2775.7943 10.495 0.037
2783.63507 10.921 0.026
2786.61849 10.745 0.022
2809.64256 10.524 0.033
2810.78316 10.524 0.035
2812.60163 10.607 0.027
2813.76764 10.557 0.033
2819.69435 10.601 0.028
2831.71319 10.602 0.031
2832.7534 10.734 0.031
2834.61022 10.781 0.03
2835.72864 10.763 0.032
2838.71928 11.08 0.028
2840.75678 10.531 0.033
2853.56202 10.557 0.029
2853.7008 10.754 0.029
2854.71303 10.597 0.028
2858.60777 10.771 0.026
2859.67312 10.717 0.032
2861.63192 11.087 0.03
2867.50585 10.543 0.041
2874.57416 10.528 0.042
2876.57214 10.646 0.041
2878.56874 10.822 0.028
2883.53452 10.555 0.03
2885.53201 10.585 0.03
2888.55927 10.621 0.029
2893.56954 10.658 0.036
2895.57587 10.506 0.038
2905.55006 10.736 0.026
2908.56647 10.841 0.035
2910.55928 10.559 0.034
2912.54945 10.617 0.026
2915.55693 10.64 0.027
2922.51984 10.606 0.029
2926.50041 10.901 0.046
2928.5104 10.587 0.031
2931.50074 10.763 0.026
2933.50837 10.533 0.028
3012.86489 10.533 0.045
3019.85869 10.784 0.041
3031.8588 10.773 0.028
3035.85256 10.654 0.027
3041.88442 10.724 0.031
3052.82532 10.717 0.026
3055.84795 10.895 0.025
3059.81113 10.548 0.025
3066.86814 10.659 0.028
3069.84334 10.539 0.03
3072.83402 10.536 0.026
3075.85964 10.5 0.026
3078.81418 10.58 0.029
3081.80382 10.586 0.025
3086.83388 10.617 0.024
3089.7912 10.556 0.027
3092.76524 10.536 0.024
3097.73946 10.581 0.026
3099.80777 10.608 0.03
3101.8424 10.609 0.031
3104.74331 10.525 0.033
3106.80348 10.78 0.031
3108.84141 10.541 0.025
3111.73713 10.746 0.027
3113.79253 10.521 0.027
3115.84975 10.923 0.028
3121.77661 10.747 0.027
3124.70442 10.543 0.024
3126.73197 11.182 0.031
3128.71663 10.623 0.036
3130.74526 10.589 0.034
3132.78429 10.743 0.033
3134.77992 10.573 0.03
3146.60546 10.696 0.023
3156.74408 11.125 0.026
3158.79965 10.524 0.035
3162.61063 10.494 0.026
3164.65187 10.743 0.027
3166.76779 10.645 0.04
3169.57551 10.754 0.025
3175.77429 10.649 0.028
3178.57955 10.993 0.026
3180.68389 10.686 0.028
3187.67286 10.562 0.029
3190.68336 10.512 0.032
3387.85412 10.611 0.049
3390.87156 10.576 0.07
3391.85448 11.196 0.054
3395.87113 10.633 0.049
3399.83629 10.677 0.055
3399.86486 10.625 0.057
3403.84574 11.146 0.038
3406.85818 10.745 0.074
3409.87675 11.009 0.05
3413.83219 10.55 0.049
3416.88663 10.689 0.056
3423.85525 10.515 0.039
3426.81866 10.653 0.047
3432.83772 10.55 0.045
3436.85865 10.766 0.037
3443.8392 10.548 0.038
3446.82269 10.554 0.037
3452.81464 10.527 0.052
3452.81464 10.528 0.047
3452.82634 10.553 0.044
3452.82634 10.619 0.046
3454.84094 10.833 0.063
3456.82767 10.638 0.039
3458.84182 10.548 0.04
3464.76274 10.601 0.039
3466.83913 10.761 0.034
3469.79373 10.701 0.047
3472.73788 10.503 0.036
3474.8192 10.718 0.041
3477.73728 10.754 0.039
3479.78942 10.521 0.048
3481.77037 10.626 0.039
3483.7605 10.698 0.044
3490.76105 10.468 0.052
3492.76074 11.073 0.041
3496.75541 10.557 0.035
3504.67425 10.574 0.043
3509.65027 10.915 0.034
3511.7039 10.541 0.032
3515.75229 10.602 0.036
3517.74619 10.554 0.036
3521.69104 11.23 0.064
3523.69715 10.538 0.043
3525.7259 10.646 0.032
3538.72371 10.527 0.034
3540.69947 10.591 0.035
3544.78878 10.606 0.057
3550.65905 10.669 0.037
3552.70447 10.554 0.041
3555.70084 10.6 0.03
3558.70897 10.734 0.062
3560.71485 10.657 0.047
3562.73239 10.679 0.074
3564.70694 10.623 0.032
3570.65954 10.569 0.032
3573.70566 10.611 0.04
3575.71869 10.94 0.043
3578.56369 10.536 0.03
3584.61701 10.592 0.032
3586.63639 10.885 0.053
3590.70712 10.751 0.033
3597.60079 10.593 0.047
3602.62889 10.658 0.035
3609.50901 11.078 0.049
3618.52903 10.723 0.032
3620.55543 10.473 0.049
3622.58527 11.035 0.042
3626.60711 10.606 0.035
3630.5657 10.675 0.037
3632.57293 10.58 0.037
3639.55724 10.753 0.041
3642.55716 10.673 0.04
3646.55052 10.697 0.035
3649.51726 10.589 0.037
3651.52586 11.115 0.035
3655.52152 10.574 0.036
3658.51426 10.548 0.039
3661.50783 10.612 0.04
3664.50135 10.552 0.036
3742.85903 10.712 0.037
3747.86736 10.659 0.054
3751.86608 10.989 0.055
3755.85824 10.588 0.042
3758.86662 10.527 0.048
3762.86422 10.678 0.051
3766.87793 10.755 0.037
3774.83582 10.798 0.038
3783.85687 10.666 0.052
3789.81821 10.698 0.053
3792.84786 10.816 0.051
3795.86634 10.64 0.039
3798.85858 10.669 0.061
3802.81971 10.585 0.046
3805.83275 10.701 0.045
3808.83082 10.635 0.039
3811.84854 10.847 0.041
3814.82612 10.661 0.049
3817.8005 10.563 0.037
3820.78794 10.495 0.043
3823.78036 10.557 0.04
3825.85117 10.702 0.045
3828.78012 10.964 0.045
3831.76008 10.675 0.036
3833.82037 10.524 0.043
3835.84215 10.716 0.033
3837.84803 10.703 0.037
3850.83367 10.631 0.032
3853.696 10.605 0.036
3862.69284 10.639 0.04
3864.69073 10.564 0.052
3866.67849 10.665 0.04
3868.72232 10.577 0.038
3870.73447 10.637 0.036
3872.73338 10.781 0.039
3875.81417 10.58 0.036
3879.64974 10.568 0.042
3881.68942 10.901 0.036
3887.67929 10.824 0.033
3889.68486 10.657 0.033
3891.66275 10.549 0.033
3893.64342 10.586 0.035
3896.68785 10.704 0.039
3898.71837 10.581 0.036
3900.74564 10.663 0.043
3902.74722 10.702 0.036
3904.77322 10.589 0.057
3906.78185 10.942 0.063
3909.69405 10.525 0.03
3913.69614 10.637 0.042
3981.58972 10.782 0.043
4126.85492 10.594 0.048
4130.84933 10.596 0.065
4133.87822 10.566 0.063
4137.84617 10.784 0.046
4150.86904 10.757 0.047
4152.85583 11.048 0.036
4156.82045 10.514 0.051
4159.85064 10.564 0.049
4162.85838 10.63 0.039
4165.83994 10.609 0.06
4168.84788 10.625 0.053
4174.7768 10.518 0.037
4177.81188 10.513 0.047
4180.80748 10.559 0.054
4183.8046 10.549 0.052
4186.85281 10.6 0.038
4189.78899 10.548 0.038
4191.80776 10.724 0.042
4193.80009 10.703 0.041
4199.76271 11.14 0.05
4202.82858 10.625 0.065
4204.83398 10.575 0.049
4207.87867 10.725 0.062
4215.72979 10.522 0.047
4227.76282 10.635 0.037
4229.76461 11.113 0.038
4231.76868 10.558 0.049
4233.76741 10.598 0.035
4235.7941 10.823 0.035
4238.65235 10.552 0.048
4246.84517 10.612 0.042
4250.62946 10.572 0.036
4253.7686 11.09 0.047
4256.6121 10.543 0.036
4258.64881 11.118 0.041
4268.58303 10.588 0.045
4273.65115 10.741 0.037
4276.57417 10.572 0.045
4278.61468 10.713 0.034
4282.63209 10.817 0.049
4284.63887 10.621 0.033
4290.63303 10.696 0.041
4292.59332 10.566 0.034
4296.59886 10.758 0.037
4298.60428 10.533 0.037
4300.55361 10.533 0.038
4302.60748 10.732 0.035
4304.54934 10.672 0.041
4306.5663 10.563 0.035
4308.60795 10.757 0.045
4310.67482 10.603 0.035
4312.67737 11.119 0.042
4315.67474 10.79 0.038
4319.56547 10.655 0.035
4330.61076 10.687 0.039
4332.60796 10.738 0.059
4334.59908 10.535 0.039
4338.62106 10.728 0.043
4341.53731 10.725 0.056
4343.54731 10.642 0.065
4345.56666 10.535 0.05
4347.56877 11.083 0.053
4349.56011 10.639 0.059
4351.56612 10.575 0.047
4354.55187 10.526 0.049
4356.57768 10.748 0.037
4358.55658 10.644 0.035
4360.55962 10.612 0.057
4363.52728 10.564 0.035
4365.55965 10.944 0.045
4369.53451 10.558 0.044
4371.54658 10.833 0.04
4373.56383 10.658 0.04
4377.49888 10.584 0.035
4379.53612 10.738 0.046
4382.50823 11.086 0.033
4385.50754 10.766 0.033
4387.5134 10.597 0.034
4389.51265 10.597 0.043
4487.84406 10.688 0.067
4494.86649 11.291 0.037
4499.84926 10.67 0.042
4503.84 10.707 0.043
4506.85316 11.03 0.038
4510.83905 10.565 0.044
4519.84527 10.547 0.041
4522.85147 10.521 0.035
4525.847 10.573 0.034
4528.86987 10.533 0.043
4531.8323 10.559 0.041
4535.85055 10.603 0.041
4538.83559 10.653 0.038
4541.81703 10.942 0.041
4546.83057 10.506 0.063
4552.78414 10.586 0.037
4554.84656 10.881 0.043
4557.76473 10.547 0.04
4559.87166 10.596 0.035
4562.75423 10.698 0.049
4564.84369 10.546 0.036
4567.74684 10.685 0.038
4570.73704 10.816 0.034
4572.75666 10.566 0.038
4574.74914 10.672 0.04
