1932.87384 11.29 0.036
1935.86174 11.148 0.035
1938.84973 11.111 0.036
1946.86186 11.092 0.036
1949.83655 11.115 0.044
1950.88889 11.141 0.035
1953.84368 11.5 0.038
1954.82851 11.304 0.042
1955.84043 11.512 0.032
1958.89688 11.251 0.041
1962.79807 11.126 0.042
1964.81196 11.107 0.032
1966.81178 11.107 0.032
1976.90394 11.247 0.045
1979.74376 11.25 0.046
1981.7956 11.289 0.043
1982.7705 11.238 0.037
1983.90602 11.25 0.053
1984.81784 11.175 0.046
1985.82584 11.187 0.046
1994.71705 11.179 0.048
2025.70539 11.248 0.035
2031.72434 11.147 0.042
2037.68013 11.031 0.049
2040.69565 11.152 0.053
2068.6355 11.133 0.046
2069.64259 11.139 0.043
2083.61186 11.076 0.048
2085.60303 11.092 0.037
2096.57792 11.189 0.051
2102.55559 11.167 0.04
2103.57752 11.212 0.045
2104.57737 11.127 0.044
2109.56902 11.113 0.039
2115.52918 11.105 0.038
2116.54167 11.134 0.04
2125.53898 11.238 0.045
2140.49235 11.146 0.037
2142.52274 11.135 0.043
2144.48212 11.113 0.046
2151.49058 11.269 0.038
2156.53421 11.156 0.047
2167.47616 11.121 0.04
2171.49591 11.188 0.039
2172.53552 11.365 0.046
2178.5394 11.253 0.037
2179.50399 11.94 0.039
2185.48341 11.105 0.037
2185.50355 11.097 0.041
2189.48728 11.176 0.034
2190.48263 11.119 0.052
2191.48748 11.153 0.052
2193.48873 11.211 0.038
2197.49238 11.403 0.037
2203.50434 11.186 0.042
2440.62762 11.115 0.026
2441.62768 11.101 0.026
2442.62406 11.13 0.03
2444.61974 11.128 0.024
2446.62437 11.131 0.026
2452.58204 11.294 0.042
2454.6012 11.309 0.039
2459.54273 11.186 0.047
2463.58049 11.118 0.031
2464.57951 11.151 0.034
2465.58088 11.121 0.032
2467.5752 11.121 0.024
2468.57207 11.111 0.023
2473.51317 11.222 0.038
2481.52575 11.192 0.047
2486.5384 11.203 0.05
2489.5296 11.158 0.043
2493.5273 11.189 0.035
2495.50784 11.192 0.048
2497.5018 11.196 0.032
2501.53038 11.487 0.032
2502.56425 11.331 0.035
2503.56894 11.529 0.042
2508.66985 11.218 0.031
2510.6419 11.124 0.031
2520.54296 11.146 0.025
2524.54821 11.265 0.038
2526.58551 11.269 0.042
2535.51181 11.112 0.031
2544.53961 11.122 0.03
2545.5818 11.104 0.032
2547.54821 11.142 0.036
2552.53952 11.281 0.045
2558.50085 11.132 0.036
2560.52654 11.1 0.038
2561.53375 11.12 0.032
2563.53455 11.105 0.031
2578.49744 11.521 0.037
2659.86047 11.261 0.041
2665.86604 11.253 0.046
2670.853 11.121 0.032
2674.87199 11.248 0.032
2681.82524 11.162 0.031
2683.87719 11.149 0.035
2686.83298 11.521 0.035
2689.824 11.207 0.036
2693.83452 11.143 0.035
2699.81888 11.121 0.031
2702.84107 11.102 0.028
2705.80501 11.169 0.042
2709.83633 11.286 0.031
2711.84623 11.47 0.043
2713.82216 11.358 0.038
2715.82874 11.253 0.046
2719.80811 11.13 0.055
2723.8055 11.097 0.043
2725.8006 11.085 0.042
2727.79996 11.151 0.047
2731.89505 11.122 0.038
2734.75039 11.418 0.035
2736.75731 11.447 0.04
2738.7968 11.353 0.036
2740.78082 11.174 0.03
2742.75742 11.093 0.054
2744.7484 11.19 0.043
2750.86444 11.101 0.034
2752.75175 11.113 0.032
2755.72766 11.193 0.039
2757.73588 11.316 0.03
2759.79661 11.339 0.037
2761.73159 11.432 0.032
2763.71229 11.238 0.041
2766.79411 11.157 0.04
2770.71581 11.096 0.029
2775.75533 11.112 0.058
2782.70294 11.371 0.045
2782.73535 11.223 0.042
2784.69239 11.454 0.038
2785.83136 11.199 0.038
2787.76458 11.236 0.033
2790.89589 11.47 0.032
2794.65142 11.101 0.03
2804.67281 11.172 0.034
2808.67545 11.29 0.03
2809.81892 11.286 0.032
2811.68961 11.387 0.031
2812.83259 11.226 0.041
2816.81663 11.194 0.044
2816.81921 11.16 0.031
2820.55112 11.139 0.026
2826.62866 11.169 0.031
2829.64972 11.203 0.05
2830.74059 11.177 0.031
2832.5812 11.551 0.048
2833.70143 11.246 0.038
2838.58648 11.188 0.03
2840.64278 11.136 0.032
2842.61772 11.11 0.035
2845.63015 11.123 0.026
2853.67916 11.174 0.033
2855.59667 11.365 0.03
2858.6539 11.254 0.029
2859.72137 11.404 0.034
2860.60832 11.252 0.042
2861.63991 11.331 0.036
2866.52866 11.124 0.029
2867.67913 11.152 0.033
2872.49637 11.148 0.027
2872.64215 11.109 0.04
2875.55309 11.133 0.039
2875.65132 11.138 0.048
2877.63798 11.129 0.047
2879.54978 11.243 0.029
2882.57529 11.485 0.044
2884.56177 11.38 0.04
2885.52222 11.155 0.051
2885.59244 11.22 0.029
2888.54943 11.166 0.044
2888.59032 11.211 0.035
2892.54981 11.138 0.051
2892.59427 11.113 0.04
2894.54402 11.104 0.045
2894.56385 11.088 0.035
2896.56733 11.132 0.043
2896.58505 11.11 0.032
2898.55792 11.099 0.043
2898.5727 11.1 0.033
2900.54993 11.115 0.043
2900.56753 11.15 0.037
2904.53956 11.161 0.046
2904.55435 11.197 0.035
2906.53792 11.274 0.046
2906.55271 11.25 0.035
2909.53941 11.323 0.045
2909.55427 11.345 0.034
2911.51819 11.182 0.041
2911.52599 11.18 0.034
2916.52945 11.133 0.045
2921.49114 11.127 0.053
2923.50382 11.121 0.033
2923.51046 11.09 0.045
2926.51174 11.173 0.042
2927.49771 11.189 0.039
2928.51956 11.234 0.043
2930.49429 11.504 0.043
2930.52494 11.41 0.034
2932.52579 11.444 0.034
2934.5244 11.308 0.036
2937.50504 11.111 0.036
3042.87601 11.497 0.04
3052.8811 11.116 0.034
3057.78036 11.181 0.051
3057.81265 11.13 0.036
3060.84872 11.112 0.036
3074.87436 11.141 0.035
3077.85122 11.08 0.036
3080.86619 11.112 0.031
3085.90155 11.155 0.037
3088.83246 11.329 0.061
3091.81679 11.291 0.035
3096.87253 11.19 0.035
3098.85709 11.136 0.033
3101.7888 11.22 0.038
3103.85893 11.16 0.037
3106.77549 11.156 0.04
3108.83935 11.119 0.034
3111.77491 11.24 0.037
3113.83213 11.23 0.032
3116.74624 11.203 0.03
3122.75635 11.096 0.032
3124.80917 11.093 0.033
3126.78713 11.137 0.035
3128.77216 11.103 0.036
3130.77243 11.111 0.038
3132.80336 11.179 0.037
3134.84297 11.144 0.039
3144.69927 11.158 0.029
3146.86361 11.229 0.039
3154.65787 11.116 0.032
3157.77899 11.116 0.043
3162.75998 11.249 0.038
3164.78193 11.282 0.038
3166.81172 11.277 0.043
3169.79322 11.226 0.036
3171.82333 11.239 0.064
3172.77447 11.146 0.053
3175.79016 11.144 0.043
3176.61646 11.104 0.033
3178.75324 11.12 0.039
3182.59841 11.203 0.034
3184.6285 11.318 0.034
3186.65935 11.396 0.036
3189.66919 11.263 0.039
3191.74577 11.21 0.041
3274.57979 11.075 0.037
3277.55413 11.099 0.039
3390.86878 11.16 0.048
3402.87366 11.09 0.038
3405.88234 11.073 0.041
3409.85236 11.118 0.039
3421.84027 11.396 0.045
3424.86472 11.173 0.043
3427.86252 11.121 0.043
3430.85873 11.113 0.037
3438.84991 11.141 0.036
3442.87338 11.267 0.034
3445.8463 11.284 0.039
3448.84058 11.242 0.06
3452.79526 11.122 0.047
3457.77136 11.11 0.045
3459.77645 11.096 0.037
3462.80613 11.118 0.04
3464.9023 11.11 0.037
3467.81946 11.309 0.035
3470.79221 11.255 0.036
3473.7816 11.197 0.033
3476.77764 11.074 0.048
3478.81007 11.095 0.042
3480.83799 11.056 0.047
3489.75987 11.195 0.041
3491.79534 11.174 0.04
3497.80128 11.172 0.034
3501.67212 11.093 0.042
3503.7549 11.067 0.038
3506.76721 11.102 0.031
3509.75162 11.113 0.032
3511.81539 11.124 0.036
3515.78841 11.216 0.041
3517.79378 11.37 0.042
3521.71574 11.223 0.039
3523.72051 11.164 0.04
3525.75314 11.166 0.039
3529.88445 11.134 0.046
3538.66728 11.251 0.035
3540.66815 11.421 0.04
3542.80481 11.281 0.044
3544.76417 11.441 0.044
3547.82762 11.262 0.054
3551.81383 11.115 0.045
3554.46181 11.143 0.037
3554.46434 11.099 0.038
3554.48069 11.109 0.038
3554.50894 11.107 0.036
3554.55423 11.116 0.036
3554.61371 11.106 0.035
3554.69722 11.094 0.035
3554.72388 11.099 0.035
3554.75728 11.125 0.035
3554.78254 11.127 0.042
3554.84449 11.206 0.042
3558.59933 11.151 0.04
3560.60549 11.729 0.041
3562.60487 11.181 0.041
3564.59128 11.286 0.033
3570.5785 11.111 0.036
3573.64273 11.155 0.035
3575.65739 11.143 0.033
3577.68703 11.172 0.054
3585.63951 11.114 0.046
3587.66001 11.165 0.033
3589.69278 11.182 0.041
3594.5787 11.222 0.037
3597.62872 11.135 0.058
3602.64221 11.123 0.042
3609.4822 11.23 0.05
3616.53888 11.218 0.052
3620.63047 11.195 0.041
3625.60584 11.166 0.058
3628.59429 11.092 0.035
3631.51908 11.121 0.039
3633.53878 11.103 0.041
3639.56522 11.224 0.035
3642.56892 11.342 0.04
3646.55287 11.159 0.031
3649.51954 11.134 0.037
3652.50635 11.097 0.043
3654.53589 11.112 0.042
3657.5472 11.107 0.04
3660.50712 11.139 0.043
3662.52984 11.212 0.057
3665.5161 11.379 0.047
3669.51507 11.186 0.033
3673.5021 11.141 0.039
3754.871 11.127 0.055
3758.86052 11.107 0.041
3763.87558 11.142 0.058
3767.8726 11.176 0.044
3772.8576 11.212 0.043
3783.88859 11.116 0.047
3789.84809 11.106 0.043
3792.8878 11.126 0.056
3796.83383 11.385 0.038
3800.8732 11.376 0.047
3804.81827 11.149 0.048
3808.81963 11.107 0.047
3811.89685 11.092 0.046
3814.86786 11.079 0.043
3817.84817 11.121 0.045
3820.82123 11.181 0.042
3823.81889 11.449 0.052
3826.81765 11.173 0.043
3829.80802 11.142 0.042
3832.77896 11.086 0.041
3834.81928 11.086 0.045
3836.84622 11.052 0.044
3847.81714 11.246 0.051
3849.79975 11.224 0.036
3852.73961 11.17 0.041
3858.72046 11.098 0.046
3860.7715 11.135 0.048
3862.7004 11.097 0.039
3864.69414 11.149 0.038
3866.68193 11.168 0.038
3868.74296 11.202 0.045
3870.75757 11.212 0.041
3872.7536 11.237 0.039
3875.85438 11.419 0.036
3881.72632 11.099 0.04
3886.70725 11.119 0.036
3890.69907 11.146 0.038
3892.69695 11.2 0.044
3894.68986 11.413 0.033
3900.617 11.154 0.042
3902.66848 11.125 0.036
3904.69292 11.105 0.038
3908.76269 11.078 0.038
3912.71046 11.098 0.037
4128.87004 11.256 0.04
4132.86435 11.145 0.05
4161.82895 11.101 0.042
4164.8826 11.136 0.051
4167.86551 11.109 0.052
4172.86486 11.164 0.038
4184.82902 11.159 0.047
4188.83699 11.114 0.049
4191.77248 11.121 0.038
4193.84911 11.133 0.038
4199.79698 11.197 0.049
4203.78434 11.221 0.04
4205.84218 11.151 0.043
4213.81509 11.096 0.038
4216.80592 11.219 0.033
4228.77739 11.199 0.039
4230.77514 11.131 0.032
4232.77356 11.124 0.047
4234.81333 11.139 0.036
4246.71602 11.25 0.035
4250.70942 11.47 0.035
4253.78123 11.207 0.039
4256.64119 11.148 0.034
4258.69434 11.125 0.035
4266.78093 11.127 0.038
4269.60702 11.267 0.039
4272.6518 11.289 0.035
4274.65591 11.269 0.034
4283.62907 11.088 0.041
4284.79408 11.15 0.042
4290.77309 11.14 0.035
4292.74445 11.149 0.031
4296.75499 11.171 0.046
4298.75579 11.245 0.044
4300.66402 11.358 0.049
4302.70637 11.359 0.034
4304.63135 11.193 0.035
4307.65557 11.098 0.038
4311.70783 11.105 0.042
4314.74283 11.122 0.037
4317.55674 11.183 0.035
4329.5474 11.201 0.041
4331.54585 11.117 0.032
4336.51347 11.155 0.036
4339.60579 11.116 0.038
4341.60835 11.115 0.038
4343.61529 11.196 0.04
4345.62197 11.2 0.039
4349.62795 11.282 0.045
4351.62819 11.215 0.048
4354.58798 11.16 0.032
4356.60688 11.158 0.039
4358.59034 11.115 0.035
4360.57347 11.073 0.037
4362.6061 11.14 0.032
4364.58587 11.101 0.033
4368.56164 11.137 0.041
4372.58383 11.185 0.049
4376.51746 11.158 0.037
4378.5402 11.12 0.041
4381.51809 11.111 0.044
4384.51465 11.138 0.034
4387.49627 11.131 0.035
4392.5262 11.4 0.044
4402.49623 11.131 0.048
4488.86668 11.11 0.045
4493.86461 11.119 0.038
4504.8612 11.417 0.046
4508.85436 11.277 0.042
4520.83745 11.096 0.047
4523.85172 11.152 0.034
4527.8428 11.221 0.038
4530.87366 11.292 0.037
4535.88212 11.248 0.037
4538.8594 11.138 0.035
4541.85717 11.125 0.036
4547.83286 11.155 0.048
4559.7947 11.134 0.036
4562.78656 11.123 0.037
4564.868 11.169 0.038
4567.78797 11.121 0.037
4570.76678 11.115 0.034
4572.79285 11.147 0.039
4574.78221 11.142 0.039
