2689.87624 13.379 0.031
2690.89474 13.077 0.039
2694.86677 13.371 0.031
2698.87886 13.138 0.032
2701.8743 13.086 0.022
2703.87598 13.003 0.028
2704.86887 12.847 0.028
2710.85402 12.546 0.031
2712.89073 12.428 0.027
2714.85939 12.312 0.025
2721.85215 11.734 0.035
2723.83846 11.636 0.036
2725.82584 11.475 0.03
2726.85019 11.43 0.026
2728.84559 11.328 0.034
2732.83076 11.067 0.022
2734.80513 11.003 0.026
2736.7972 10.919 0.029
2738.80444 10.822 0.025
2740.79299 10.688 0.027
2742.78727 10.656 0.032
2747.81349 10.64 0.044
2750.85089 10.286 0.027
2752.76613 10.187 0.027
2755.75561 10.04 0.031
2757.75925 10.02 0.021
2759.78341 9.95 0.025
2761.75477 9.883 0.026
2763.76472 9.778 0.036
2768.81166 9.534 0.034
2770.75172 9.408 0.033
2770.7673 9.439 0.035
2775.76434 9.104 0.037
2783.67051 8.616 0.026
2785.70686 8.526 0.025
2787.7063 8.504 0.026
2794.70056 8.74 0.028
2809.63608 8.761 0.025
2811.63781 8.818 0.024
2819.66043 9.25 0.029
2821.65272 9.32 0.026
2830.61299 9.74 0.037
2832.57568 9.875 0.027
2834.57456 9.965 0.033
2835.67196 9.999 0.038
2838.65732 10.159 0.038
2843.58302 10.439 0.037
2854.63249 10.928 0.024
2858.60021 11.112 0.026
2860.58373 11.183 0.03
2862.56071 11.292 0.032
2874.54914 11.626 0.048
2876.5527 11.746 0.036
2878.54928 11.809 0.025
2882.52618 11.91 0.044
2884.53619 11.952 0.028
2886.51784 12.044 0.028
2894.49208 12.242 0.035
2897.49516 12.392 0.058
2901.49158 12.346 0.06
2906.48292 12.67 0.034
3062.89918 8.35 0.045
3069.86291 8.37 0.042
3073.86545 8.458 0.041
3077.85749 8.57 0.038
3080.87742 8.67 0.045
3085.89587 8.849 0.046
3088.84672 8.939 0.045
3091.83349 9.105 0.037
3097.79281 9.4 0.047
3099.83764 9.447 0.058
3104.85686 9.734 0.038
3107.79607 9.865 0.033
3109.91287 9.978 0.047
3114.82758 10.237 0.027
3118.77899 10.432 0.05
3122.76453 10.594 0.046
3124.81738 10.738 0.029
3126.79018 10.79 0.035
3128.76751 10.915 0.051
3130.77015 11.012 0.04
3132.80102 11.091 0.035
3134.86429 11.139 0.036
3144.71037 11.535 0.029
3153.76518 11.858 0.033
3156.66951 12.03 0.037
3158.75266 12.023 0.031
3160.76404 12.178 0.043
3163.76748 12.201 0.037
3166.73976 12.404 0.028
3169.62962 12.466 0.034
3172.71319 12.413 0.051
3176.6184 12.634 0.047
3179.59599 12.769 0.055
3182.62953 12.799 0.034
3184.62363 13.037 0.027
3186.65597 12.999 0.033
3189.66573 12.965 0.038
3266.49286 11.467 0.051
3422.89222 12.012 0.032
3426.88643 12.111 0.033
3430.88034 12.288 0.055
3442.86368 12.711 0.056
3445.8449 12.766 0.039
3448.83758 12.892 0.055
3448.83758 12.922 0.046
3450.84705 13.116 0.051
3453.81242 13.006 0.051
3453.81242 13.041 0.048
3455.82053 13.121 0.058
3457.82289 13.141 0.039
3459.8171 13.194 0.038
3462.80954 13.195 0.031
3464.91203 13.447 0.036
3467.79685 13.331 0.042
3470.77674 13.484 0.035
3473.77555 13.487 0.03
3476.76821 13.511 0.06
3478.7673 13.307 0.036
3480.77639 13.385 0.043
3482.7634 13.517 0.067
3489.73601 13.21 0.039
3491.74959 13.3 0.057
3497.81109 12.989 0.069
3501.68745 12.678 0.046
3503.71045 12.444 0.067
3506.77565 12.357 0.054
3509.7797 12.141 0.046
3512.66289 11.978 0.031
3516.67676 11.699 0.033
3524.63752 11.276 0.052
3526.65256 11.172 0.084
3528.65268 11.107 0.066
3530.71971 11.006 0.067
3538.69831 10.646 0.031
3540.69452 10.643 0.039
3543.67558 10.561 0.055
3547.58966 10.432 0.062
3551.68564 10.433 0.075
3554.66289 10.281 0.037
3558.55827 10.084 0.034
3560.64149 9.959 0.049
3562.64838 9.863 0.079
3564.63079 9.842 0.036
3570.6356 9.561 0.056
3574.60689 9.46 0.038
3576.6216 9.395 0.044
3578.62597 9.326 0.049
3584.59254 9.48 0.066
3586.6161 9.062 0.09
3589.55862 8.977 0.082
3591.59634 8.77 0.093
3593.58092 8.751 0.059
3601.57325 8.409 0.083
3603.57912 8.407 0.046
3607.50732 8.44 0.041
3618.50916 8.533 0.076
3621.51065 8.688 0.063
3634.48016 9.333 0.036
3790.88748 11.689 0.042
3794.8888 11.475 0.037
3798.87449 11.311 0.042
3802.88206 11.126 0.049
3805.87494 11.026 0.034
3808.8664 10.895 0.057
3814.84465 10.748 0.042
3817.83401 10.637 0.043
3820.82564 10.548 0.037
3823.81569 10.479 0.045
3826.80843 10.378 0.048
3829.7989 10.367 0.062
3832.78888 10.264 0.061
3834.80034 10.202 0.044
3837.77256 10.023 0.041
3848.77317 9.466 0.066
3850.84289 9.32 0.054
3853.74231 9.261 0.033
3855.83337 9.235 0.084
3858.71676 9.07 0.051
3860.74241 8.997 0.067
3862.70647 8.86 0.05
3864.7053 8.934 0.034
3866.69762 8.932 0.039
3868.72006 8.897 0.059
3870.78651 8.887 0.054
3872.77926 8.886 0.078
3876.65884 9.071 0.046
3882.6573 9.135 0.041
3887.65749 9.196 0.048
3889.65938 9.221 0.04
3891.64929 9.278 0.033
3893.64943 9.242 0.055
3896.71655 9.391 0.039
3898.74848 9.419 0.072
3901.60494 9.586 0.033
3903.61661 9.777 0.074
3905.61167 9.808 0.078
3907.61155 9.81 0.052
3909.72679 9.969 0.053
4154.88794 8.559 0.048
4158.88967 8.755 0.044
4165.89737 9.047 0.055
4168.88843 9.15 0.047
4174.84698 9.518 0.071
4177.84402 9.688 0.037
4183.82916 10.594 0.067
4186.83836 10.145 0.041
4189.81627 10.324 0.048
4191.81554 10.35 0.038
4193.82084 10.445 0.036
4199.78567 10.711 0.042
4202.80189 10.909 0.048
4204.87051 10.963 0.045
4208.76533 11.134 0.056
4213.85228 11.313 0.071
4216.84413 11.424 0.042
4227.73325 11.789 0.046
4229.79661 11.858 0.059
4231.79562 11.979 0.055
4235.84238 12.112 0.034
4238.68047 12.178 0.038
4245.66245 12.288 0.05
4250.75189 12.496 0.035
4256.7265 12.597 0.033
4259.61794 12.585 0.048
4273.67806 12.785 0.033
4276.59229 12.62 0.066
4278.6657 12.881 0.04
4282.6694 12.877 0.058
4284.67285 12.709 0.045
4290.66532 12.705 0.038
4292.62852 12.562 0.037
4296.63048 12.645 0.045
4300.60426 12.704 0.073
4302.64996 12.635 0.046
4304.59631 12.496 0.046
4308.6319 12.634 0.052
4311.58582 12.33 0.062
4316.61631 12.236 0.062
4330.54088 11.681 0.062
4332.55036 11.484 0.051
4334.56307 11.39 0.045
4339.49919 11.177 0.053
4341.55936 11.011 0.056
4344.50169 10.811 0.059
4346.5103 10.694 0.076
4348.53346 10.569 0.073
4351.49382 10.428 0.058
4354.51316 10.229 0.054
4357.4793 10.079 0.037
4359.48795 9.997 0.047
4363.4964 9.772 0.036
4524.88886 13.342 0.043
4527.88918 13.312 0.046
4537.86744 13.659 0.049
4552.8361 13.728 0.033
4555.82378 13.856 0.053
4558.82817 13.561 0.035
4564.80577 13.525 0.049
4567.79591 13.438 0.036
4570.78642 13.198 0.035
4572.80578 13.213 0.034
