1926.87834 9.052 0.047
1932.85966 9.101 0.041
1940.86344 9.092 0.034
1947.83807 9.087 0.041
1949.85704 9.097 0.044
1953.82042 9.12 0.046
1954.83965 9.153 0.054
1961.8462 9.121 0.041
1963.83812 9.126 0.043
1965.8264 9.143 0.039
1967.83118 9.084 0.044
1977.76766 9.341 0.056
1979.78835 9.137 0.053
1981.80506 9.118 0.053
1985.91283 9.204 0.073
1994.73887 9.174 0.06
1995.81626 9.125 0.071
1996.81279 9.132 0.072
2000.81178 9.261 0.076
2008.72916 9.145 0.077
2009.71573 9.266 0.076
2016.76198 9.12 0.07
2025.71302 9.044 0.05
2026.7434 9.199 0.047
2027.73617 9.089 0.049
2030.72849 9.106 0.051
2031.73419 9.103 0.049
2032.72585 9.265 0.049
2033.71555 9.042 0.042
2040.76855 9.102 0.045
2052.68314 9.124 0.064
2053.69418 9.041 0.062
2054.68807 9.058 0.067
2055.67248 9.046 0.07
2056.67368 9.178 0.068
2057.66952 9.025 0.05
2058.66863 9.178 0.07
2059.71342 9.078 0.058
2068.6909 9.046 0.044
2069.65023 9.084 0.058
2070.63829 9.302 0.067
2081.6176 9.154 0.061
2082.63322 9.062 0.049
2085.60603 9.079 0.035
2086.60968 9.025 0.049
2087.60501 9.048 0.062
2096.58534 9.269 0.058
2102.5584 9.342 0.047
2103.57583 9.078 0.044
2104.57561 9.068 0.045
2105.56808 9.147 0.045
2106.57451 9.104 0.038
2109.56723 9.092 0.044
2115.53181 9.119 0.045
2116.53979 9.083 0.043
2117.53637 9.063 0.047
2124.51592 9.04 0.045
2125.54146 9.268 0.045
2128.51581 9.216 0.047
2130.50805 9.042 0.057
2131.54113 9.261 0.04
2133.49513 9.125 0.041
2135.49561 8.999 0.048
2142.52496 9.087 0.045
2144.50968 9.05 0.037
2156.5321 9.116 0.05
2169.50745 9.097 0.046
2172.53326 9.098 0.044
2177.49174 9.209 0.05
2180.49752 9.252 0.049
2185.49883 9.112 0.052
2189.50491 9.167 0.059
2194.48592 9.13 0.054
2440.63071 9.109 0.026
2442.62714 9.3 0.029
2445.60691 9.345 0.03
2446.62744 9.126 0.026
2452.59173 9.104 0.044
2454.60412 9.203 0.039
2454.62019 9.184 0.047
2459.55966 9.121 0.05
2463.60407 9.104 0.029
2463.60407 9.124 0.038
2464.58236 9.092 0.036
2465.58373 9.138 0.038
2466.57534 9.13 0.028
2467.57802 9.099 0.023
2468.57486 9.169 0.025
2469.5691 9.125 0.029
2473.52042 9.108 0.041
2481.52837 9.127 0.052
2482.54757 9.145 0.058
2486.53646 9.19 0.053
2488.53282 9.102 0.079
2490.55285 9.104 0.057
2491.51426 9.119 0.048
2493.52525 9.12 0.033
2495.50575 9.129 0.05
2497.49968 9.139 0.031
2498.53343 9.103 0.029
2506.47675 9.259 0.067
2508.54629 9.117 0.038
2512.62614 9.118 0.049
2524.49471 9.088 0.04
2526.53011 9.181 0.041
2535.53464 9.174 0.035
2548.52475 9.074 0.031
2559.49051 9.116 0.043
2663.86123 9.101 0.039
2673.86188 9.073 0.031
2677.84107 9.073 0.04
2681.84144 9.135 0.035
2684.84504 9.116 0.032
2690.83348 9.06 0.039
2697.84472 9.1 0.027
2700.85829 9.081 0.03
2703.81921 9.052 0.031
2703.85383 9.1 0.031
2706.81045 9.083 0.027
2710.83597 9.088 0.031
2712.83877 9.091 0.026
2714.82546 9.087 0.03
2717.86062 9.041 0.035
2719.8335 9.121 0.036
2723.89484 9.095 0.034
2725.81281 9.064 0.03
2727.80739 9.329 0.03
2732.80431 9.076 0.03
2734.77629 9.05 0.027
2736.76953 9.257 0.03
2738.80207 9.074 0.028
2740.7861 9.074 0.026
2742.76272 9.095 0.033
2744.75825 9.402 0.031
2750.82298 9.257 0.036
2751.84463 9.101 0.032
2752.75486 9.078 0.025
2755.74218 9.061 0.025
2757.7528 9.055 0.026
2759.80203 9.142 0.031
2761.73928 9.08 0.026
2763.73372 9.061 0.029
2766.82281 9.1 0.031
2782.80276 9.302 0.038
2784.70248 9.087 0.028
2786.64202 9.054 0.027
2787.79596 9.064 0.026
2791.62104 9.201 0.028
2794.69721 9.199 0.031
2809.67311 9.066 0.031
2810.81475 9.071 0.033
2813.7943 9.05 0.037
2820.80241 9.108 0.03
2834.70257 9.258 0.033
2836.56981 9.101 0.028
2851.63808 9.085 0.027
2854.52697 9.096 0.025
2860.52134 9.107 0.027
2861.69171 9.126 0.031
2866.553 9.102 0.031
2867.68383 9.068 0.031
2875.56255 9.168 0.044
2877.55649 9.09 0.034
2879.55437 9.088 0.027
2882.57742 9.042 0.032
2892.58208 9.086 0.042
2894.55893 9.065 0.036
2896.58009 10.263 0.03
2898.56771 9.242 0.034
2900.55969 9.056 0.035
2904.54928 9.269 0.042
2906.54761 9.045 0.033
2909.54904 9.066 0.034
2915.51379 9.108 0.036
2917.54132 9.085 0.03
2922.49561 9.083 0.035
2924.51453 9.089 0.032
2927.52306 9.177 0.028
2930.50378 9.197 0.031
2933.49761 9.189 0.031
2935.50603 9.11 0.035
3035.87269 9.064 0.033
3043.85102 9.066 0.034
3053.83943 9.194 0.032
3056.87541 9.106 0.032
3057.80508 9.041 0.031
3057.81016 9.086 0.032
3060.87495 9.071 0.026
3064.86318 9.122 0.029
3068.84067 9.067 0.038
3071.88472 9.052 0.034
3079.82386 9.308 0.03
3082.85975 9.114 0.033
3086.86171 9.082 0.03
3089.84147 9.033 0.029
3092.82989 9.092 0.026
3096.87836 9.193 0.033
3098.85522 9.084 0.03
3101.80218 9.091 0.032
3106.84664 9.089 0.032
3108.90132 9.103 0.028
3111.78313 9.139 0.033
3113.84098 9.09 0.027
3116.75785 9.086 0.026
3122.75977 9.094 0.028
3124.81265 9.089 0.028
3126.79336 9.086 0.037
3128.77874 9.269 0.031
3144.81315 9.069 0.028
3156.652 9.082 0.033
3160.73865 9.234 0.047
3163.74717 9.208 0.031
3165.77051 9.084 0.037
3168.78604 9.102 0.025
3171.73233 9.068 0.031
3175.72788 9.063 0.03
3178.59776 9.21 0.027
3189.57081 9.074 0.032
3191.69626 9.097 0.039
3270.50251 9.126 0.03
3299.50223 9.118 0.041
3408.86263 9.089 0.039
3412.86183 9.117 0.04
3415.87726 9.061 0.035
3419.84896 9.162 0.05
3423.84734 8.89 0.084
3426.85527 9.051 0.065
3436.88416 9.1 0.038
3442.88895 9.202 0.045
3445.85939 9.176 0.036
3448.85547 9.242 0.098
3454.88178 9.137 0.038
3457.79676 9.247 0.073
3462.78339 9.094 0.04
3464.88806 9.028 0.065
3467.82356 9.12 0.033
3470.8056 9.093 0.041
3473.79327 9.091 0.031
3476.78831 9.053 0.06
3478.81508 9.106 0.038
3480.84242 9.261 0.053
3489.79962 9.169 0.071
3491.8216 9.098 0.065
3497.82312 9.132 0.035
3499.9049 9.045 0.08
3499.90737 9.14 0.073
3499.9099 9.034 0.071
3499.91242 9.112 0.064
3499.91821 9.114 0.052
3499.92324 9.049 0.055
3499.92828 9.104 0.059
3499.93084 9.099 0.05
3499.93744 9.073 0.052
3500.59164 9.079 0.051
3500.71456 9.141 0.062
3500.76929 9.115 0.077
3500.79826 9.2 0.043
3500.8568 9.288 0.081
3500.88742 9.236 0.076
3501.55995 9.248 0.047
3501.65318 9.151 0.049
3501.68293 9.139 0.061
3501.6908 9.135 0.047
3501.71264 9.08 0.071
3502.60912 9.077 0.06
3502.64015 9.073 0.052
3502.67106 9.01 0.067
3502.70235 9.114 0.072
3502.73666 9.113 0.062
3502.76683 9.128 0.083
3502.79739 9.074 0.052
3502.82756 9.117 0.075
3503.64558 9.11 0.056
3503.70213 9.094 0.071
3503.75916 9.117 0.037
3503.7615 9.146 0.067
3503.7917 9.209 0.043
3503.82087 9.181 0.047
3506.77145 9.237 0.033
3509.75586 9.279 0.035
3511.81877 9.093 0.05
3516.72887 9.111 0.051
3520.66878 9.152 0.083
3522.69825 9.15 0.079
3524.72616 9.045 0.06
3526.74616 9.081 0.071
3537.76149 9.071 0.067
3540.509 9.097 0.059
3543.65236 9.085 0.039
3550.68356 9.168 0.07
3552.72505 9.116 0.08
3555.71932 9.131 0.035
3558.72713 9.152 0.06
3560.73402 9.011 0.082
3563.53775 8.963 0.063
3571.57468 9.1 0.035
3576.62053 9.239 0.059
3578.62486 9.195 0.072
3583.63906 9.027 0.063
3585.70124 9.097 0.041
3587.70978 9.32 0.038
3590.54746 9.131 0.068
3592.55689 9.156 0.081
3599.63023 9.319 0.032
3602.48917 9.408 0.074
3604.5267 9.118 0.057
3608.49968 9.324 0.066
3616.62496 9.103 0.039
3619.54253 9.092 0.04
3626.55511 9.099 0.031
3630.53904 9.098 0.032
3632.54796 9.079 0.034
3635.5271 9.129 0.049
3639.52861 9.102 0.03
3642.53429 9.083 0.041
3646.52644 9.114 0.032
3653.51534 9.083 0.04
3657.51594 9.325 0.037
3660.49767 9.36 0.04
3668.49642 9.131 0.046
3758.87491 9.087 0.044
3765.87155 9.166 0.052
3770.87859 9.121 0.04
3774.86129 9.315 0.04
3790.85869 9.108 0.046
3794.86672 9.156 0.047
3797.87886 9.24 0.043
3802.83972 9.173 0.074
3805.87772 9.165 0.075
3809.84548 9.096 0.04
3817.89663 9.239 0.048
3820.83096 9.184 0.047
3823.82791 9.275 0.052
3826.82161 9.292 0.045
3829.81201 9.329 0.037
3832.79554 9.364 0.039
3834.83062 9.08 0.055
3836.84366 9.078 0.048
3848.81613 9.123 0.081
3850.85466 9.084 0.043
3853.74532 9.125 0.037
3855.8379 9.148 0.083
3860.78078 9.132 0.055
3862.71712 9.106 0.039
3864.70855 9.243 0.053
3866.70341 9.099 0.058
3871.7535 9.096 0.039
3874.83908 9.151 0.061
3880.72782 9.093 0.04
3882.78576 9.02 0.085
3886.79111 9.04 0.056
3891.63674 9.111 0.056
3893.67887 9.355 0.043
3901.70468 9.062 0.047
3903.72166 9.048 0.043
3905.71359 9.102 0.057
3907.72321 9.158 0.032
3909.79521 9.125 0.038
3913.76903 9.191 0.04
3981.53281 9.082 0.065
4127.87192 9.142 0.077
4131.87327 9.085 0.047
4135.86899 9.118 0.077
4146.86077 9.147 0.063
4151.86827 9.075 0.06
4155.86299 9.261 0.079
4158.87108 9.12 0.08
4162.84154 9.132 0.082
4173.87438 9.096 0.046
4176.85221 9.092 0.044
4179.86054 9.054 0.04
4182.83464 9.073 0.044
4185.82413 9.069 0.039
4189.78397 9.117 0.037
4191.87721 9.099 0.044
4193.85793 9.096 0.044
4200.78863 9.109 0.033
4203.84183 9.133 0.044
4207.79274 9.263 0.05
4213.82071 9.118 0.04
4227.78033 9.213 0.045
4229.78139 9.118 0.037
4231.78557 9.112 0.039
4233.78424 9.349 0.037
4235.81325 9.095 0.048
4238.69361 9.091 0.042
4247.64372 9.093 0.042
4254.70813 9.072 0.059
4256.75221 9.179 0.04
4258.8141 9.092 0.048
4269.71629 9.13 0.05
4272.66344 9.117 0.04
4274.6649 9.256 0.039
4277.62909 9.244 0.049
4283.65548 9.03 0.079
4284.80337 9.133 0.051
4290.78233 9.124 0.045
4292.75391 9.09 0.04
4296.76661 9.128 0.044
4298.7644 9.102 0.038
4300.68462 9.201 0.06
4302.7264 9.098 0.052
4311.59836 9.119 0.037
4316.63074 9.108 0.034
4319.6414 9.109 0.037
4329.62876 9.145 0.045
4336.52653 9.124 0.043
4339.62366 9.125 0.048
4343.62601 9.23 0.051
4345.62748 9.075 0.06
4347.63204 9.063 0.053
4350.49885 9.085 0.035
4352.52183 9.173 0.033
4355.52901 9.286 0.042
4357.52789 9.083 0.039
4364.48897 9.322 0.036
4372.56162 9.157 0.052
4376.50602 9.092 0.031
4378.52815 9.154 0.038
4381.50587 9.194 0.038
4384.50253 9.248 0.036
4501.88001 9.25 0.049
4505.8783 9.052 0.054
4517.8852 9.094 0.049
4521.84652 9.198 0.06
4528.84179 9.108 0.04
4535.89834 9.061 0.041
4539.8342 9.099 0.059
4542.86028 9.118 0.05
4545.85701 9.115 0.051
4554.88155 9.122 0.045
4557.81627 9.091 0.042
4560.80917 9.133 0.045
4563.80426 9.096 0.046
4566.79237 9.07 0.046
4569.79197 9.101 0.042
4571.84372 9.115 0.038
4573.79653 9.14 0.044
