2511.5589 11.514 0.036
2524.5225 11.058 0.025
2540.4894 11.009 0.04
2544.49969 11.182 0.024
2684.88603 11.237 0.029
2688.88626 11.217 0.032
2698.88501 11.202 0.036
2701.88048 11.002 0.027
2704.89412 11.479 0.021
2707.86625 11.04 0.042
2710.85551 11.111 0.029
2713.84321 11.097 0.025
2720.83567 11.16 0.028
2722.84541 11.007 0.028
2724.85146 11.316 0.02
2726.8457 11.16 0.025
2728.83811 10.941 0.042
2733.82421 10.99 0.03
2735.82908 11.469 0.024
2737.81128 11.067 0.019
2739.80816 11.001 0.023
2741.79894 11.127 0.024
2743.79895 11.019 0.022
2747.80115 11.219 0.045
2750.84377 11.192 0.033
2752.78183 11.19 0.023
2755.76457 11.057 0.019
2757.77736 11.45 0.021
2759.81972 10.943 0.023
2761.77299 11.147 0.021
2763.76044 11.133 0.023
2768.82098 11.057 0.021
2770.76993 10.979 0.024
2775.76934 11.012 0.036
2782.74034 11.145 0.022
2784.70863 11.145 0.021
2786.67842 10.967 0.022
2787.8235 11.488 0.023
2791.65466 11.004 0.026
2808.72989 11.331 0.027
2810.62305 11.468 0.019
2811.80581 11.352 0.06
2813.69458 11.046 0.026
2821.59795 11.44 0.022
2826.64847 11.114 0.037
2831.62545 11.411 0.027
2832.71475 10.928 0.033
2834.60356 10.971 0.034
2835.70815 11.197 0.027
2838.69899 11.051 0.024
2851.68165 11.429 0.024
2854.53345 11.055 0.022
2858.55543 11.135 0.026
2859.62994 10.992 0.024
2861.61096 11.346 0.026
2866.57162 11.043 0.022
2868.58963 11.121 0.024
2872.60242 11.476 0.022
2876.51378 10.972 0.022
2878.51483 11.206 0.019
2882.50567 11.11 0.024
2884.51044 11.348 0.025
2885.56025 10.99 0.023
2895.5138 11.147 0.02
2897.52735 11.021 0.024
2901.51789 11.017 0.041
2908.52177 11.1 0.022
2917.50614 11.025 0.025
3063.89532 11.077 0.055
3068.89346 10.945 0.036
3072.88295 11.045 0.035
3076.87531 11.329 0.031
3079.89409 11.103 0.038
3086.88969 11.443 0.05
3092.85761 11.124 0.035
3096.8909 11.489 0.027
3098.86518 11.071 0.028
3101.82484 11.136 0.042
3104.82427 11.081 0.04
3107.8089 11.452 0.042
3110.8065 11.045 0.047
3113.79621 11.185 0.038
3115.85341 11.091 0.025
3122.78688 11.162 0.026
3124.83764 11.036 0.022
3126.81327 11.087 0.047
3128.7914 11.481 0.045
3130.78828 11.006 0.035
3132.82217 11.117 0.033
3134.86722 11.024 0.032
3144.77844 11.179 0.023
3153.72829 11.025 0.025
3156.68074 11.122 0.032
3158.76134 11.125 0.034
3160.79528 11.156 0.043
3163.78093 11.08 0.027
3168.81106 11.201 0.025
3171.74465 11.124 0.026
3175.74774 11.221 0.045
3178.62354 11.063 0.055
3180.71623 11.487 0.025
3183.71028 11.01 0.026
3185.66963 11.071 0.027
3187.7031 11.066 0.031
3190.70361 11.274 0.031
3219.51556 11.177 0.027
3274.50584 11.087 0.026
3277.50615 11.076 0.03
3424.89417 11.621 0.034
3432.88585 11.167 0.03
3433.87448 11.058 0.034
3438.89316 11.062 0.029
3442.89403 11.217 0.026
3448.87104 11.141 0.033
3448.87104 11.155 0.037
3452.84512 11.132 0.036
3452.84512 11.141 0.038
3454.86298 11.074 0.035
3457.82467 11.35 0.035
3459.84811 11.103 0.029
3462.83872 11.15 0.03
3465.81649 11.017 0.029
3468.81126 11.494 0.031
3471.7967 10.991 0.029
3474.79638 11.226 0.037
3477.78511 11.062 0.03
3479.7972 11.5 0.038
3483.77778 11.112 0.036
3487.76448 11.06 0.04
3490.7671 11.351 0.034
3492.76751 10.985 0.039
3496.76228 11.09 0.052
3504.80559 11.219 0.041
3509.6983 11.087 0.025
3511.78799 11.104 0.028
3515.77612 11.222 0.037
3517.78543 11.025 0.03
3521.75584 11.382 0.041
3523.79452 10.98 0.032
3526.64997 11.179 0.04
3528.66702 11.09 0.029
3530.73671 11.27 0.034
3538.71909 11.084 0.028
3543.69517 11.095 0.042
3547.60935 11.115 0.028
3554.66588 11.053 0.026
3558.5853 11.205 0.028
3560.66065 11.051 0.041
3564.65532 11.173 0.028
3570.64146 11.059 0.029
3574.61604 11.433 0.03
3576.63118 10.975 0.026
3578.6317 11.185 0.029
3584.59854 11.529 0.032
3586.62277 11.036 0.047
3588.62613 11.093 0.035
3591.52413 11.105 0.034
3593.56426 11.079 0.026
3597.59134 10.999 0.05
3601.57659 11.145 0.033
3603.58252 11.042 0.034
3606.58411 11.175 0.029
3618.51614 10.995 0.036
3630.50964 10.995 0.038
3632.51541 11.2 0.039
3790.88938 10.99 0.033
3795.89511 11.049 0.03
3799.89533 11.09 0.032
3803.88477 11.169 0.044
3807.88375 11.287 0.031
3810.88701 10.981 0.034
3813.86317 11.176 0.034
3816.85696 11.012 0.036
3819.8546 11.377 0.034
3822.83563 10.998 0.035
3825.83037 11.001 0.042
3828.82545 11.528 0.035
3831.8158 11.077 0.034
3833.83268 11.08 0.036
3836.79828 11.106 0.041
3848.7871 11.017 0.049
3850.86183 11.367 0.038
3853.75738 11.0 0.029
3858.74042 11.014 0.033
3862.72851 11.394 0.03
3864.72763 11.005 0.028
3866.71946 11.157 0.037
3868.73605 11.096 0.037
3870.80666 11.414 0.035
3872.79705 11.196 0.035
3882.67749 11.463 0.029
3886.81686 11.172 0.031
3889.65673 11.117 0.027
3891.66608 11.045 0.027
3893.66655 11.474 0.033
3896.73781 11.039 0.036
3898.75718 11.2 0.037
3901.62908 11.0 0.031
3903.63727 11.458 0.03
3905.63619 11.07 0.041
3907.70972 11.185 0.035
3981.56168 11.153 0.036
4158.89839 11.376 0.038
4166.88112 10.992 0.045
4173.89304 11.084 0.052
4176.86417 11.089 0.038
4179.87372 11.415 0.038
4182.85822 10.981 0.037
4185.84792 11.216 0.042
4189.82593 11.159 0.051
4191.8467 11.305 0.035
4193.8436 11.006 0.032
4196.83776 11.206 0.052
4199.80805 11.027 0.035
4203.80296 11.034 0.029
4205.8064 11.064 0.033
4213.87399 11.04 0.039
4216.88187 11.151 0.04
4227.74953 11.219 0.03
4229.75055 11.073 0.029
4231.81688 11.323 0.033
4238.8036 11.149 0.046
4246.69823 11.05 0.032
4250.76741 11.033 0.03
4254.65524 12.064 0.031
4256.74852 10.986 0.029
4258.81041 11.755 0.034
4258.81041 11.756 0.034
4273.61643 11.059 0.029
4276.60646 11.409 0.031
4278.6215 10.99 0.028
4282.6763 11.078 0.043
4284.67982 11.256 0.033
4290.67149 11.198 0.031
4292.64576 11.079 0.027
4294.65458 11.06 0.05
4296.64416 11.435 0.036
4298.64951 11.064 0.037
4300.62662 11.078 0.051
4302.67641 11.091 0.032
4304.61428 11.038 0.029
4306.61748 11.496 0.03
4308.64251 11.032 0.05
4311.59501 11.162 0.032
4316.62747 11.42 0.038
4319.63819 10.976 0.044
4330.54737 11.013 0.028
4332.55615 11.221 0.053
4334.56629 11.1 0.036
4338.58443 11.508 0.033
4341.52889 11.004 0.036
4343.53886 11.22 0.052
4345.55897 10.993 0.047
4349.5508 11.367 0.044
4352.51422 11.007 0.027
4355.52145 11.179 0.043
4357.51951 11.024 0.031
4359.51937 11.513 0.032
4361.52364 10.98 0.032
4364.51635 11.195 0.031
4369.4971 11.471 0.041
4372.49175 10.993 0.043
4373.496 10.992 0.042
4523.89644 11.024 0.031
4527.88259 11.027 0.036
4537.89198 11.062 0.03
4541.88344 11.493 0.028
4545.86288 11.166 0.042
4554.85313 11.056 0.044
4557.85518 11.187 0.031
4560.83494 11.16 0.036
4563.83562 11.212 0.031
4566.82658 11.095 0.033
4569.81612 11.005 0.03
4571.86105 11.347 0.031
4573.82367 11.348 0.034
