1931.85745 11.624 0.028
1933.86653 11.462 0.028
1936.865 11.431 0.026
1939.86571 11.59 0.027
1946.88196 11.478 0.026
1949.84356 11.531 0.031
1953.81147 11.522 0.037
1954.83965 11.432 0.04
1961.83027 11.645 0.032
1963.83139 12.161 0.033
1965.81706 11.537 0.031
1967.82179 11.445 0.033
1976.91108 11.528 0.048
1979.75562 11.52 0.043
1981.80052 11.453 0.041
1994.72484 11.614 0.048
2025.70838 11.724 0.03
2026.72976 11.697 0.026
2027.72481 11.921 0.03
2030.71934 11.579 0.027
2031.72735 11.55 0.033
2032.71664 11.423 0.028
2033.70413 11.404 0.025
2040.76855 11.556 0.034
2053.68501 11.506 0.03
2054.67887 11.389 0.033
2055.65846 11.459 0.031
2056.66451 11.475 0.03
2057.65662 11.528 0.03
2058.65726 11.577 0.032
2059.70875 11.45 0.049
2061.70557 11.579 0.028
2067.6896 11.464 0.03
2068.6474 11.563 0.034
2069.64549 11.816 0.031
2070.63133 12.214 0.03
2080.53996 11.499 0.03
2081.60836 11.611 0.03
2082.62854 11.627 0.028
2083.61019 11.477 0.033
2085.60134 11.424 0.027
2086.60496 11.389 0.028
2088.59127 11.448 0.03
2096.58059 11.471 0.032
2102.54921 11.581 0.029
2103.57334 11.591 0.029
2104.5732 11.554 0.03
2105.56566 11.497 0.028
2106.57209 11.452 0.028
2109.56249 11.444 0.033
2115.52716 11.485 0.031
2116.5374 11.422 0.027
2117.53398 11.44 0.031
2124.51128 11.595 0.03
2128.50194 11.429 0.029
2130.50568 11.531 0.028
2134.4979 12.141 0.028
2136.49194 11.609 0.027
2141.48305 11.452 0.029
2143.48412 11.567 0.029
2145.48679 11.57 0.03
2151.4772 11.442 0.041
2156.5321 11.59 0.038
2169.50745 11.541 0.031
2172.53326 11.502 0.031
2177.49174 11.465 0.036
2180.49752 12.089 0.041
2185.49883 11.366 0.034
2189.50491 11.457 0.034
2194.48592 11.428 0.034
2442.61565 11.892 0.035
2443.61314 11.582 0.025
2446.62269 11.45 0.026
2454.61777 11.537 0.039
2456.58366 11.435 0.032
2459.60765 11.459 0.054
2460.61543 11.441 0.023
2463.59942 12.179 0.031
2464.57312 11.683 0.031
2466.57066 11.488 0.025
2467.57332 11.448 0.022
2468.57011 11.446 0.023
2469.56666 11.465 0.029
2481.52368 11.647 0.039
2482.54518 11.781 0.041
2490.54822 11.43 0.033
2491.51179 11.527 0.035
2494.50718 11.633 0.036
2500.49413 11.398 0.036
2508.59926 11.702 0.039
2510.57156 11.775 0.035
2511.61855 12.105 0.052
2520.53581 11.579 0.023
2521.54525 11.503 0.021
2524.54107 11.423 0.034
2526.56862 11.489 0.031
2544.52035 11.514 0.03
2654.87298 11.423 0.037
2664.85729 11.493 0.032
2673.87559 11.639 0.031
2677.8618 11.499 0.039
2678.85801 11.428 0.029
2681.862 11.505 0.03
2684.86121 12.251 0.029
2688.83421 11.498 0.03
2690.84714 11.536 0.041
2690.8759 11.392 0.045
2697.8489 11.604 0.028
2699.82378 11.417 0.026
2700.86944 11.442 0.03
2702.85075 11.458 0.024
2703.83282 11.527 0.028
2707.84515 12.053 0.045
2709.84131 11.555 0.027
2710.86397 11.57 0.029
2711.85118 11.436 0.03
2713.83179 11.437 0.027
2714.84412 11.523 0.033
2715.83373 11.563 0.033
2719.82895 11.579 0.039
2723.88749 11.493 0.027
2725.8057 11.595 0.029
2727.81441 11.921 0.031
2731.89792 11.89 0.019
2734.74641 11.553 0.027
2736.76022 11.584 0.025
2738.7952 11.573 0.028
2740.77924 11.602 0.025
2742.74805 11.466 0.039
2744.78437 11.41 0.031
2747.82046 11.431 0.039
2750.85793 11.493 0.027
2751.84229 11.695 0.028
2752.75023 11.534 0.028
2755.73067 11.459 0.023
2757.73437 11.546 0.023
2759.78829 11.517 0.024
2763.71532 11.427 0.024
2763.74914 11.464 0.038
2766.80173 11.487 0.022
2770.71432 12.182 0.028
2775.76728 11.624 0.04
2782.71992 11.612 0.024
2785.74315 11.566 0.022
2787.71177 11.447 0.028
2790.88666 11.631 0.025
2794.64985 11.491 0.027
2805.66762 11.507 0.037
2809.66778 11.409 0.023
2812.62182 12.086 0.026
2813.79185 11.442 0.032
2820.67597 11.469 0.021
2822.70996 11.439 0.025
2826.71386 11.542 0.023
2832.59293 11.571 0.03
2833.71314 11.46 0.035
2835.60778 12.166 0.028
2840.65689 11.601 0.026
2845.64779 11.472 0.023
2851.53788 11.478 0.025
2853.68445 11.453 0.034
2860.51391 11.428 0.029
2861.68931 11.978 0.034
2866.4883 11.557 0.025
2867.67225 11.39 0.033
2872.48701 11.511 0.023
2874.65254 11.551 0.033
2876.61734 11.412 0.027
2882.55827 11.561 0.037
2888.48909 11.638 0.03
2892.48983 11.485 0.035
2893.61719 11.62 0.03
2895.60418 11.499 0.03
2898.51525 11.616 0.025
2900.5102 12.264 0.026
2904.50204 11.472 0.026
2906.50041 11.428 0.023
2909.50614 11.544 0.024
2915.49535 11.514 0.032
2917.52705 11.471 0.028
2921.52799 11.522 0.036
2923.53127 11.793 0.034
2927.50224 11.489 0.026
2929.51258 11.42 0.027
2932.50025 11.526 0.026
2936.4973 11.58 0.037
3033.87569 12.199 0.03
3037.87888 11.524 0.04
3043.84341 11.698 0.039
3057.8077 11.526 0.031
3060.85701 11.466 0.028
3064.84688 11.491 0.032
3068.82769 11.521 0.031
3071.86893 11.505 0.033
3074.87987 11.421 0.031
3082.83882 11.459 0.034
3086.85142 11.404 0.026
3089.82319 11.646 0.029
3092.80931 11.44 0.03
3096.85805 11.432 0.027
3098.85264 11.504 0.033
3101.78464 11.614 0.03
3105.86593 11.56 0.034
3107.86077 11.41 0.036
3110.77456 11.663 0.026
3113.75785 11.483 0.024
3122.74415 11.637 0.025
3126.78269 11.455 0.029
3128.77044 11.4 0.032
3133.77017 11.781 0.03
3144.80281 11.745 0.024
3152.85749 11.48 0.033
3154.64206 11.461 0.025
3160.69579 11.479 0.048
3163.70609 11.784 0.026
3165.71397 12.138 0.038
3168.73411 11.635 0.027
3170.83833 12.191 0.039
3176.70019 11.666 0.026
3182.60149 11.908 0.034
3184.62152 12.298 0.028
3189.56812 11.463 0.032
3191.69353 11.44 0.036
3298.49508 11.435 0.027
3403.87447 11.793 0.033
3407.8613 11.537 0.031
3411.86173 11.494 0.033
3419.83795 11.422 0.034
3422.86513 11.451 0.04
3425.86606 11.597 0.036
3436.86728 11.545 0.031
3442.88143 11.491 0.039
3448.85547 11.62 0.043
3454.86067 11.457 0.035
3457.77719 11.599 0.035
3462.76523 11.484 0.03
3464.87712 11.658 0.026
3467.81048 11.539 0.029
3470.78598 12.268 0.028
3473.779 11.535 0.024
3476.77238 11.441 0.043
3480.83328 11.504 0.033
3489.74953 11.519 0.031
3491.78289 11.681 0.044
3497.78813 11.49 0.027
3499.9049 12.188 0.053
3499.90737 12.123 0.052
3499.9099 12.149 0.049
3499.91242 12.168 0.047
3499.91821 12.083 0.041
3499.92324 12.043 0.042
3499.92828 12.031 0.051
3499.93084 11.936 0.049
3499.93744 11.842 0.048
3500.59164 11.437 0.045
3500.71456 11.565 0.037
3500.76929 11.427 0.042
3500.79826 11.421 0.035
3500.8568 11.46 0.043
3500.88742 11.56 0.043
3501.55995 11.364 0.035
3501.65318 11.492 0.035
3501.68293 11.549 0.038
3501.71264 11.53 0.041
3502.60912 11.351 0.043
3502.64015 11.45 0.037
3502.67106 11.442 0.045
3502.70235 11.52 0.045
3502.73666 11.541 0.042
3502.76683 11.473 0.047
3502.79739 11.461 0.04
3502.82756 11.383 0.043
3503.64558 11.381 0.037
3503.70213 11.476 0.04
3503.74683 11.666 0.026
3503.7615 11.527 0.038
3503.7917 11.457 0.031
3503.82087 11.419 0.033
3506.75287 11.511 0.026
3509.74309 11.433 0.025
3511.8102 11.443 0.028
3516.72196 11.574 0.046
3521.84692 11.789 0.035
3524.64357 11.496 0.037
3526.68881 11.491 0.051
3528.69555 11.462 0.031
3530.70942 11.448 0.038
3537.69681 11.828 0.046
3539.65344 11.474 0.044
3543.64877 11.514 0.04
3546.72421 11.59 0.053
3550.6809 11.482 0.034
3552.7223 11.438 0.032
3555.71657 11.444 0.024
3558.72339 11.649 0.035
3560.72685 12.224 0.028
3562.75932 12.209 0.036
3564.72871 11.464 0.025
3571.56894 11.454 0.028
3574.58951 11.481 0.029
3576.61791 11.581 0.03
3578.62223 12.033 0.034
3583.52861 11.519 0.035
3585.58145 11.48 0.042
3587.586 11.534 0.026
3591.67151 11.575 0.028
3599.5875 11.762 0.03
3601.62888 11.807 0.032
3603.637 12.145 0.031
3606.63587 11.476 0.029
3616.49101 11.536 0.038
3618.58893 11.456 0.032
3620.59516 11.429 0.028
3626.5063 11.393 0.026
3629.59103 11.474 0.036
3631.58868 11.461 0.038
3642.49742 12.062 0.028
3653.49476 11.687 0.028
3656.527 11.574 0.033
3662.49612 11.516 0.04
3755.87307 11.697 0.04
3758.872 11.483 0.038
3764.86166 11.758 0.045
3770.87618 11.495 0.046
3774.85885 12.0 0.041
3790.84665 11.415 0.032
3794.84484 11.494 0.035
3795.85428 11.523 0.028
3797.87223 11.725 0.034
3802.82711 11.495 0.039
3803.85147 11.494 0.044
3805.85861 11.398 0.038
3806.86415 11.497 0.035
3809.82748 11.653 0.037
3812.83639 11.491 0.039
3817.89413 11.441 0.034
3818.81368 11.791 0.04
3820.82852 12.25 0.044
3821.84591 12.049 0.031
3823.81283 11.483 0.04
3824.83911 11.504 0.037
3826.81159 11.417 0.037
3827.83172 11.408 0.032
3829.80532 11.547 0.033
3830.83693 11.607 0.036
3834.80363 11.433 0.042
3836.83833 11.52 0.039
3847.8086 11.857 0.044
3849.79709 11.417 0.03
3849.82444 11.449 0.027
3852.7312 11.581 0.028
3852.76157 11.615 0.031
3856.82202 11.635 0.041
3858.75513 11.437 0.033
3859.72023 11.512 0.034
3860.80222 11.423 0.032
3861.77068 11.487 0.026
3863.75708 12.109 0.031
3865.75606 11.737 0.033
3867.75557 11.503 0.035
3871.75079 11.52 0.035
3874.83637 11.43 0.031
3877.68045 11.431 0.031
3880.71988 11.443 0.025
3882.7655 11.422 0.036
3886.77545 11.801 0.028
3891.6256 11.563 0.029
3893.67341 11.523 0.03
3898.79726 11.562 0.047
3901.60956 11.628 0.035
3903.64676 11.686 0.025
3905.65424 12.177 0.031
3907.65681 11.729 0.028
3909.76567 11.877 0.032
3913.74114 11.462 0.025
3981.48516 11.503 0.035
4146.8695 11.917 0.039
4151.86827 11.473 0.038
4151.87921 11.549 0.038
4155.87395 11.561 0.033
4159.85322 11.613 0.029
4162.88945 11.519 0.045
4165.82174 11.523 0.043
4166.85361 11.478 0.042
4173.87932 11.616 0.033
4176.86679 11.362 0.04
4179.85734 11.458 0.037
4180.83033 11.549 0.045
4183.86474 11.63 0.039
4185.81795 11.427 0.035
4187.86178 11.403 0.037
4189.77576 12.125 0.029
4190.8353 11.736 0.03
4191.87118 11.61 0.031
4191.87721 11.494 0.041
4193.80375 11.667 0.033
4193.85295 12.387 0.039
4200.77207 11.723 0.029
4202.81819 11.674 0.036
4203.82922 11.608 0.028
4204.8477 11.676 0.034
4207.78447 11.392 0.043
4208.80565 11.393 0.039
4211.82226 11.462 0.048
4212.84515 11.398 0.043
4215.74628 11.436 0.039
4215.82919 12.162 0.037
4227.78033 11.412 0.04
4227.80252 11.545 0.034
4228.7598 11.53 0.032
4229.80244 11.462 0.029
4230.75929 11.447 0.027
4231.80156 11.401 0.029
4232.75571 11.551 0.03
4233.81156 11.399 0.038
4235.84769 11.498 0.032
4238.71654 11.485 0.036
4246.71279 11.605 0.033
4250.58864 12.074 0.037
4254.70135 11.711 0.034
4256.73584 11.835 0.029
4258.80203 11.573 0.03
4273.80188 11.616 0.033
4273.81887 11.61 0.033
4276.60495 11.835 0.031
4282.65247 11.328 0.045
4284.65674 11.468 0.038
4284.77695 11.867 0.032
4290.64931 11.466 0.033
4290.76442 11.515 0.033
4292.62127 11.463 0.028
4292.74239 11.696 0.03
4296.62327 11.567 0.031
4296.75289 11.403 0.045
4298.6279 12.091 0.035
4298.75366 11.434 0.041
4300.59534 11.52 0.035
4300.65467 12.16 0.04
4302.64114 11.601 0.03
4302.70128 12.281 0.031
4304.5815 11.456 0.031
4308.66562 11.524 0.05
4309.57547 11.63 0.037
4310.70593 11.388 0.042
4311.61774 11.635 0.033
4316.57487 11.534 0.035
4316.67327 11.43 0.031
4319.6221 11.55 0.027
4319.65996 11.456 0.027
4329.49349 11.538 0.04
4329.51785 11.575 0.046
4331.49675 11.436 0.035
4331.52011 11.51 0.03
4336.49995 11.582 0.039
4337.49925 11.654 0.036
4339.52671 11.817 0.031
4341.57905 11.654 0.029
4341.67162 11.381 0.036
4343.58774 12.109 0.037
4343.67316 11.414 0.035
4345.59689 11.885 0.027
4346.50297 11.457 0.028
4347.59763 11.515 0.037
4348.52904 11.493 0.028
4349.5948 11.433 0.035
4350.53508 11.49 0.032
4351.59347 11.496 0.039
4352.55269 11.619 0.029
4354.57358 11.601 0.025
4355.55612 11.558 0.029
4356.59318 11.594 0.032
4357.56792 11.476 0.03
4358.57341 11.488 0.032
4359.54337 11.396 0.033
4363.48413 11.91 0.03
4364.48457 11.628 0.027
4365.53834 12.105 0.032
4367.58736 12.08 0.037
4369.51492 11.46 0.04
4371.52932 11.459 0.035
4372.5301 11.526 0.037
4373.54816 11.5 0.043
4375.55509 11.597 0.028
4376.55197 11.631 0.032
4377.56214 11.639 0.028
4379.49769 11.427 0.028
4382.49856 11.446 0.03
4385.49783 12.077 0.029
4385.51226 11.833 0.028
4400.50142 11.506 0.038
4493.87307 11.541 0.032
4493.88017 11.54 0.04
4500.87961 11.439 0.051
4504.87399 11.46 0.035
4506.86776 11.601 0.038
4508.8674 11.683 0.036
4517.84571 11.982 0.041
4517.89034 11.711 0.038
4521.85451 11.566 0.032
4528.83157 11.629 0.033
4528.84622 11.717 0.032
4531.85527 11.518 0.033
4535.8792 11.478 0.032
4536.85422 11.436 0.027
4538.86231 11.41 0.033
4539.85954 11.609 0.048
4541.85433 12.091 0.029
4543.82597 11.493 0.036
4546.83637 11.443 0.038
4547.83014 11.436 0.038
4554.87579 11.69 0.042
4555.89884 11.705 0.038
4558.83369 11.415 0.029
4560.79861 11.61 0.031
4561.81971 11.734 0.031
4563.79518 11.881 0.031
4564.81112 11.757 0.03
4566.78437 11.44 0.034
4567.80219 11.422 0.043
4569.78555 11.544 0.03
4570.79526 11.486 0.029
4571.8289 11.436 0.032
4572.83112 11.54 0.034
4573.79139 11.557 0.036
4574.79795 11.621 0.034
