1948.88785 12.144 0.042
1950.88217 11.617 0.039
1953.87652 11.531 0.041
1962.85429 11.598 0.049
1995.84842 11.532 0.066
2151.56053 11.56 0.04
2173.49256 11.604 0.028
2445.62456 11.582 0.02
2473.54528 11.681 0.031
2504.5969 11.801 0.058
2508.60379 11.566 0.036
2510.58884 11.626 0.026
2519.54636 11.545 0.051
2520.54996 11.605 0.021
2521.55937 11.838 0.022
2524.55256 11.734 0.029
2535.52078 11.597 0.026
2543.48814 11.819 0.024
2544.49501 12.273 0.024
2546.50312 11.567 0.052
2548.4873 11.545 0.022
2686.86578 11.709 0.031
2689.87743 11.558 0.039
2696.86699 11.594 0.032
2699.87539 11.535 0.025
2703.85228 11.894 0.024
2706.85268 11.655 0.028
2709.84352 11.563 0.028
2712.82704 11.575 0.022
2714.87042 11.716 0.019
2722.90896 11.988 0.026
2724.83451 12.243 0.021
2726.83598 11.698 0.022
2733.83634 11.728 0.023
2735.81961 11.76 0.023
2737.80452 11.638 0.026
2739.79838 11.585 0.02
2741.78925 11.538 0.025
2743.78731 11.608 0.02
2747.80878 11.659 0.044
2750.84854 11.565 0.03
2752.7798 11.544 0.021
2755.76704 11.639 0.019
2757.773 11.641 0.018
2759.81534 11.55 0.02
2761.76869 11.512 0.023
2763.75616 11.572 0.024
2768.80508 11.474 0.035
2770.76121 11.6 0.026
2782.72218 11.499 0.024
2782.73821 11.551 0.025
2784.7135 11.576 0.02
2786.67105 11.611 0.02
2787.81926 11.531 0.021
2791.65276 11.762 0.023
2794.71041 11.553 0.018
2804.68703 11.667 0.033
2808.69025 12.061 0.024
2809.82397 11.575 0.024
2811.69465 11.54 0.022
2813.66018 11.508 0.021
2820.76363 11.563 0.024
2832.61123 11.683 0.025
2833.72677 11.661 0.028
2835.62137 11.541 0.024
2838.611 11.634 0.021
2840.67302 11.575 0.026
2845.66211 11.639 0.019
2851.60946 11.696 0.02
2854.53597 11.705 0.018
2859.53575 11.553 0.027
2860.67679 11.583 0.028
2862.60066 11.585 0.027
2866.60094 11.616 0.023
2868.65199 11.87 0.026
2873.53214 11.872 0.066
2876.53957 11.543 0.023
2878.53597 11.569 0.019
2882.51525 11.754 0.028
2886.4974 11.532 0.022
2892.54082 11.82 0.031
2894.53973 11.582 0.023
2896.56301 11.558 0.02
2898.55358 11.61 0.022
2900.54558 11.81 0.021
2904.53514 11.557 0.025
2906.5335 11.507 0.019
2909.53227 11.826 0.024
2915.50935 11.574 0.024
2924.49373 11.573 0.023
3055.89214 11.592 0.034
3059.88379 11.649 0.055
3063.8845 11.645 0.066
3068.875 11.6 0.037
3072.86374 12.087 0.035
3078.85 11.53 0.038
3081.88525 11.7 0.046
3085.90456 11.503 0.032
3088.85406 11.61 0.039
3091.86201 12.211 0.042
3096.87561 11.602 0.026
3099.81387 11.53 0.04
3102.83083 11.796 0.035
3105.8632 11.505 0.029
3107.85323 11.538 0.033
3113.80162 12.073 0.071
3116.78629 11.607 0.025
3122.77721 11.677 0.029
3124.82789 11.546 0.028
3126.80304 11.553 0.028
3128.78345 11.567 0.035
3130.78094 11.626 0.033
3132.8119 12.157 0.033
3134.86239 11.495 0.03
3144.77341 11.71 0.023
3153.72607 11.7 0.024
3159.75621 11.57 0.045
3162.81144 11.722 0.027
3164.83148 11.54 0.026
3170.76565 11.637 0.024
3176.70261 11.807 0.024
3179.61899 11.913 0.025
3182.64504 11.555 0.025
3184.63147 11.601 0.026
3187.6377 11.811 0.034
3190.65574 11.579 0.028
3274.52862 11.545 0.049
3277.52314 11.723 0.031
3280.51127 11.944 0.025
3415.88767 11.54 0.025
3420.87753 12.071 0.042
3424.87004 11.453 0.035
3431.88613 11.569 0.035
3443.89198 11.548 0.026
3447.8487 11.578 0.032
3450.865 11.72 0.032
3450.865 11.757 0.036
3453.82989 11.56 0.034
3455.83951 11.52 0.034
3457.86798 11.642 0.048
3464.8247 11.565 0.025
3467.83333 11.54 0.028
3470.82334 11.809 0.027
3473.81025 11.615 0.024
3476.80181 11.46 0.034
3480.85359 11.76 0.051
3487.81591 11.587 0.061
3490.80223 11.733 0.047
3492.80433 11.458 0.054
3496.78821 11.537 0.026
3499.86514 11.738 0.032
3502.72971 12.039 0.038
3504.7666 11.635 0.036
3508.77205 11.575 0.024
3510.81997 11.686 0.025
3512.70139 11.639 0.028
3516.70484 11.634 0.063
3524.66812 12.157 0.031
3526.70747 11.566 0.035
3528.72956 11.536 0.034
3530.73505 11.626 0.045
3539.66988 11.57 0.039
3542.66582 11.651 0.042
3544.7462 11.568 0.033
3547.79273 11.637 0.03
3551.7809 11.604 0.038
3554.74147 11.603 0.027
3558.61321 11.673 0.049
3560.61868 11.48 0.06
3562.63642 11.599 0.032
3564.60287 11.681 0.024
3570.58989 11.544 0.029
3573.65193 11.707 0.031
3575.66977 11.621 0.03
3577.69233 11.463 0.056
3583.61337 11.697 0.04
3585.66997 11.58 0.04
3587.67314 11.493 0.032
3590.53952 11.628 0.028
3592.54772 11.603 0.043
3597.51384 11.65 0.032
3602.61586 11.699 0.035
3609.48526 12.253 0.035
3619.51986 11.703 0.038
3621.56533 11.522 0.04
3626.53844 12.07 0.027
3630.52869 11.576 0.033
3632.53334 11.5 0.041
3642.52392 11.526 0.038
3647.49775 12.074 0.026
3652.49507 11.543 0.034
3789.88768 11.647 0.034
3793.87606 11.516 0.034
3797.86611 11.729 0.028
3802.90451 11.497 0.05
3806.85936 11.809 0.033
3810.88132 11.595 0.033
3814.86142 11.513 0.034
3817.86737 11.804 0.039
3820.85568 11.571 0.033
3823.85143 11.555 0.04
3826.84459 11.82 0.034
3829.834 11.8 0.034
3832.8332 11.581 0.036
3834.85451 11.647 0.041
3837.79935 11.607 0.034
3847.8939 11.595 0.047
3849.8191 11.783 0.035
3852.77382 11.608 0.035
3858.76289 11.645 0.032
3862.74834 11.616 0.028
3864.7394 11.58 0.036
3866.73103 11.51 0.03
3868.75714 11.726 0.036
3870.76728 12.036 0.037
3872.7592 11.586 0.029
3875.86933 11.884 0.058
3881.73264 11.722 0.035
3886.71868 11.559 0.032
3890.70736 12.062 0.062
3892.7007 11.979 0.03
3894.69854 11.577 0.026
3897.74291 11.57 0.047
3899.80288 11.645 0.057
3902.64035 11.708 0.027
3904.66732 11.586 0.032
3906.68319 11.554 0.037
3908.70552 11.632 0.041
3983.53871 11.631 0.043
4153.8775 11.607 0.034
4153.88887 11.743 0.045
4157.87044 11.776 0.049
4157.88494 11.685 0.043
4161.86916 11.512 0.041
4161.87775 11.591 0.032
4165.86061 11.706 0.042
4165.87414 11.79 0.047
4174.86187 11.839 0.032
4174.88707 12.179 0.029
4177.88828 11.646 0.047
4183.87703 11.625 0.047
4187.86563 11.686 0.036
4190.84441 11.529 0.028
4191.82503 11.558 0.032
4192.85867 11.478 0.065
4193.87289 11.879 0.034
4194.86608 12.155 0.052
4196.86988 11.828 0.053
4199.78784 11.779 0.041
4203.81414 11.552 0.043
4207.81018 11.814 0.037
4213.82671 11.654 0.038
4216.78632 11.921 0.028
4216.81603 12.142 0.026
4228.78126 11.737 0.035
4228.79255 11.665 0.032
4230.77978 11.54 0.028
4230.79111 11.594 0.026
4232.78015 11.524 0.032
4234.82341 12.026 0.031
4247.67667 11.56 0.04
4250.75512 11.545 0.029
4254.6585 11.53 0.033
4256.71955 11.641 0.029
4258.79182 11.575 0.031
4269.72914 11.585 0.049
4272.67531 11.629 0.029
4274.67687 11.539 0.038
4277.63526 11.532 0.028
4283.63441 11.561 0.051
4285.62871 11.498 0.042
4289.62839 11.608 0.031
4291.63215 11.815 0.036
4293.62177 11.706 0.037
4295.63507 11.54 0.038
4297.62897 11.612 0.049
4299.59828 11.626 0.053
4301.57643 11.64 0.038
4303.59064 12.026 0.029
4305.57051 11.678 0.028
4307.59075 11.522 0.064
4311.68588 11.598 0.038
4315.52129 11.813 0.035
4317.58849 11.541 0.026
4329.57194 11.591 0.043
4331.55908 11.644 0.046
4339.6081 11.942 0.055
4341.61064 11.922 0.035
4346.4946 11.712 0.053
4348.51681 11.532 0.051
4350.52594 11.568 0.043
4352.54435 11.787 0.029
4355.54777 11.6 0.031
4357.55522 11.603 0.03
4359.53686 11.623 0.034
4362.50959 11.815 0.029
4364.54417 11.709 0.031
4368.53709 11.536 0.039
4371.5087 11.6 0.037
4375.5037 11.653 0.03
4377.51211 11.573 0.034
4380.50153 11.593 0.044
4383.49505 12.122 0.03
4386.48995 11.599 0.03
4518.89527 11.482 0.041
4519.89246 11.569 0.039
4523.86982 12.226 0.033
4527.86287 11.599 0.029
4537.85782 11.56 0.026
4540.84913 11.613 0.037
4540.88486 11.687 0.039
4547.86388 11.609 0.042
4559.83806 11.531 0.034
4562.82824 11.716 0.037
4565.81387 12.048 0.031
4568.80689 11.611 0.034
4570.84561 11.603 0.031
4572.82807 11.638 0.035
4572.83906 11.749 0.034
4574.80489 11.724 0.035
