2696.89785 13.135 0.039
2696.89785 13.136 0.034
2701.89964 13.291 0.031
2711.89195 13.438 0.027
2714.88678 13.462 0.027
2721.88796 13.718 0.052
2723.86518 13.024 0.03
2725.86346 13.431 0.032
2727.8638 13.576 0.029
2729.85555 12.722 0.027
2732.85638 13.787 0.027
2734.84544 12.618 0.028
2736.83389 13.249 0.04
2738.83446 13.685 0.024
2742.81651 12.868 0.044
2750.87599 13.202 0.038
2751.8217 13.648 0.035
2752.80538 13.333 0.028
2755.77755 13.005 0.022
2757.78583 13.482 0.026
2759.83048 13.25 0.045
2761.7791 12.931 0.03
2763.77573 13.4 0.029
2769.76575 12.248 0.09
2783.68587 13.53 0.025
2785.73704 12.766 0.025
2787.7291 13.404 0.024
2791.67753 13.686 0.026
2804.658 12.708 0.04
2811.66089 13.209 0.023
2813.65651 13.912 0.023
2819.69909 13.434 0.029
2821.69277 13.749 0.027
2830.63381 13.713 0.031
2832.60076 13.3 0.034
2836.5819 13.062 0.034
2839.633 12.875 0.033
2842.55637 13.496 0.041
2845.56591 13.521 0.022
2853.57643 13.415 0.031
2853.57643 13.447 0.027
2855.56264 12.743 0.024
2861.55428 14.252 0.031
2865.51701 12.848 0.046
2867.55653 13.606 0.027
2875.53359 13.726 0.038
2877.53008 13.349 0.032
2879.53283 12.911 0.032
2883.50109 13.671 0.029
2885.52 13.624 0.028
2894.5026 13.662 0.035
3076.89411 13.309 0.051
3080.89011 13.011 0.056
3086.89209 13.097 0.055
3089.88898 13.051 0.04
3092.86497 13.021 0.035
3097.83533 12.544 0.035
3105.83387 12.739 0.043
3110.82529 13.328 0.032
3113.81616 12.883 0.049
3116.80478 12.623 0.033
3122.79391 13.438 0.045
3124.84793 12.887 0.034
3130.78494 13.865 0.055
3132.81882 12.924 0.046
3154.6762 13.791 0.057
3168.67554 13.423 0.041
3171.67479 13.459 0.041
3175.66499 12.725 0.038
3177.6905 13.121 0.037
3183.64878 12.446 0.035
3185.63722 13.532 0.048
3187.66018 13.803 0.041
3432.8911 13.311 0.048
3436.88151 12.765 0.061
3443.86356 13.273 0.034
3446.86347 13.244 0.033
3449.85313 12.943 0.058
3449.85313 12.956 0.05
3452.8425 13.141 0.062
3456.83398 13.33 0.044
3458.83086 13.128 0.047
3462.81552 13.035 0.043
3465.80433 12.776 0.037
3468.80587 12.565 0.034
3471.794 13.494 0.034
3474.78418 13.999 0.057
3477.77583 13.548 0.046
3479.77638 12.981 0.054
3481.76503 12.827 0.043
3483.75504 13.394 0.051
3490.74463 13.122 0.049
3492.73885 12.918 0.037
3496.73308 13.65 0.034
3500.71568 12.935 0.035
3503.70715 12.421 0.035
3509.6864 14.098 0.034
3512.67571 13.49 0.04
3516.67013 13.306 0.052
3520.6583 13.461 0.037
3523.64548 13.717 0.048
3526.64696 13.598 0.045
3529.63831 13.085 0.035
3539.59486 13.566 0.037
3554.56518 13.429 0.029
3558.55482 13.559 0.032
3561.54677 13.384 0.032
3563.54525 13.389 0.039
3565.53639 13.633 0.062
3577.50693 13.124 0.056
3587.47435 13.578 0.03
3591.46997 12.739 0.04
3797.89316 13.817 0.036
3804.87172 13.1 0.064
3808.86208 13.457 0.061
3811.86339 13.205 0.053
3814.85531 13.168 0.055
3817.84509 13.048 0.046
3820.83316 13.034 0.052
3823.82491 12.972 0.053
3826.81429 13.741 0.049
3829.81382 13.685 0.041
3832.80349 14.05 0.044
3834.79434 13.705 0.05
3837.78497 13.708 0.052
3849.74884 13.266 0.037
3851.75838 13.55 0.036
3862.72567 13.681 0.036
3864.71623 13.677 0.039
3866.7165 12.452 0.046
3871.69792 12.849 0.042
3875.68576 13.832 0.035
3882.66644 13.011 0.037
3887.65944 12.958 0.034
3889.65372 13.145 0.034
3891.64624 13.345 0.034
3893.64022 13.189 0.04
3898.62754 12.948 0.05
3901.61719 13.646 0.038
3904.60723 13.511 0.034
3907.59603 13.378 0.037
4162.89372 12.656 0.069
4168.89043 13.52 0.069
4172.8745 13.024 0.041
4178.85196 13.289 0.077
4190.83228 13.456 0.069
4192.81356 13.564 0.044
4194.81525 12.616 0.05
4199.79362 12.741 0.065
4203.78829 13.356 0.035
4205.78433 13.748 0.065
4215.75637 13.236 0.045
4228.71715 13.026 0.06
4230.71581 13.579 0.034
4232.71483 13.894 0.042
4234.70702 12.894 0.052
4245.67651 12.252 0.089
4247.6656 13.401 0.069
4254.64702 14.089 0.065
4257.64726 13.339 0.063
4268.61283 13.109 0.057
4272.59575 13.608 0.035
4276.58659 13.883 0.039
4283.56683 13.653 0.052
4285.56681 12.569 0.048
4289.56113 13.624 0.039
4292.54427 13.435 0.043
4295.5364 13.312 0.035
4297.53613 15.816 0.055
4301.52494 12.957 0.07
4305.51233 13.804 0.038
4308.50385 13.01 0.06
4315.4854 13.244 0.036
4319.47967 13.538 0.031
4528.89411 13.628 0.042
4532.90106 13.143 0.061
4539.89965 13.905 0.085
4547.87401 13.148 0.053
4559.85465 13.367 0.038
4562.84404 12.779 0.049
4565.83549 12.821 0.039
4570.84759 13.056 0.035
4572.83601 13.777 0.046
4574.81668 13.81 0.045
