2093.53579 14.096 0.034
2094.57285 14.125 0.035
2096.58212 13.663 0.041
2102.55983 13.212 0.032
2103.57949 12.877 0.034
2104.58164 12.76 0.033
2105.57181 12.626 0.032
2106.57824 12.5 0.032
2106.57824 12.533 0.032
2109.57103 12.183 0.031
2115.53352 11.84 0.031
2116.54374 11.807 0.03
2117.54035 11.749 0.033
2124.51783 11.65 0.034
2125.53431 11.685 0.034
2128.52004 11.71 0.034
2129.55291 11.713 0.032
2131.49057 11.709 0.033
2135.50001 11.702 0.034
2140.50585 11.765 0.038
2142.52058 11.783 0.032
2144.48905 11.862 0.034
2151.47929 11.914 0.039
2156.50951 12.058 0.032
2164.50247 12.337 0.031
2172.49532 12.639 0.032
2178.53753 12.984 0.032
2180.53535 12.959 0.038
2203.50261 14.055 0.037
2440.6317 12.247 0.028
2442.62814 12.424 0.031
2444.62382 12.448 0.023
2445.60795 12.463 0.027
2452.59288 12.713 0.042
2454.60542 12.762 0.039
2454.63269 12.779 0.048
2459.55176 12.949 0.055
2460.61013 13.176 0.03
2463.58473 13.141 0.033
2463.61452 13.22 0.028
2464.58373 13.256 0.035
2465.58512 13.27 0.034
2466.57675 13.414 0.031
2468.57632 13.551 0.029
2473.52436 13.908 0.038
2660.85936 12.788 0.033
2666.86668 12.275 0.03
2671.85196 11.867 0.028
2678.84857 11.691 0.024
2681.84857 11.73 0.031
2684.84048 11.697 0.026
2693.83668 11.815 0.027
2696.87984 11.888 0.036
2699.82812 11.916 0.032
2702.85252 11.944 0.031
2703.84887 11.816 0.03
2705.80932 11.878 0.045
2707.83763 11.794 0.046
2709.83835 11.769 0.022
2711.84822 11.77 0.023
2713.82878 11.725 0.035
2715.83069 11.716 0.03
2719.81477 11.708 0.046
2719.83741 11.682 0.032
2721.81317 11.751 0.051
2723.8074 11.756 0.031
2725.80248 11.768 0.027
2727.83473 11.754 0.026
2732.81517 12.021 0.047
2734.7676 12.061 0.037
2736.76141 12.118 0.028
2740.78262 12.398 0.026
2742.7592 12.452 0.032
2744.75471 12.507 0.039
2744.78778 12.649 0.034
2750.8662 12.908 0.031
2751.71411 13.075 0.031
2752.75815 13.03 0.042
2755.73853 13.095 0.036
2757.74225 13.353 0.041
2759.79834 13.376 0.026
2763.72314 13.412 0.042
2763.77065 13.536 0.037
2766.81908 13.526 0.046
2787.78997 14.549 0.029
2854.53122 15.972 0.021
2935.53508 14.002 0.034
3032.87368 13.463 0.043
3036.8631 13.547 0.03
3056.84637 14.172 0.032
3219.49885 12.853 0.028
3477.76714 14.212 0.031
3481.79862 13.6 0.033
3483.78368 13.527 0.033
3490.79776 12.865 0.039
3492.79986 12.721 0.039
3496.78458 12.398 0.028
3499.86151 12.114 0.032
3502.70779 11.965 0.041
3508.75808 11.472 0.026
3510.80996 11.351 0.027
3512.68512 11.291 0.032
3516.68933 11.153 0.043
3521.82474 11.094 0.035
3524.64576 11.097 0.038
3526.69675 11.16 0.038
3528.723 11.184 0.049
3530.723 11.234 0.035
3538.67311 11.469 0.029
3540.67015 11.499 0.032
3542.81208 11.551 0.04
3547.84689 11.7 0.046
3551.83646 11.991 0.034
3554.76426 12.007 0.026
3558.60144 12.247 0.048
3560.61131 12.255 0.033
3562.621 12.373 0.035
3564.59827 12.453 0.027
3569.67396 12.532 0.028
3571.70009 12.58 0.032
3574.70668 12.686 0.029
3576.72113 12.74 0.029
3578.69851 12.688 0.03
3583.67667 12.948 0.029
3585.73072 12.942 0.029
3587.74135 12.972 0.03
3590.55915 13.119 0.031
3592.56651 13.125 0.033
3597.67677 13.252 0.032
3602.71073 13.382 0.041
3606.51624 13.682 0.029
3619.60653 14.415 0.036
3767.87017 13.539 0.049
3772.87326 12.718 0.038
3789.84551 11.443 0.045
3792.87005 11.378 0.052
3796.83116 11.436 0.027
3800.87053 11.427 0.045
3804.8155 11.524 0.041
3811.89895 11.647 0.043
3814.87002 11.629 0.037
3817.8564 11.617 0.037
3820.83603 11.795 0.041
3823.83033 11.769 0.042
3826.82384 11.944 0.037
3829.81674 12.047 0.035
3832.79106 12.062 0.037
3834.84068 12.193 0.036
3837.76883 12.335 0.04
3850.87106 12.98 0.032
3853.75062 13.107 0.029
3855.84253 13.605 0.048
3862.71235 13.714 0.031
3864.71044 13.536 0.032
3866.69437 13.913 0.034
4133.85313 13.225 0.049
4137.86074 13.587 0.039
4154.86705 13.876 0.041
4299.64101 14.439 0.03
4305.58358 13.86 0.029
4307.60392 13.73 0.033
4311.69702 13.765 0.035
4314.73317 13.206 0.035
4317.55425 13.181 0.027
4330.50683 11.881 0.028
4332.53056 11.777 0.03
4338.56665 11.492 0.042
4340.62127 11.405 0.033
4342.61647 11.338 0.036
4344.61286 11.329 0.038
4346.61249 11.315 0.03
4348.61568 11.305 0.031
4350.61955 11.295 0.032
4353.51249 11.262 0.032
4355.60374 11.25 0.033
4357.60772 11.299 0.032
4359.57621 11.289 0.031
4361.54663 11.308 0.029
4363.5506 11.294 0.029
4365.57399 11.4 0.031
4368.61747 11.37 0.041
4371.51541 11.507 0.035
4373.5467 11.608 0.044
4378.57375 11.843 0.04
4381.52999 11.978 0.039
4384.5202 12.099 0.03
4386.55486 12.167 0.029
4388.53872 12.247 0.032
4392.54259 12.441 0.043
