1938.87205 12.006 0.034
1947.85811 11.95 0.039
1949.87296 11.865 0.042
1953.85067 12.278 0.045
1961.86675 12.091 0.037
1963.85432 12.831 0.043
1965.84493 12.195 0.04
1967.84452 11.997 0.041
1977.78397 11.911 0.054
1979.79712 12.037 0.054
1994.75715 12.031 0.053
1995.82507 12.142 0.056
2016.78279 12.02 0.055
2016.78279 12.067 0.055
2025.72885 12.013 0.034
2026.7571 12.034 0.034
2027.74288 11.966 0.035
2030.73968 12.642 0.036
2031.74094 12.215 0.035
2032.73483 12.272 0.034
2033.729 12.059 0.034
2040.77813 12.138 0.036
2052.68995 12.072 0.038
2053.70367 12.016 0.036
2054.69484 11.958 0.038
2055.68154 11.98 0.041
2056.67826 12.039 0.039
2057.67636 12.138 0.037
2058.6777 12.149 0.041
2059.71813 12.436 0.06
2061.72455 12.597 0.038
2068.70643 12.108 0.038
2069.66156 12.169 0.038
2070.6474 12.123 0.039
2080.56299 11.939 0.043
2081.62677 12.058 0.037
2082.63792 11.98 0.045
2083.61988 12.079 0.053
2085.61522 12.015 0.036
2086.61436 12.266 0.043
2087.60971 12.189 0.047
2088.60846 12.593 0.039
2096.59009 12.212 0.052
2102.56762 11.975 0.038
2103.5828 12.017 0.047
2104.58038 11.987 0.044
2105.57506 12.06 0.039
2106.58152 12.619 0.041
2109.57424 12.048 0.036
2115.53661 12.799 0.038
2116.54902 12.266 0.037
2117.54336 12.299 0.04
2124.57962 12.01 0.042
2128.50461 11.994 0.037
2129.53305 12.026 0.035
2131.49583 12.006 0.037
2133.4999 12.332 0.037
2135.50553 12.722 0.039
2140.50426 11.92 0.049
2142.49557 11.986 0.04
2144.48457 12.835 0.038
2151.48188 11.974 0.041
2156.53911 12.284 0.038
2169.50312 12.011 0.042
2172.52896 11.955 0.041
2172.54016 12.023 0.037
2177.49415 11.963 0.04
2180.50706 11.982 0.038
2185.49446 12.124 0.044
2189.5005 11.942 0.045
2194.48386 12.137 0.049
2441.63871 12.906 0.034
2442.63629 12.159 0.033
2443.63037 12.093 0.032
2444.62976 12.041 0.033
2445.6161 11.961 0.037
2452.60094 12.136 0.042
2454.62486 12.013 0.045
2454.62486 12.057 0.042
2460.61812 12.255 0.028
2463.6065 12.031 0.037
2463.6065 12.075 0.031
2464.5871 11.967 0.034
2465.58847 12.009 0.038
2466.58009 12.028 0.031
2467.58276 12.031 0.03
2469.5761 12.207 0.037
2470.60361 12.984 0.036
2473.55723 12.026 0.039
2481.53313 12.007 0.044
2482.56417 12.052 0.046
2486.54349 12.072 0.054
2489.5347 11.993 0.055
2490.56696 12.533 0.04
2490.56696 12.564 0.04
2491.51903 12.005 0.04
2493.53234 12.024 0.04
2495.5128 12.08 0.043
2499.51599 12.529 0.032
2500.48949 12.058 0.037
2508.55142 12.561 0.039
2512.62866 12.635 0.052
2524.49722 12.031 0.036
2526.53991 12.119 0.039
2543.53483 12.0 0.038
2545.49382 12.073 0.031
2547.50154 12.181 0.034
2549.49934 12.181 0.033
2552.49535 11.981 0.047
2679.86134 12.291 0.034
2686.86049 12.065 0.038
2689.85152 12.988 0.049
2696.84568 12.096 0.036
2696.84568 12.111 0.043
2697.85157 12.185 0.035
2700.87211 12.906 0.036
2706.82899 12.115 0.035
2710.86671 12.335 0.038
2712.84996 12.005 0.033
2714.84687 11.996 0.031
2723.90879 12.126 0.034
2725.8275 12.024 0.036
2727.83998 12.047 0.041
2732.81834 12.046 0.036
2736.78482 12.362 0.031
2738.80882 12.882 0.039
2740.79049 12.105 0.041
2742.77947 12.102 0.045
2744.78654 12.042 0.037
2750.83712 12.219 0.038
2751.85413 12.253 0.037
2751.85413 12.297 0.035
2752.77089 11.902 0.041
2755.75357 12.118 0.03
2759.80883 12.195 0.032
2761.75064 11.738 0.034
2767.79053 12.684 0.032
2770.73845 12.054 0.024
2770.78151 12.023 0.034
2783.66221 12.353 0.033
2786.67373 12.157 0.032
2787.82195 12.183 0.034
2788.75115 12.259 0.055
2788.75336 12.197 0.035
2788.75557 12.199 0.034
2788.7578 12.182 0.038
2788.76001 12.262 0.038
2788.76222 12.207 0.039
2788.76443 12.272 0.042
2788.76664 12.371 0.055
2788.76886 12.303 0.05
2788.77107 12.275 0.04
2788.77328 12.269 0.042
2788.78212 12.449 0.056
2788.78877 12.239 0.061
2788.79098 12.3 0.048
2788.79319 12.287 0.041
2788.7954 12.243 0.05
2791.63026 12.078 0.032
2809.71132 12.01 0.031
2810.83013 12.188 0.036
2812.63353 12.24 0.032
2813.80357 12.01 0.033
2821.58933 12.325 0.03
2834.72946 12.016 0.041
2839.62777 12.0 0.032
2843.62706 12.645 0.042
2853.55369 12.194 0.031
2853.57331 12.146 0.035
2853.57331 12.174 0.033
2854.69263 12.233 0.032
2860.53559 12.131 0.037
2861.69969 11.975 0.042
2866.67064 12.212 0.034
2872.6794 12.066 0.031
2876.51887 12.03 0.033
2888.52429 12.044 0.036
2893.55563 12.199 0.037
2897.5756 12.012 0.035
2905.54282 12.025 0.031
2908.55615 12.012 0.04
2915.53266 12.041 0.036
2917.55822 12.034 0.039
2922.51438 12.172 0.04
2924.52411 12.149 0.037
2928.50476 12.018 0.038
2930.51141 12.441 0.036
2933.5 12.041 0.039
2937.49688 12.08 0.045
3053.86941 12.684 0.039
3057.89116 12.149 0.052
3062.85483 12.904 0.057
3066.88937 12.141 0.035
3070.84426 12.037 0.04
3074.83729 12.14 0.044
3080.83803 12.214 0.039
3086.86404 12.091 0.035
3089.854 12.098 0.038
3092.83988 12.315 0.043
3097.77185 11.993 0.038
3099.85023 12.139 0.041
3102.79825 12.244 0.046
3106.8597 11.983 0.045
3109.78528 12.333 0.034
3112.77792 12.072 0.036
3114.84558 12.122 0.035
3118.78726 12.028 0.065
3122.77257 12.095 0.036
3124.82555 12.09 0.044
3126.80069 12.05 0.037
3128.79599 12.037 0.041
3133.79085 12.077 0.041
3134.79668 11.996 0.042
3134.8099 12.071 0.039
3144.83567 12.18 0.038
3153.90345 12.445 0.045
3156.67897 12.125 0.037
3162.66005 12.042 0.037
3164.69792 12.006 0.036
3167.72232 12.13 0.033
3169.69731 12.507 0.036
3175.81262 12.071 0.036
3178.61927 12.185 0.049
3180.71197 12.368 0.035
3189.58676 12.129 0.042
3191.71245 12.112 0.063
3270.51378 11.997 0.039
3272.57108 12.127 0.06
3275.57548 12.129 0.046
3278.54325 12.114 0.052
3292.50223 12.263 0.055
3398.87735 12.059 0.048
3408.87819 12.147 0.046
3413.87311 12.114 0.064
3417.87058 12.163 0.043
3421.8618 12.07 0.054
3425.84911 12.232 0.047
3436.89831 12.098 0.047
3446.87906 12.856 0.036
3449.86597 12.005 0.044
3452.86073 12.048 0.039
3452.86073 12.057 0.046
3455.78289 12.022 0.048
3457.83242 12.102 0.042
3465.82196 12.273 0.04
3471.80227 12.126 0.037
3479.8539 11.999 0.047
3481.80328 12.152 0.044
3483.79545 12.199 0.046
3489.81375 11.945 0.046
3491.83977 12.003 0.051
3498.83847 11.985 0.046
3501.72745 12.211 0.046
3503.7719 12.27 0.045
3506.79937 12.197 0.04
3509.77147 12.062 0.035
3511.83561 12.025 0.041
3516.7427 12.092 0.06
3520.69108 12.528 0.049
3522.70959 12.719 0.043
3524.73164 12.194 0.052
3526.75833 12.053 0.046
3528.7549 12.011 0.044
3538.6846 12.048 0.038
3543.75852 12.133 0.062
3547.61326 12.14 0.041
3551.69242 12.766 0.046
3554.67311 12.093 0.035
3556.75962 12.07 0.051
3559.74382 12.012 0.042
3561.77431 12.031 0.04
3563.67016 12.038 0.043
3571.61288 12.116 0.041
3574.62737 11.963 0.039
3576.64529 12.083 0.04
3578.64768 12.041 0.036
3583.70992 12.193 0.041
3588.60429 12.141 0.061
3590.68922 12.136 0.039
3592.7 12.312 0.041
3599.65677 12.207 0.041
3602.50133 11.973 0.046
3604.53709 12.048 0.042
3608.51574 12.057 0.048
3617.59722 12.136 0.042
3620.50964 12.021 0.045
3626.59245 12.067 0.043
3630.56036 12.11 0.045
3632.56664 12.011 0.045
3635.54952 12.222 0.066
3639.55084 12.203 0.043
3642.55095 12.016 0.049
3646.54424 12.112 0.037
3653.52089 12.205 0.044
3658.50168 12.188 0.044
3661.49514 12.008 0.047
3664.49402 11.973 0.05
3774.87527 12.024 0.048
3791.84884 12.059 0.048
3795.8469 12.135 0.04
3803.84944 12.22 0.058
3806.86194 12.168 0.047
3809.87428 12.606 0.049
3813.81718 11.989 0.05
3818.81946 12.131 0.044
3821.83768 12.114 0.044
3824.82661 12.17 0.045
3827.82981 12.249 0.039
3830.8321 12.094 0.047
3833.8053 11.949 0.052
3836.80126 12.112 0.058
3850.88418 12.524 0.046
3853.76065 12.175 0.039
3858.75307 12.105 0.043
3860.80022 12.004 0.042
3862.73202 12.045 0.043
3864.72011 12.77 0.042
3866.7155 12.095 0.043
3871.88794 12.11 0.055
3875.71495 12.706 0.044
3877.77207 12.355 0.052
3880.80583 12.161 0.041
3883.6806 12.248 0.045
3887.69485 12.035 0.04
3891.68445 12.074 0.038
3893.68402 12.734 0.042
3901.71248 12.002 0.042
3903.72679 12.116 0.042
3905.71871 12.278 0.047
3907.73438 12.083 0.039
3909.84252 12.079 0.046
3913.79358 12.089 0.044
3981.58422 12.268 0.046
4146.87305 12.192 0.058
4146.88305 12.194 0.057
4151.88702 12.235 0.047
4152.88266 12.364 0.05
4155.88412 12.014 0.052
4156.87951 12.459 0.055
4159.86517 12.248 0.047
4160.87451 12.067 0.054
4164.85826 12.005 0.058
4167.83772 11.809 0.054
4173.88961 12.128 0.046
4174.85435 11.949 0.044
4176.88622 11.905 0.067
4177.87788 11.963 0.044
4179.8712 10.672 0.052
4185.8656 11.965 0.059
4189.80042 12.344 0.046
4193.8602 12.517 0.059
4202.81546 12.255 0.052
4204.84099 12.199 0.046
4208.79886 11.983 0.062
4213.89049 12.116 0.053
4216.89386 12.086 0.048
4227.79394 12.084 0.054
4231.79382 12.121 0.044
4233.8008 12.061 0.056
4235.8366 12.078 0.044
4247.66971 12.123 0.046
4254.7228 12.058 0.052
4256.87025 12.149 0.046
4259.6474 12.123 0.059
4268.59548 12.163 0.047
4273.79473 12.004 0.042
4283.76155 11.892 0.063
4285.75113 12.013 0.05
4291.74298 12.0 0.041
4293.72729 12.11 0.039
4295.73709 11.979 0.042
4297.72764 12.487 0.066
4299.70125 12.067 0.04
4301.65804 12.124 0.05
4303.65885 11.996 0.041
4309.56966 11.96 0.047
4311.60351 11.998 0.043
4316.65001 12.326 0.039
4330.56209 11.996 0.04
4336.5419 12.131 0.051
4339.6374 12.199 0.045
4341.63773 12.041 0.048
4343.63461 12.157 0.05
4345.63609 12.352 0.052
4350.50158 12.076 0.044
4352.52456 12.165 0.037
4357.53408 11.999 0.044
4364.50506 12.29 0.045
4368.52305 11.954 0.051
4372.56869 11.93 0.059
4376.51153 12.106 0.045
4378.53435 11.896 0.051
4381.5122 12.244 0.052
4384.50794 12.243 0.051
4503.87956 13.052 0.054
4507.87386 12.022 0.053
4511.87101 12.149 0.043
4511.88005 12.008 0.044
4518.83867 12.127 0.056
4518.88044 12.025 0.055
4521.87633 12.004 0.043
4528.85278 12.059 0.043
4529.86386 11.951 0.041
4532.84955 12.533 0.067
4536.86421 12.182 0.037
4543.84031 12.947 0.055
4546.84015 12.031 0.052
4555.89077 12.343 0.046
4558.82519 12.049 0.04
4561.81665 12.288 0.046
4562.83816 12.146 0.042
4564.80818 12.132 0.041
4565.82556 12.076 0.043
4570.78905 12.287 0.041
4572.82295 12.694 0.049
4574.79269 12.17 0.049
