1937.8789 13.083 0.041
1940.87231 12.829 0.037
1947.85481 13.42 0.044
1949.87042 13.131 0.042
1955.85335 12.968 0.037
1961.85959 12.955 0.041
1963.8443 13.539 0.04
1965.83774 13.844 0.039
1967.83732 12.752 0.041
1979.79442 13.221 0.051
2025.7261 13.313 0.039
2026.75884 12.895 0.038
2027.75139 13.352 0.04
2030.73694 13.465 0.037
2031.7517 13.043 0.039
2032.7366 12.781 0.036
2033.72629 13.209 0.035
2033.72629 13.269 0.035
2037.69698 13.07 0.049
2040.8285 13.76 0.043
2052.6918 13.045 0.044
2053.71451 12.793 0.039
2054.70386 13.203 0.045
2055.68342 13.495 0.043
2056.68688 12.638 0.041
2057.68493 13.305 0.04
2058.67959 13.197 0.04
2061.68297 13.122 0.043
2068.71349 13.13 0.039
2070.64939 13.088 0.039
2080.56058 13.068 0.04
2081.62884 13.291 0.041
2082.6468 13.01 0.038
2083.63105 12.72 0.05
2085.62181 13.247 0.039
2086.6255 12.562 0.038
2087.62083 13.419 0.046
2088.61961 12.995 0.039
2102.5699 13.109 0.04
2103.59191 13.046 0.04
2104.58952 12.788 0.041
2105.58637 13.214 0.037
2106.58833 12.865 0.038
2109.58107 13.068 0.038
2115.54797 12.936 0.038
2116.55819 13.257 0.037
2117.55479 13.468 0.039
2124.52774 12.928 0.043
2125.54643 13.369 0.043
2128.52762 13.291 0.038
2129.53776 13.09 0.037
2131.50286 13.279 0.036
2133.50923 12.79 0.039
2135.51253 13.002 0.039
2140.49956 13.495 0.053
2142.50261 12.712 0.036
2144.494 13.274 0.04
2151.4772 12.82 0.053
2168.5601 13.298 0.043
2172.49972 12.971 0.041
2177.48343 13.633 0.056
2184.5422 13.315 0.046
2188.54619 13.725 0.042
2192.50528 13.469 0.045
2197.48779 13.731 0.044
2205.49574 12.971 0.043
2441.64759 13.698 0.035
2444.63857 13.33 0.032
2445.61818 13.078 0.034
2452.60756 13.442 0.048
2460.62735 13.169 0.029
2463.61786 13.2 0.046
2467.59408 13.824 0.037
2468.58872 13.467 0.031
2469.58744 13.342 0.048
2486.55044 13.582 0.049
2489.54162 13.876 0.047
2490.57401 13.296 0.048
2493.53929 13.179 0.039
2495.55094 13.492 0.039
2499.52757 12.88 0.037
2510.50156 13.422 0.058
2511.57584 12.957 0.065
2519.64068 13.333 0.034
2544.48861 12.786 0.037
2545.54519 13.308 0.031
2547.53224 12.831 0.034
2549.5253 13.174 0.031
2561.51529 13.166 0.04
2563.51302 13.852 0.04
2565.50302 12.786 0.036
2664.87338 14.45 0.047
2673.87559 13.46 0.041
2681.862 12.743 0.038
2684.86121 12.911 0.04
2685.86873 13.605 0.042
2690.84714 13.219 0.054
2697.8489 13.518 0.036
2700.86944 13.177 0.038
2706.82624 13.43 0.032
2710.86397 12.982 0.04
2714.84412 13.234 0.039
2723.91586 12.847 0.037
2725.83622 13.142 0.034
2727.84169 13.356 0.04
2729.82318 13.501 0.036
2732.83442 13.233 0.043
2734.78768 13.005 0.045
2736.78882 13.373 0.031
2738.81057 13.36 0.033
2740.80136 12.953 0.031
2742.77668 14.179 0.051
2744.79595 13.744 0.043
2751.86773 13.227 0.046
2754.77705 13.747 0.031
2755.93216 13.411 0.036
2757.7796 13.319 0.032
2759.822 13.366 0.031
2761.76392 13.166 0.037
2768.78651 13.551 0.039
2770.79462 13.139 0.062
2775.79778 14.45 0.052
2782.81622 12.874 0.035
2784.71808 13.388 0.035
2786.65741 13.448 0.032
2786.65741 13.785 0.032
2787.8002 13.369 0.033
2791.646 13.135 0.032
2795.74138 13.305 0.046
2809.72259 12.69 0.029
2810.83222 13.499 0.035
2812.63791 13.642 0.036
2813.82256 13.707 0.041
2820.68556 13.161 0.032
2836.57915 13.553 0.037
2841.64043 13.183 0.035
2843.61072 13.674 0.039
2851.55977 13.677 0.034
2853.71459 13.241 0.042
2855.60197 13.849 0.043
2860.54583 13.681 0.043
2861.70447 13.075 0.043
2866.51743 13.59 0.034
2874.70227 13.011 0.038
2876.62767 13.292 0.032
2878.62012 13.621 0.049
2883.54243 12.946 0.05
2888.49216 13.063 0.036
2892.49291 12.575 0.037
2893.62026 13.859 0.041
2895.60723 13.105 0.035
2905.56207 13.503 0.031
2908.58058 13.271 0.032
2910.57589 12.864 0.033
2915.49836 12.892 0.044
2917.53003 13.576 0.043
2921.5312 13.5 0.048
2923.53421 13.283 0.055
2926.5394 13.323 0.037
2926.5394 13.353 0.037
2928.54269 12.703 0.042
2931.50489 12.634 0.032
2933.51222 13.096 0.035
2935.51352 13.554 0.036
3053.86651 13.288 0.043
3057.88554 13.302 0.037
3061.89885 13.102 0.042
3066.87839 13.663 0.038
3073.84172 13.272 0.043
3080.82993 13.785 0.042
3086.8713 13.144 0.037
3089.85876 13.465 0.043
3092.84185 14.252 0.048
3096.88531 13.446 0.038
3099.804 13.227 0.043
3102.80303 13.422 0.05
3106.86688 13.635 0.051
3109.80298 13.055 0.037
3112.78766 12.951 0.036
3115.77548 13.017 0.032
3118.86043 12.987 0.038
3122.78941 13.111 0.037
3124.84047 12.958 0.034
3126.81853 13.185 0.048
3128.80301 14.464 0.045
3133.79552 13.083 0.045
3134.80681 13.863 0.05
3134.81947 13.514 0.052
3144.84036 13.289 0.033
3152.85993 13.856 0.045
3154.66113 13.445 0.034
3162.66766 12.997 0.039
3166.9052 13.408 0.059
3169.63669 13.303 0.034
3171.82952 14.209 0.064
3175.80715 12.725 0.036
3178.62687 13.357 0.038
3180.72185 12.949 0.038
3183.71364 13.046 0.037
3191.72273 13.41 0.049
3292.53107 13.357 0.059
3298.4984 13.35 0.037
3403.87921 12.99 0.049
3408.87546 12.896 0.049
3417.85955 13.413 0.048
3421.8563 12.802 0.049
3424.88804 13.218 0.052
3427.8682 13.017 0.049
3430.86848 13.085 0.037
3436.88702 12.87 0.046
3442.89845 13.082 0.036
3445.87573 13.115 0.035
3457.8344 12.93 0.045
3463.79368 12.535 0.043
3466.81848 12.96 0.039
3469.808 12.697 0.039
3472.79528 12.895 0.037
3477.8468 12.969 0.041
3480.76745 13.017 0.046
3482.81256 13.599 0.066
3484.85905 12.957 0.055
3489.82424 13.501 0.062
3491.85334 13.57 0.044
3501.72951 13.128 0.051
3503.78343 13.305 0.043
3509.78878 13.427 0.033
3512.67163 13.496 0.039
3520.69918 13.193 0.044
3522.72691 13.525 0.039
3524.75367 13.119 0.06
3526.77702 12.76 0.06
3528.8195 13.195 0.041
3537.69947 13.121 0.048
3544.67194 13.367 0.044
3547.7426 12.943 0.038
3551.72998 13.285 0.047
3554.70912 13.553 0.032
3556.76994 12.558 0.035
3562.56661 13.5 0.038
3564.60747 12.845 0.031
3571.59703 13.893 0.042
3573.77427 13.312 0.049
3576.55126 12.709 0.029
3578.58311 13.299 0.032
3583.55707 13.294 0.038
3585.6098 12.9 0.046
3587.6213 13.582 0.03
3589.63207 13.285 0.035
3591.69887 13.137 0.04
3594.51331 13.092 0.037
3599.59117 13.912 0.041
3601.63241 13.167 0.04
3603.64032 12.703 0.038
3606.63932 12.893 0.037
3616.49436 13.431 0.039
3618.59848 13.273 0.045
3620.59862 13.408 0.036
3626.50981 13.058 0.036
3629.59434 13.862 0.045
3631.59199 13.353 0.047
3634.50002 13.414 0.044
3637.58548 13.138 0.041
3641.53438 13.358 0.037
3643.57458 13.261 0.034
3647.53443 13.326 0.034
3653.49801 12.901 0.04
3655.53603 13.03 0.04
3660.54735 13.073 0.054
3671.49548 12.843 0.043
3674.49933 12.813 0.039
3773.8839 13.113 0.056
3791.85403 13.552 0.05
3795.85428 13.606 0.038
3799.84513 12.832 0.043
3813.83562 13.435 0.05
3818.81368 13.323 0.051
3821.84591 13.442 0.044
3824.83911 13.248 0.051
3827.83172 13.477 0.04
3836.80935 12.856 0.062
3849.82444 13.729 0.036
3852.76157 13.216 0.043
3855.75418 13.155 0.058
3858.75513 13.167 0.042
3860.80222 13.79 0.044
3862.7349 13.103 0.041
3864.73161 13.066 0.044
3866.7234 13.7 0.045
3866.7234 13.763 0.045
3868.76453 13.007 0.048
3881.73832 13.124 0.041
3886.72818 13.465 0.035
3890.71881 13.588 0.042
3892.71028 13.781 0.038
3894.71153 12.831 0.037
3901.71479 13.35 0.042
3903.72917 12.919 0.038
3905.72111 12.876 0.047
3907.73664 13.435 0.038
3909.84482 13.145 0.041
3913.80468 12.541 0.036
3981.57304 12.744 0.041
4155.87395 13.483 0.041
4159.85322 12.682 0.039
4162.88945 13.018 0.063
4173.87932 14.425 0.045
4176.86679 13.612 0.051
4183.86474 12.89 0.053
4190.8353 13.62 0.04
4202.81819 13.714 0.045
4204.8477 12.953 0.043
4208.80565 13.389 0.056
4212.84515 13.399 0.061
4215.82919 13.609 0.046
4229.80244 13.704 0.038
4231.80156 12.846 0.038
4238.71654 14.158 0.05
4254.72808 13.191 0.044
4259.66108 13.325 0.062
4266.69939 13.121 0.055
4273.81887 12.918 0.042
4282.65247 14.348 0.066
4284.65674 12.765 0.05
4290.64931 12.713 0.04
4292.62127 13.228 0.036
4296.62327 12.757 0.042
4298.6279 13.336 0.05
4300.59534 13.154 0.047
4302.64114 12.754 0.039
4304.5815 13.345 0.04
4309.57547 13.104 0.052
4316.67327 13.343 0.042
4319.65996 13.22 0.035
4329.51785 13.973 0.06
4331.52011 12.925 0.037
4337.49925 12.803 0.046
4339.67532 14.563 0.046
4341.67162 13.011 0.047
4346.50297 12.895 0.037
4348.52904 13.435 0.036
4350.53508 13.266 0.044
4352.55269 13.022 0.04
4355.55612 13.075 0.038
4357.56792 13.375 0.038
4359.54337 14.492 0.047
4364.48457 12.831 0.037
4367.58736 13.237 0.051
4372.5301 13.433 0.051
4375.55509 13.303 0.037
4377.56214 13.657 0.036
4379.56776 12.972 0.042
4385.51226 12.95 0.036
4393.53127 13.486 0.053
4400.50142 13.421 0.055
4493.88017 14.711 0.055
4517.89034 15.264 0.053
4521.85451 13.517 0.044
4528.84622 12.674 0.042
4536.85422 13.099 0.035
4539.85954 13.536 0.068
4543.82597 13.079 0.05
4546.83637 13.195 0.054
4555.89884 13.082 0.05
4558.83369 12.874 0.039
4561.81971 12.987 0.04
4564.81112 13.325 0.039
4570.79526 14.138 0.038
4574.79795 13.727 0.045
