1932.87622 12.378 0.041
1935.87131 12.531 0.038
1938.85618 12.641 0.037
1946.88504 13.347 0.039
1949.84577 13.383 0.045
1949.8844 13.072 0.044
1953.84587 13.332 0.047
1953.85967 13.49 0.042
1954.86439 13.375 0.053
1955.85557 13.487 0.04
1961.86849 13.846 0.04
1964.81406 13.835 0.039
1983.90797 13.312 0.068
2025.74536 14.643 0.035
2052.70843 14.125 0.062
2055.67329 13.846 0.062
2056.67452 14.088 0.068
2056.70131 14.067 0.066
2057.70167 13.839 0.068
2058.66945 13.843 0.04
2067.63664 13.397 0.071
2068.63725 13.294 0.065
2068.66203 13.14 0.074
2069.64661 13.052 0.066
2069.67132 13.016 0.057
2070.63919 12.959 0.06
2070.6653 13.153 0.06
2071.67174 12.855 0.066
2080.53436 11.714 0.075
2080.57528 11.698 0.055
2081.61864 11.517 0.048
2081.64349 11.614 0.041
2082.63432 11.479 0.059
2082.66378 11.453 0.044
2083.64568 11.287 0.068
2085.60718 11.191 0.04
2085.63646 11.162 0.034
2086.61082 10.996 0.056
2086.64024 11.109 0.036
2087.60617 10.986 0.066
2087.61244 11.089 0.059
2087.63331 10.982 0.051
2088.60494 10.914 0.061
2088.63208 10.937 0.043
2093.54061 10.734 0.051
2093.55824 10.772 0.058
2094.57285 10.748 0.066
2096.58212 10.731 0.066
2096.60267 10.785 0.073
2102.56172 10.65 0.048
2102.5871 10.629 0.046
2103.57949 10.586 0.055
2103.60462 10.646 0.045
2104.59037 10.658 0.041
2104.60914 10.657 0.05
2105.57181 10.703 0.054
2105.60029 10.693 0.051
2106.5892 10.651 0.044
2106.60345 10.641 0.042
2109.582 10.667 0.042
2109.59619 10.656 0.04
2115.54452 10.663 0.04
2116.55253 10.652 0.035
2116.57341 10.61 0.044
2117.5514 10.689 0.034
2124.54386 10.754 0.057
2125.54772 10.753 0.05
2128.52004 10.767 0.055
2128.52898 10.804 0.042
2129.55114 10.826 0.043
2129.55291 10.793 0.053
2130.56263 10.873 0.057
2131.49057 10.824 0.064
2131.54387 10.783 0.051
2132.55428 10.909 0.061
2133.54841 10.962 0.05
2134.55574 10.888 0.048
2135.5163 10.939 0.044
2136.54708 10.964 0.049
2140.50585 10.955 0.057
2142.50436 11.085 0.055
2144.49581 11.1 0.053
2151.47929 11.331 0.062
2156.4898 11.491 0.052
2156.50951 11.536 0.05
2164.50247 11.845 0.036
2168.5383 12.01 0.056
2171.52018 12.2 0.049
2172.49532 12.241 0.047
2178.53753 12.486 0.047
2179.52167 12.537 0.042
2180.53535 12.611 0.053
2183.51951 12.817 0.043
2184.54717 12.855 0.058
2187.48535 12.94 0.045
2190.52352 13.199 0.049
2193.51489 13.495 0.058
2196.53553 13.514 0.047
2199.5083 13.717 0.052
2203.49384 13.655 0.059
2203.50261 13.567 0.055
2205.51554 13.827 0.05
2445.63507 14.21 0.029
2519.57841 13.322 0.058
2520.56468 13.288 0.032
2520.57449 13.45 0.032
2521.58415 13.325 0.036
2524.56703 12.998 0.042
2524.57458 12.931 0.044
2526.6024 12.869 0.032
2526.61221 12.805 0.028
2535.56097 11.466 0.034
2535.56396 11.536 0.035
2540.61907 11.023 0.032
2540.62204 11.032 0.031
2545.48271 10.742 0.036
2546.55367 10.822 0.041
2547.49062 10.704 0.039
2548.5449 10.739 0.032
2552.48933 10.616 0.063
2552.56839 10.688 0.053
2553.60615 10.677 0.035
2558.51953 10.606 0.034
2558.53071 10.622 0.039
2559.53528 10.673 0.034
2559.54394 10.593 0.035
2560.54703 10.748 0.055
2560.55841 10.612 0.045
2561.55782 10.645 0.032
2562.57224 10.592 0.04
2563.5373 10.583 0.03
2563.58855 10.56 0.034
2565.51977 10.598 0.033
2566.53854 10.615 0.036
2566.56051 10.639 0.031
2568.58737 10.665 0.045
2578.5097 10.665 0.038
2578.53574 10.733 0.036
2579.54203 10.783 0.035
2703.84887 14.543 0.03
2736.76141 14.098 0.027
2740.78262 14.018 0.027
2740.80938 14.346 0.023
2750.8662 13.38 0.034
2751.71411 13.184 0.028
2752.75815 13.284 0.035
2754.79541 12.75 0.032
2755.73853 12.742 0.031
2756.75743 12.48 0.028
2757.74225 12.226 0.036
2757.84434 12.275 0.034
2759.79834 11.999 0.027
2759.86147 11.925 0.032
2761.74702 11.737 0.044
2761.78767 11.793 0.038
2763.77065 11.573 0.031
2766.81908 11.293 0.037
2775.79912 10.865 0.038
2782.75383 10.9 0.031
2782.77762 10.913 0.031
2784.69876 10.909 0.027
2784.73495 10.958 0.027
2786.63602 10.913 0.031
2786.67982 11.008 0.037
2787.78997 10.989 0.029
2787.82495 11.019 0.035
2790.91073 10.989 0.033
2805.83552 11.123 0.041
2805.84304 11.154 0.037
2809.74006 11.159 0.039
2809.74243 11.146 0.03
2810.84573 11.132 0.03
2812.62534 11.127 0.035
2812.64137 11.184 0.029
2813.79539 11.169 0.038
2813.83135 11.217 0.032
2820.85954 11.287 0.03
2821.56845 11.32 0.035
2826.61554 11.475 0.028
2829.59551 11.617 0.044
2830.72342 11.66 0.045
2830.72788 11.652 0.037
2832.58317 11.666 0.031
2832.60409 11.725 0.033
2833.70341 11.775 0.034
2833.71967 11.814 0.033
2836.59431 11.92 0.03
2838.5885 11.994 0.027
2840.64481 12.123 0.031
2840.83495 12.259 0.033
2842.61977 12.223 0.036
2845.63222 12.301 0.028
2845.78027 12.406 0.026
2851.73132 12.704 0.025
2853.7008 12.825 0.029
2854.53122 12.852 0.025
2854.54778 12.852 0.033
2857.79441 13.288 0.036
2858.56255 13.325 0.028
2859.56476 13.24 0.025
2859.63934 13.415 0.031
2860.68708 13.268 0.032
2860.7201 13.423 0.032
2862.60834 13.113 0.035
2862.61241 13.369 0.032
2867.69811 13.627 0.027
2874.70947 13.954 0.031
2874.74216 13.921 0.034
2876.64417 14.017 0.031
2878.63939 13.862 0.034
2888.56205 13.994 0.032
3032.87368 10.809 0.039
3036.8631 10.782 0.031
3043.82839 10.964 0.039
3054.88222 11.464 0.026
3060.8541 11.732 0.028
3064.84381 12.017 0.029
3066.89115 12.088 0.025
3070.84599 12.372 0.031
3071.86576 12.398 0.029
3074.83884 12.546 0.032
3074.87663 12.561 0.027
3077.85806 12.793 0.03
3080.86843 12.884 0.026
3080.8805 12.915 0.029
3086.88313 13.252 0.028
3088.84268 13.114 0.028
3090.8235 13.522 0.028
3091.82684 13.684 0.029
3093.87886 13.439 0.028
3096.87982 13.722 0.028
3105.82744 13.928 0.027
3219.49885 11.521 0.034
3273.64269 11.184 0.042
3278.63157 11.367 0.047
3430.85231 13.724 0.059
3442.87557 12.871 0.033
3443.85716 12.715 0.059
3445.85606 12.402 0.039
3446.86733 12.221 0.031
3449.86725 11.81 0.065
3452.81464 11.406 0.052
3452.81464 11.431 0.047
3453.7948 11.481 0.063
3454.90091 11.258 0.047
3455.83528 11.225 0.049
3457.78134 11.037 0.051
3458.85383 10.936 0.038
3459.83629 10.87 0.03
3462.83041 10.68 0.035
3462.84662 10.677 0.036
3465.8073 10.626 0.037
3465.84795 10.642 0.041
3468.79388 10.539 0.041
3468.83589 10.563 0.042
3471.776 10.538 0.03
3471.82629 10.597 0.034
3474.82823 10.645 0.039
3477.76714 10.608 0.038
3477.81859 10.661 0.043
3479.8274 10.718 0.088
3480.79416 10.76 0.053
3481.79862 10.718 0.036
3483.78368 10.749 0.04
3487.81005 10.811 0.05
3490.79776 10.91 0.037
3490.82879 10.93 0.05
3492.79986 11.016 0.05
3492.84069 11.057 0.038
3496.78458 11.136 0.033
3496.82009 11.158 0.032
3499.86151 11.28 0.038
3500.75673 11.305 0.034
3502.70779 11.419 0.059
3502.83753 11.491 0.041
3504.79896 11.563 0.071
3508.75808 11.679 0.03
3508.85206 11.74 0.034
3510.80996 11.769 0.031
3511.72242 11.882 0.031
3512.68512 12.003 0.041
3515.76683 12.142 0.035
3516.68933 12.268 0.041
3517.76709 12.27 0.037
3521.73029 12.593 0.042
3521.82474 12.726 0.04
3523.76691 12.801 0.059
3524.64576 12.804 0.042
3526.69675 12.919 0.046
3528.723 12.9 0.085
3530.66766 13.12 0.032
3530.723 13.214 0.037
3538.67311 13.378 0.036
3538.70738 13.55 0.032
3540.67015 13.784 0.035
3540.70293 13.501 0.042
3544.7932 13.971 0.033
3547.84689 13.47 0.05
3554.77074 14.147 0.035
3564.65255 14.369 0.031
3569.69389 14.434 0.032
3574.70668 13.985 0.03
3637.61131 14.462 0.037
3643.61 14.337 0.034
3652.51641 14.026 0.044
3656.57064 13.78 0.039
3658.53717 13.473 0.041
3659.54197 13.89 0.035
3661.51676 13.382 0.039
3663.52624 13.106 0.04
3663.56849 13.136 0.045
3666.53845 12.794 0.036
3666.56372 12.778 0.04
3670.50051 12.385 0.03
3670.5141 12.316 0.029
3673.50781 12.019 0.033
3673.52184 11.999 0.035
3676.50495 11.698 0.037
3676.51984 11.713 0.038
3679.5073 11.525 0.055
3755.87087 12.558 0.041
3772.87326 13.394 0.058
3774.87783 13.706 0.051
3789.86864 13.833 0.052
3793.85005 13.979 0.065
3796.83116 13.943 0.032
3797.84496 14.294 0.052
3806.84732 14.404 0.061
3823.89473 14.519 0.052
3853.8525 14.194 0.043
3856.77534 14.363 0.04
3861.76554 14.05 0.039
3863.80324 14.024 0.05
3867.77967 13.92 0.035
3871.79736 13.807 0.048
3874.88749 13.544 0.03
3877.72859 13.426 0.034
3880.78958 13.271 0.032
3881.72908 12.999 0.034
3883.7134 12.956 0.037
3886.73041 12.827 0.035
3887.72873 12.655 0.035
3890.71239 12.449 0.038
3890.71239 12.473 0.038
3892.70314 12.262 0.041
3893.7156 12.261 0.032
3894.69184 12.097 0.033
3896.72259 12.084 0.038
3898.75454 11.941 0.034
3899.79939 11.847 0.052
3900.82067 11.815 0.045
3901.85764 11.788 0.036
3902.80952 11.723 0.049
3903.89389 11.669 0.053
3904.82408 11.556 0.036
3906.60605 11.462 0.042
3906.86373 11.553 0.037
3908.66161 11.364 0.054
3909.69996 11.333 0.034
3913.70283 11.121 0.037
4136.87525 12.247 0.043
4151.88984 11.239 0.038
4155.88683 11.081 0.075
4159.86848 11.14 0.044
4167.84452 11.025 0.064
4174.83831 11.088 0.039
4177.86699 11.124 0.052
4180.877 11.169 0.053
4183.86956 11.163 0.048
4187.87958 11.332 0.039
4190.86882 11.382 0.041
4193.83724 11.406 0.044
4199.79846 11.534 0.052
4203.83338 11.783 0.043
4207.82336 12.109 0.052
4213.85656 12.377 0.038
4216.855 12.456 0.041
4227.80688 13.296 0.038
4229.81685 13.371 0.035
4231.81939 13.501 0.035
4258.77114 14.511 0.046
4269.72199 14.066 0.034
4299.70399 14.935 0.04
4332.54559 14.532 0.042
4340.6504 14.136 0.052
4342.64312 13.878 0.055
4344.61286 13.591 0.04
4344.64348 13.977 0.037
4346.61249 13.605 0.038
4348.61568 13.401 0.039
4348.64764 13.516 0.034
4350.61955 13.378 0.037
4350.65769 13.274 0.038
4353.51249 13.198 0.033
4353.52226 13.165 0.033
4355.60374 12.258 0.036
4355.61197 12.907 0.029
4357.60772 12.73 0.037
4357.61609 12.853 0.035
4359.57621 12.645 0.031
4359.59047 12.652 0.032
4361.54663 12.44 0.035
4361.56803 12.503 0.037
4363.5506 12.345 0.033
4363.56628 12.372 0.032
4365.57399 12.258 0.034
4365.58238 12.271 0.031
4368.61747 12.094 0.04
4368.62461 12.19 0.039
4371.51541 12.123 0.041
4372.63494 11.888 0.052
4373.5467 11.978 0.044
4375.63201 11.821 0.043
4378.51036 11.767 0.041
4378.57375 11.824 0.04
4380.56635 11.764 0.044
4381.52999 11.664 0.047
4382.61615 11.625 0.036
4384.5202 11.58 0.033
4385.52356 11.757 0.032
4386.55486 11.496 0.034
4387.52598 11.483 0.032
4388.53872 11.481 0.037
4389.52457 11.432 0.044
4392.54259 11.428 0.041
4393.54508 11.443 0.05
4402.53714 11.459 0.038
4407.54561 11.48 0.034
4411.53213 11.502 0.039
4536.86653 14.65 0.04
4546.84972 14.309 0.067
4559.8571 13.47 0.036
4562.85175 13.743 0.037
4565.84331 13.396 0.033
4568.83291 13.046 0.041
4571.78852 13.221 0.039
4573.86281 12.959 0.044
