1949.88887 11.91 0.042
1953.88266 11.96 0.037
1954.89463 11.948 0.049
1962.8727 11.9 0.049
1981.8314 11.954 0.053
1982.83483 11.965 0.07
2117.5639 11.884 0.029
2169.51521 11.972 0.032
2173.48184 11.983 0.034
2177.49717 12.193 0.037
2180.51715 11.94 0.038
2185.51417 12.242 0.034
2185.51417 12.325 0.034
2191.48589 11.881 0.034
2443.65235 12.061 0.02
2445.64731 11.998 0.025
2452.62767 12.087 0.04
2470.55049 12.214 0.034
2473.56849 11.882 0.037
2508.6259 11.984 0.052
2510.60884 12.061 0.026
2519.5494 12.078 0.049
2520.55303 12.732 0.023
2521.56244 11.991 0.026
2524.55563 12.071 0.033
2535.52386 11.935 0.025
2544.55671 11.983 0.034
2546.52985 11.989 0.025
2548.5211 11.969 0.022
2684.8874 11.944 0.035
2685.89234 12.025 0.041
2688.88765 12.014 0.04
2690.88837 11.947 0.048
2690.88837 11.956 0.051
2700.87848 11.856 0.033
2704.8601 11.943 0.025
2707.86768 11.971 0.054
2710.85696 12.301 0.03
2713.84468 12.024 0.023
2717.86894 11.97 0.037
2720.83954 12.138 0.034
2723.88424 11.914 0.026
2725.85761 12.01 0.03
2726.86504 12.139 0.035
2728.87167 12.035 0.033
2729.84568 11.969 0.026
2736.82363 11.947 0.038
2738.82734 11.937 0.027
2740.83808 11.913 0.033
2742.81113 12.04 0.038
2750.85478 11.91 0.034
2751.76525 11.903 0.037
2752.79585 12.062 0.025
2755.77558 11.915 0.021
2757.7885 11.906 0.024
2759.83319 12.059 0.025
2761.78639 12.633 0.026
2768.82546 12.004 0.027
2770.80794 11.924 0.028
2775.80899 11.884 0.041
2782.75923 11.923 0.033
2784.72696 11.866 0.025
2786.68995 11.961 0.024
2787.85229 11.959 0.028
2791.67416 11.889 0.024
2805.82208 11.935 0.049
2809.73156 11.905 0.025
2811.68084 12.23 0.02
2812.82553 11.943 0.031
2816.81275 11.885 0.024
2820.59709 11.918 0.02
2826.65143 11.944 0.033
2830.6006 12.473 0.027
2832.6325 11.959 0.029
2833.74335 12.014 0.037
2838.61374 11.909 0.025
2840.67577 11.874 0.025
2845.66785 12.667 0.021
2851.61233 11.882 0.028
2860.55764 11.915 0.029
2862.54594 12.014 0.03
2866.5465 11.953 0.026
2868.57477 11.845 0.023
2872.57443 11.94 0.022
2875.60797 11.878 0.023
2877.59866 11.967 0.023
2879.5993 12.469 0.022
2884.58538 11.924 0.025
2892.54624 11.9 0.032
2894.54283 11.899 0.029
2896.56612 12.472 0.024
2898.55668 11.946 0.025
2900.54867 11.892 0.026
2904.53826 11.999 0.031
2906.53659 11.928 0.024
2909.53537 11.931 0.028
2911.51674 11.908 0.026
2915.51704 12.149 0.03
2923.50174 11.947 0.03
2926.50964 11.92 0.037
2929.4995 12.506 0.027
2933.49624 12.004 0.032
3063.897 12.047 0.052
3068.89864 11.932 0.054
3072.89015 11.999 0.038
3076.88234 11.894 0.038
3079.89585 11.995 0.048
3091.8486 11.93 0.041
3096.89553 11.988 0.029
3099.84692 11.959 0.04
3102.86271 12.289 0.046
3105.88359 12.056 0.032
3108.82856 11.996 0.045
3111.81495 12.064 0.034
3114.80572 11.961 0.045
3116.87117 11.949 0.027
3122.80204 11.993 0.033
3124.85614 11.931 0.026
3131.76724 12.278 0.053
3141.83809 11.906 0.049
3144.86107 11.78 0.034
3153.74738 12.134 0.028
3156.70665 11.984 0.057
3160.73559 12.098 0.058
3163.74412 12.011 0.029
3165.76751 11.957 0.043
3168.78314 11.927 0.028
3171.72943 12.414 0.03
3175.72505 11.858 0.032
3178.64274 11.966 0.044
3180.73524 11.876 0.033
3183.72421 11.958 0.03
3185.68387 12.009 0.033
3190.71499 11.921 0.039
3273.56711 11.844 0.054
3276.53529 12.083 0.063
3279.5008 11.947 0.034
3282.53863 11.846 0.057
3294.50617 12.024 0.027
3416.89073 11.865 0.043
3427.87329 12.052 0.039
3431.87765 11.918 0.04
3434.88616 11.894 0.047
3444.85216 12.063 0.064
3447.88045 11.989 0.039
3450.88475 11.857 0.042
3453.84849 12.02 0.039
3456.87489 11.832 0.043
3459.83921 11.83 0.047
3462.85512 12.573 0.035
3465.84523 11.933 0.032
3468.85296 11.901 0.03
3471.85362 11.954 0.033
3474.83252 11.874 0.048
3477.81604 11.937 0.033
3480.80829 12.439 0.034
3482.84721 11.867 0.074
3489.79616 11.874 0.035
3491.81739 11.901 0.037
3497.8197 11.89 0.06
3501.73445 11.958 0.051
3503.79353 11.946 0.029
3509.79205 11.899 0.028
3512.69181 11.984 0.034
3516.7318 11.815 0.075
3520.71079 11.926 0.042
3522.73837 11.948 0.039
3524.77013 11.956 0.046
3537.75065 12.083 0.039
3550.7026 11.938 0.036
3552.74367 11.956 0.06
3553.59828 12.088 0.058
3553.60066 11.922 0.035
3553.60633 11.985 0.033
3553.60888 11.929 0.032
3553.61465 11.935 0.033
3553.61808 11.916 0.037
3553.62045 11.958 0.046
3553.62798 11.906 0.035
3553.6305 11.885 0.033
3553.63301 11.957 0.045
3553.6401 11.958 0.034
3553.64603 11.872 0.035
3553.65968 11.965 0.035
3553.67605 11.939 0.036
3553.69146 11.914 0.037
3553.72176 11.98 0.033
3553.77036 11.94 0.035
3555.73808 11.966 0.041
3559.60632 11.947 0.032
3561.62693 11.74 0.043
3563.6281 11.961 0.03
3570.61477 11.949 0.035
3573.6632 11.974 0.035
3575.68105 11.963 0.031
3577.70083 12.039 0.058
3583.61932 11.964 0.04
3585.67889 11.957 0.044
3587.67906 11.957 0.035
3590.54539 11.943 0.032
3592.55365 11.984 0.033
3599.63931 11.994 0.039
3602.50695 11.853 0.042
3604.54009 11.888 0.049
3608.51882 11.92 0.033
3616.56962 11.954 0.035
3619.52656 11.91 0.043
3621.56868 11.913 0.045
3626.54499 11.912 0.031
3630.53204 12.118 0.043
3632.53679 12.359 0.052
3635.51638 11.846 0.051
3639.5191 11.993 0.03
3642.52731 12.005 0.044
3646.52224 11.915 0.03
3649.49723 12.271 0.031
3652.50392 11.903 0.04
3656.50537 11.98 0.037
3659.50248 11.872 0.044
3662.49305 11.893 0.055
3790.88292 11.999 0.041
3794.89217 12.028 0.039
3798.87793 11.956 0.042
3803.89556 11.962 0.045
3807.89815 11.987 0.036
3811.88434 11.944 0.047
3815.84467 11.915 0.043
3818.87817 12.037 0.042
3822.84971 12.685 0.037
3825.87043 11.891 0.062
3828.85837 11.865 0.039
3831.8607 11.971 0.039
3834.81561 11.856 0.046
3837.83353 11.957 0.039
3847.90953 12.044 0.051
3850.79495 11.819 0.039
3852.83113 11.912 0.045
3855.79155 12.597 0.063
3858.77985 11.881 0.033
3860.85215 11.907 0.04
3862.8049 11.877 0.032
3864.75586 11.971 0.033
3866.76482 11.861 0.036
3868.77003 11.936 0.046
3871.78966 12.094 0.036
3874.88192 11.919 0.034
3877.7347 11.946 0.033
3880.79313 11.987 0.034
3883.71095 11.886 0.03
3887.72052 11.936 0.039
3891.72777 11.963 0.032
3893.70804 11.894 0.03
3896.70473 12.192 0.043
3898.74356 11.903 0.044
3900.81217 11.852 0.05
3902.79388 11.907 0.035
3904.81566 12.555 0.047
3907.63843 12.559 0.036
3909.73587 11.849 0.03
3913.73531 12.071 0.033
4145.89054 11.94 0.056
4154.88865 11.854 0.067
4158.89046 11.895 0.053
4166.87407 12.051 0.064
4174.87769 11.898 0.034
4181.88815 12.585 0.066
4185.85982 11.849 0.055
4189.84092 11.884 0.054
4192.82237 11.957 0.054
4196.84568 11.975 0.068
4205.82705 11.894 0.057
4213.84591 12.119 0.046
4216.83848 12.045 0.046
4228.79565 11.891 0.042
4230.79685 11.944 0.045
4232.79808 12.325 0.037
4234.83714 11.852 0.04
4247.69944 11.952 0.05
4250.76554 11.904 0.052
4253.88362 11.888 0.05
4258.7535 11.993 0.033
4269.7458 11.91 0.045
4272.74151 11.972 0.033
4274.74315 12.052 0.032
4277.6592 11.923 0.033
4283.66776 12.537 0.052
4285.65131 11.949 0.046
4289.64744 11.987 0.036
4291.65194 12.1 0.049
4293.64162 12.026 0.042
4295.6575 11.851 0.042
4297.64867 12.025 0.047
4299.61945 12.15 0.073
4301.61208 12.2 0.046
4303.61595 11.98 0.031
4305.61187 11.958 0.054
4308.59404 11.833 0.059
4310.67104 12.063 0.065
4312.67281 11.972 0.048
4315.67007 12.623 0.062
4319.56155 11.989 0.031
4329.58433 11.918 0.043
4331.56233 11.956 0.035
4333.53916 12.059 0.033
4336.57371 11.897 0.041
4339.64032 11.894 0.077
4341.64067 11.979 0.051
4343.63759 11.788 0.069
4346.50056 11.943 0.046
4348.52664 11.973 0.039
4350.53268 12.54 0.045
4352.55031 11.982 0.032
4355.55374 11.973 0.034
4357.56472 11.905 0.034
4359.54107 11.978 0.043
4363.50576 11.875 0.034
4365.55472 11.976 0.034
4369.53208 12.03 0.049
4371.54397 12.027 0.044
4373.55664 12.15 0.042
4377.49616 11.84 0.032
4379.52889 11.928 0.037
4382.50463 11.94 0.031
4385.50384 11.926 0.041
4520.88291 11.991 0.05
4524.88973 12.614 0.036
4527.89426 11.956 0.043
4537.87981 11.887 0.032
4541.87391 12.426 0.034
4545.86801 11.936 0.063
4552.86194 12.024 0.036
4555.86529 11.998 0.041
4558.85557 12.251 0.034
4561.84995 11.958 0.035
4564.83768 11.961 0.034
4567.83477 11.857 0.033
4570.82582 11.908 0.032
4572.85079 11.974 0.04
4574.82288 12.676 0.04
