1949.8844 13.172 0.037
1953.85967 12.922 0.035
1954.84355 13.373 0.045
1954.87123 13.048 0.041
1955.85557 12.648 0.032
1961.86849 12.925 0.032
1963.85601 13.103 0.038
1965.84655 12.786 0.035
1967.84609 12.336 0.035
1979.80071 12.396 0.044
1980.81385 12.944 0.045
1981.81723 13.067 0.043
1982.78977 12.502 0.037
1984.80064 12.273 0.044
1985.83849 12.845 0.046
1994.77679 12.123 0.046
1997.78608 12.678 0.049
2025.74536 12.933 0.028
2026.79233 12.31 0.03
2027.7659 12.854 0.03
2030.75508 12.929 0.03
2031.76397 12.324 0.031
2032.75109 12.962 0.029
2033.74442 13.111 0.031
2037.70244 12.919 0.04
2040.70617 13.216 0.048
2040.71249 13.367 0.048
2052.70843 13.016 0.036
2053.73249 12.173 0.034
2054.71831 12.881 0.04
2055.70006 13.244 0.038
2056.70131 12.558 0.033
2057.70167 12.948 0.036
2058.69848 12.25 0.031
2059.75946 13.098 0.063
2067.63664 12.96 0.038
2068.66203 12.253 0.04
2069.67132 12.696 0.034
2070.6653 13.002 0.032
2080.57528 12.989 0.034
2081.64349 12.771 0.031
2082.66378 13.136 0.03
2083.64568 12.405 0.045
2085.63646 12.467 0.029
2086.64024 12.79 0.029
2087.63331 13.027 0.035
2088.63208 12.423 0.03
2093.55824 12.295 0.036
2096.60267 12.742 0.056
2102.5871 13.227 0.031
2103.60462 12.634 0.031
2104.60914 12.961 0.034
2105.60029 12.232 0.032
2106.60345 12.816 0.031
2109.59619 13.01 0.03
2116.57341 13.067 0.032
2117.56782 13.188 0.034
2124.54386 13.262 0.038
2125.5597 12.479 0.039
2129.55114 13.049 0.032
2130.56263 12.491 0.036
2131.54387 12.979 0.033
2132.55428 12.26 0.035
2133.54841 12.743 0.035
2134.55574 13.255 0.033
2135.54752 12.587 0.037
2136.54708 13.053 0.034
2140.50585 12.643 0.043
2142.55081 12.211 0.035
2143.56032 12.916 0.032
2144.53111 13.138 0.034
2151.47929 13.065 0.048
2156.47597 13.244 0.037
2168.5383 13.093 0.035
2171.52018 13.193 0.039
2172.48439 12.612 0.036
2179.52167 12.604 0.034
2180.52431 13.003 0.038
2183.51951 12.773 0.036
2187.48535 12.739 0.045
2190.52352 13.069 0.034
2193.51489 12.924 0.036
2193.51489 12.928 0.036
2196.53553 12.194 0.033
2199.5083 12.654 0.042
2203.49384 13.43 0.041
2205.51554 12.991 0.035
2215.49497 13.099 0.053
2219.49668 13.133 0.044
2219.50438 12.83 0.037
2442.65521 12.934 0.037
2444.65562 12.692 0.027
2445.63507 13.205 0.029
2446.65836 12.518 0.031
2452.62006 13.122 0.042
2454.63269 12.982 0.053
2460.64002 13.104 0.025
2463.61452 12.208 0.031
2464.61111 12.885 0.034
2467.6091 12.989 0.023
2468.60377 12.24 0.031
2470.53838 13.073 0.037
2473.57024 12.375 0.037
2474.61921 12.739 0.032
2481.56437 12.661 0.047
2482.59943 13.215 0.05
2486.56363 12.74 0.045
2490.57097 12.494 0.042
2491.55753 12.851 0.048
2493.55266 12.569 0.036
2494.55818 13.101 0.036
2495.55981 12.323 0.039
2497.55485 13.258 0.035
2498.54297 12.526 0.035
2499.54556 13.046 0.031
2500.50783 12.373 0.045
2500.50783 12.374 0.047
2501.5583 12.871 0.039
2502.57409 13.095 0.046
2503.57876 12.725 0.051
2508.68284 12.841 0.031
2510.65684 12.749 0.038
2519.57841 13.164 0.045
2520.57449 12.519 0.022
2521.58415 12.954 0.025
2524.57458 13.076 0.04
2526.61221 13.073 0.025
2535.56396 12.657 0.026
2540.62204 12.771 0.031
2546.55367 13.021 0.027
2548.5449 13.016 0.025
2552.56839 12.652 0.041
2553.60615 13.014 0.027
2558.51953 13.024 0.027
2559.53528 12.213 0.033
2560.54703 12.929 0.031
2562.57224 12.762 0.031
2563.58855 13.163 0.029
2566.56051 12.543 0.032
2568.58737 13.196 0.044
2578.53574 13.136 0.029
2579.54203 12.572 0.03
2677.86666 13.071 0.038
2681.86943 12.592 0.025
2684.86817 12.933 0.032
2690.85395 12.748 0.043
2694.83501 12.896 0.027
2696.87984 12.688 0.037
2697.88824 13.294 0.027
2700.87593 12.378 0.03
2703.84887 12.522 0.036
2706.83267 12.703 0.027
2710.87764 12.308 0.032
2712.85583 13.202 0.028
2714.85034 13.064 0.027
2719.83741 12.779 0.036
2723.84575 12.787 0.038
2725.84454 12.375 0.035
2727.83473 12.456 0.03
2729.83478 12.964 0.033
2732.8599 12.267 0.042
2734.82264 13.223 0.041
2736.81512 12.941 0.033
2738.81969 12.832 0.036
2740.80938 12.611 0.026
2742.79788 12.168 0.052
2744.78778 13.193 0.04
2747.8795 12.726 0.055
2751.71411 12.901 0.035
2754.79541 12.823 0.044
2756.75743 13.006 0.037
2757.84434 12.577 0.044
2759.86147 12.308 0.031
2761.78767 13.493 0.049
2763.77065 13.062 0.043
2775.79912 12.727 0.044
2782.77762 12.67 0.038
2784.73495 12.285 0.036
2786.67982 13.435 0.039
2787.82495 12.791 0.042
2805.84304 13.162 0.037
2809.74243 12.702 0.033
2810.84573 13.24 0.025
2812.64137 12.925 0.04
2813.83135 12.213 0.033
2820.85954 12.894 0.031
2829.59551 12.541 0.052
2830.72342 13.276 0.051
2832.60409 12.811 0.045
2833.71967 12.317 0.035
2836.59431 12.132 0.037
2840.83495 12.205 0.038
2845.78027 12.279 0.022
2854.54778 12.726 0.036
2857.79441 12.868 0.04
2859.56476 12.807 0.027
2860.68708 12.358 0.03
2862.60834 13.278 0.045
2866.60884 12.986 0.041
2867.69811 13.556 0.027
2874.74216 12.978 0.029
2876.64417 12.816 0.026
2878.63939 12.886 0.038
2883.56688 12.493 0.037
2885.54234 12.427 0.024
2886.68141 13.011 0.03
2888.69821 12.881 0.032
2892.70019 12.23 0.043
2894.60695 13.199 0.034
2896.62145 12.932 0.029
2898.60658 12.684 0.026
2900.60137 12.394 0.027
2904.58846 12.976 0.029
2906.59161 12.919 0.027
2909.59102 13.156 0.028
2911.56473 12.992 0.029
2916.56249 12.955 0.032
2918.59676 12.983 0.04
2922.56246 12.287 0.034
2924.57019 12.988 0.032
2927.56936 12.414 0.029
2929.5705 12.538 0.028
2931.57442 13.112 0.031
2933.56668 12.952 0.032
2935.56363 12.763 0.029
2937.56261 12.562 0.031
2940.53818 12.741 0.03
2942.52928 12.46 0.046
2944.54428 12.224 0.04
2947.54443 12.537 0.034
2950.52951 12.955 0.042
2958.51037 12.961 0.032
3054.88222 12.668 0.029
3066.89115 12.694 0.028
3070.84599 13.157 0.038
3074.83884 12.831 0.037
3077.85806 12.927 0.038
3080.8805 12.617 0.031
3086.88313 12.93 0.031
3090.8235 12.534 0.036
3093.87886 12.592 0.036
3099.86927 13.135 0.043
3102.85041 12.982 0.038
3105.82744 12.274 0.032
3108.82503 12.652 0.035
3111.81659 12.973 0.035
3114.80734 13.053 0.03
3116.87277 12.862 0.028
3122.81904 12.283 0.034
3125.73477 12.45 0.038
3127.74974 12.821 0.061
3131.79094 12.922 0.04
3141.84819 13.262 0.062
3146.67597 12.867 0.028
3153.77252 13.007 0.028
3158.77408 12.857 0.039
3160.8622 12.98 0.053
3163.78993 12.886 0.03
3168.82069 13.174 0.028
3171.7521 13.301 0.037
3175.7526 13.051 0.028
3178.64697 12.898 0.037
3183.73136 13.276 0.03
3185.68794 12.817 0.036
3187.72924 13.025 0.038
3190.74873 12.96 0.04
3273.64269 13.139 0.045
3278.63157 12.905 0.046
3404.87598 12.195 0.039
3408.88576 12.86 0.046
3417.86762 12.808 0.048
3421.85865 12.583 0.056
3425.84589 12.829 0.05
3431.86558 12.201 0.043
3443.85716 12.712 0.033
3446.86733 12.483 0.029
3449.85998 12.682 0.047
3449.89851 12.717 0.051
3449.89851 12.722 0.049
3453.77838 13.17 0.053
3453.81285 12.918 0.048
3455.83528 13.208 0.046
3458.85383 12.223 0.037
3462.83041 13.021 0.037
3465.84795 13.231 0.034
3468.83589 12.325 0.031
3471.82629 12.621 0.03
3474.82823 12.831 0.047
3477.81859 13.074 0.035
3480.79416 12.956 0.039
3490.82879 12.296 0.046
3492.84069 13.544 0.042
3496.82009 12.794 0.03
3500.75673 12.27 0.032
3502.83753 12.631 0.041
3504.79896 12.969 0.061
3508.85206 12.789 0.037
3511.72242 13.01 0.031
3515.76683 12.497 0.042
3517.76709 12.516 0.032
3521.73029 12.985 0.042
3523.76691 12.761 0.035
3530.66766 12.369 0.03
3538.70738 12.945 0.033
3540.70293 12.62 0.036
3544.7932 12.161 0.035
3547.86266 12.726 0.053
3551.84952 12.528 0.036
3554.77074 12.347 0.038
3558.61989 12.887 0.041
3562.66053 12.544 0.037
3564.65255 12.462 0.029
3569.69389 12.379 0.03
3571.71415 13.081 0.035
3574.72556 12.449 0.036
3576.74279 12.375 0.03
3578.73432 13.22 0.034
3583.67976 13.06 0.029
3585.73374 13.075 0.03
3587.7482 13.008 0.034
3590.56926 12.814 0.029
3592.57384 12.709 0.03
3597.67988 12.843 0.032
3602.71738 13.203 0.046
3606.51944 13.041 0.03
3617.55627 12.765 0.035
3619.6098 12.697 0.031
3621.65431 12.664 0.039
3624.6655 12.821 0.031
3626.66591 12.61 0.036
3629.66071 12.878 0.046
3632.51039 12.85 0.036
3634.60142 12.786 0.051
3637.61131 13.073 0.042
3641.56609 12.583 0.029
3643.61 12.437 0.038
3647.5544 12.977 0.028
3652.51641 13.564 0.039
3654.5424 12.999 0.037
3656.57064 12.77 0.034
3659.54197 13.041 0.039
3661.55899 12.677 0.043
3663.56849 12.586 0.038
3666.56372 12.916 0.033
3670.5141 12.318 0.028
3673.52184 12.675 0.031
3676.51984 12.879 0.031
3679.5073 13.125 0.065
3774.87783 13.167 0.048
3789.86864 12.173 0.04
3793.85005 13.098 0.044
3797.84496 12.619 0.035
3802.88616 12.689 0.055
3806.84732 12.98 0.043
3813.86527 13.104 0.042
3817.84043 12.718 0.042
3820.87948 13.134 0.046
3823.89473 13.145 0.049
3826.88417 12.416 0.043
3829.84807 12.539 0.039
3832.84601 12.859 0.035
3835.82422 12.691 0.056
3851.78702 12.467 0.034
3853.8525 12.279 0.031
3856.77534 12.648 0.032
3861.76554 12.532 0.032
3863.80324 12.286 0.034
3865.77224 13.294 0.035
3867.77967 13.183 0.038
3869.77158 12.666 0.055
3871.79736 12.782 0.041
3874.88749 12.979 0.033
3877.72859 13.025 0.031
3880.78958 12.253 0.03
3883.7134 12.331 0.033
3887.72873 13.314 0.032
3893.7156 12.603 0.032
3896.72259 12.704 0.04
3898.75454 12.566 0.04
3900.82067 12.625 0.046
3902.80952 12.229 0.036
3904.82408 13.351 0.032
3906.86373 12.909 0.034
3909.69996 12.868 0.03
3913.70283 12.769 0.032
4136.87525 12.927 0.052
4151.88984 13.041 0.04
4155.88683 12.6 0.045
4159.86848 13.264 0.039
4167.84452 12.371 0.046
4174.83831 12.58 0.037
4177.86699 12.712 0.042
4180.877 12.86 0.059
4183.86956 13.113 0.05
4187.87958 12.834 0.041
4190.86882 13.027 0.041
4193.83724 13.228 0.041
4199.79846 12.352 0.051
4203.83338 13.214 0.034
4207.82336 12.755 0.049
4213.85656 13.308 0.041
4216.855 12.219 0.039
4227.80688 12.856 0.035
4229.81685 12.817 0.033
4231.81939 12.44 0.031
4233.85544 12.223 0.055
4238.83292 12.143 0.058
4246.7284 12.522 0.041
4250.72522 13.183 0.04
4253.87424 12.728 0.047
4256.69719 12.477 0.032
4258.77114 12.317 0.035
4269.76112 12.681 0.042
4273.66153 12.203 0.035
4278.67208 12.38 0.032
4283.76386 12.635 0.06
4285.7535 12.195 0.045
4289.74575 13.136 0.034
4291.74548 12.921 0.031
4293.72986 12.657 0.03
4295.73892 12.586 0.038
4297.72951 12.664 0.058
4299.70399 13.058 0.033
4301.66083 12.811 0.037
4305.62172 12.257 0.041
4306.82316 13.021 0.033
4308.70444 12.867 0.055
4310.73166 12.615 0.047
4312.75303 12.272 0.045
4319.59095 13.118 0.029
4330.53684 12.39 0.03
4332.54559 12.42 0.038
4334.55911 13.227 0.039
4338.57995 12.775 0.045
4340.6504 12.957 0.041
4342.64312 12.652 0.044
4344.64348 12.385 0.042
4348.64764 13.136 0.033
4350.65769 12.895 0.039
4353.52226 12.919 0.03
4355.61197 12.909 0.031
4357.61609 12.718 0.033
4359.59047 12.201 0.034
4361.56803 13.041 0.032
4363.56628 12.946 0.03
4365.58238 12.775 0.033
4368.62461 13.142 0.044
4372.63494 12.906 0.048
4375.63201 12.928 0.033
4378.51036 13.14 0.038
4380.56635 13.196 0.041
4382.61615 12.868 0.034
4385.52356 12.998 0.029
4387.52598 12.637 0.031
4389.52457 12.479 0.043
4393.54508 12.872 0.049
4402.53714 12.968 0.037
4407.54561 12.89 0.033
4411.53213 12.414 0.035
4506.87631 12.815 0.043
4518.84732 12.667 0.051
4521.88206 12.841 0.039
4525.85218 12.174 0.045
4528.8839 12.894 0.041
4532.86334 12.581 0.038
4536.86653 12.928 0.032
4543.84258 12.927 0.046
4546.84972 12.928 0.051
4559.8571 12.716 0.034
4562.85175 12.524 0.036
4565.84331 12.636 0.034
4568.83291 13.175 0.045
4571.78852 13.21 0.038
4573.86281 12.968 0.042
