1947.87768 12.633 0.037
1947.88374 12.489 0.042
1949.89521 12.397 0.053
1950.86934 11.899 0.04
1953.8661 12.644 0.039
1954.85921 12.043 0.049
1955.8572 11.64 0.037
1961.87493 12.589 0.035
1963.86248 12.27 0.038
1965.85304 12.007 0.04
1967.85261 12.472 0.035
1978.80243 11.906 0.046
1979.84385 11.974 0.048
1979.84605 11.874 0.051
1980.82286 12.555 0.045
1981.83792 12.522 0.044
1981.84012 12.369 0.046
1982.79418 12.089 0.041
1982.80377 12.246 0.044
1994.77912 12.555 0.05
2025.75974 11.515 0.036
2025.77098 11.568 0.033
2026.80223 12.335 0.042
2027.77319 12.335 0.036
2030.76243 11.81 0.037
2032.76086 12.28 0.035
2032.76514 12.265 0.037
2033.75403 12.091 0.031
2033.75875 12.144 0.035
2035.72908 12.574 0.055
2037.70899 12.21 0.045
2055.70999 12.314 0.041
2058.70379 12.243 0.042
2059.76252 12.401 0.049
2068.74134 12.415 0.038
2069.68343 12.284 0.043
2080.58529 11.783 0.04
2081.65119 12.115 0.037
2082.6669 12.303 0.041
2083.65329 12.327 0.045
2085.64183 11.769 0.036
2086.6456 12.514 0.038
2087.64316 12.407 0.043
2088.63748 12.233 0.039
2093.56398 11.945 0.042
2096.61035 12.401 0.042
2102.59242 12.141 0.036
2103.60995 11.902 0.037
2104.61221 11.877 0.037
2105.61007 12.317 0.037
2106.60876 12.313 0.036
2109.6104 12.179 0.037
2115.56917 12.319 0.035
2116.58085 12.103 0.034
2117.57303 11.904 0.035
2124.54903 12.428 0.04
2125.56259 12.149 0.041
2128.54604 12.447 0.036
2129.55636 12.238 0.036
2130.56547 12.098 0.036
2132.56162 12.038 0.036
2133.55345 12.483 0.037
2134.56088 12.305 0.037
2135.55256 12.111 0.035
2140.51371 11.837 0.043
2141.54126 11.898 0.035
2143.49445 12.209 0.036
2144.52044 12.154 0.039
2151.49387 12.381 0.05
2156.48339 12.364 0.039
2164.4921 11.635 0.033
2172.48251 12.014 0.037
2178.48417 11.77 0.04
2180.52232 12.334 0.041
2184.52458 12.525 0.042
2188.50271 12.263 0.036
2191.50958 12.163 0.038
2194.51258 12.438 0.039
2441.66982 12.228 0.028
2442.66061 12.025 0.032
2443.65688 11.877 0.027
2443.65941 11.849 0.025
2444.65222 12.541 0.029
2444.66099 12.421 0.026
2446.66375 12.252 0.029
2452.62571 11.805 0.052
2452.63222 11.709 0.045
2460.64535 12.127 0.023
2463.63359 12.359 0.033
2463.64063 12.324 0.036
2463.64063 12.327 0.037
2464.6165 12.262 0.036
2464.61902 12.292 0.033
2465.61793 12.083 0.037
2466.60753 11.843 0.033
2466.61288 11.789 0.029
2467.61892 12.395 0.024
2468.60911 12.337 0.029
2470.5372 11.655 0.04
2470.54143 11.693 0.039
2473.57553 12.28 0.041
2474.6267 12.11 0.03
2482.59589 12.442 0.048
2482.6024 12.616 0.044
2489.56909 11.784 0.039
2490.60872 12.41 0.04
2493.55554 12.022 0.035
2493.56026 12.008 0.044
2494.56103 12.048 0.039
2495.56493 12.489 0.039
2495.56736 12.452 0.041
2497.55787 12.095 0.039
2497.56219 12.16 0.039
2498.54802 11.91 0.028
2499.53951 12.478 0.026
2499.54837 12.453 0.027
2500.51811 12.549 0.036
2501.54772 12.194 0.028
2508.56575 11.852 0.051
2510.52546 12.333 0.052
2510.53066 12.272 0.036
2511.58763 12.289 0.055
2511.59233 12.378 0.052
2519.65133 12.502 0.036
2520.6466 12.444 0.038
2521.65337 12.22 0.03
2526.63866 12.064 0.031
2535.58626 12.1 0.036
2546.55582 12.517 0.034
2548.54704 12.256 0.029
2552.57047 12.536 0.048
2560.50342 12.618 0.032
2561.52296 12.357 0.037
2562.5599 12.112 0.038
2565.54104 12.292 0.031
2566.5579 12.244 0.034
2578.512 11.749 0.035
2678.87312 12.138 0.04
2685.86873 12.572 0.038
2685.87615 12.473 0.035
2688.86596 12.009 0.038
2688.8729 12.009 0.042
2690.88552 12.888 0.054
2693.86357 11.939 0.037
2693.86595 11.914 0.032
2697.86213 12.129 0.031
2698.8568 11.719 0.046
2701.82245 12.3 0.029
2701.84353 12.193 0.033
2704.83892 12.476 0.028
2704.84566 12.564 0.032
2706.85605 12.185 0.028
2706.86653 12.28 0.033
2711.82637 11.942 0.04
2711.8309 12.179 0.031
2713.85336 12.292 0.031
2713.86742 12.095 0.03
2717.83557 11.865 0.031
2717.84758 11.88 0.038
2719.85576 12.412 0.046
2719.85805 12.534 0.037
2720.81047 12.091 0.043
2720.8178 12.243 0.042
2725.78454 11.97 0.029
2727.83711 12.513 0.038
2727.84169 12.42 0.036
2728.85526 12.368 0.04
2729.83722 12.461 0.032
2732.86462 12.457 0.028
2734.83758 12.166 0.028
2736.81762 12.102 0.03
2738.82449 12.396 0.037
2738.82916 12.337 0.032
2740.8075 11.665 0.043
2740.81194 11.723 0.029
2742.80604 12.32 0.05
2744.7981 11.946 0.036
2747.89152 13.022 0.058
2751.87209 12.483 0.037
2754.80733 11.842 0.037
2756.76768 12.328 0.034
2760.74813 12.289 0.031
2762.74787 12.036 0.058
2764.73762 12.363 0.038
2768.82735 11.876 0.032
2770.80352 12.425 0.031
2776.62834 11.713 0.037
2783.66379 12.312 0.033
2784.73145 12.299 0.028
2786.69879 11.905 0.025
2791.65946 11.952 0.035
2791.68541 11.725 0.036
2808.84211 12.484 0.033
2810.63944 12.477 0.03
2811.8252 11.63 0.032
2813.71562 12.183 0.025
2820.86507 11.994 0.031
2836.59287 12.094 0.046
2840.83349 12.41 0.055
2845.77605 12.379 0.024
2851.77529 12.201 0.029
2854.55072 12.247 0.024
2861.57256 12.166 0.03
2866.68325 11.68 0.027
2867.74305 11.974 0.031
2872.65161 12.391 0.029
2875.6608 11.69 0.033
2877.64745 12.455 0.03
2879.65696 11.982 0.03
2884.63232 11.92 0.029
2888.53679 11.895 0.033
2892.67652 12.268 0.041
2896.60962 12.332 0.03
2898.59726 11.772 0.029
2900.59203 12.41 0.027
2904.57903 12.438 0.031
2906.57964 12.194 0.027
2909.58141 12.524 0.029
2911.55295 12.012 0.027
2915.53857 12.233 0.037
2917.56414 11.8 0.035
2921.5631 11.905 0.042
2926.56158 11.879 0.037
2928.56286 12.383 0.037
2930.55989 12.05 0.035
2932.55819 12.388 0.039
2934.55528 12.172 0.034
2943.51442 12.281 0.037
2945.5347 11.652 0.043
2949.52127 11.706 0.039
2955.51043 12.343 0.053
3054.88419 12.424 0.037
3055.81717 11.777 0.048
3055.8673 11.999 0.035
3057.82422 12.371 0.047
3059.85594 12.14 0.036
3059.86649 12.199 0.031
3067.88912 12.388 0.034
3070.8772 11.736 0.042
3074.85205 11.844 0.037
3080.84977 12.618 0.033
3080.85228 12.466 0.043
3086.89349 12.385 0.031
3090.82611 12.42 0.039
3093.88696 11.95 0.031
3097.78588 11.769 0.036
3100.83776 12.458 0.039
3103.83269 12.046 0.044
3106.8947 12.256 0.042
3109.82591 12.314 0.029
3112.81828 11.687 0.039
3115.80578 12.141 0.033
3122.82477 12.353 0.035
3125.74128 11.863 0.038
3127.75291 12.342 0.056
3131.79415 12.242 0.04
3134.82435 12.152 0.041
3144.74989 11.784 0.03
3153.87862 12.204 0.032
3156.72193 12.247 0.031
3162.69545 11.898 0.034
3164.73873 12.464 0.031
3169.72256 12.411 0.034
3175.85644 12.425 0.035
3180.75772 12.251 0.033
3183.73998 12.453 0.031
3185.69137 12.004 0.035
3189.68504 12.193 0.042
3191.79871 11.999 0.047
3266.53129 12.469 0.024
3278.60864 12.244 0.049
3278.62091 12.157 0.042
3292.5345 11.981 0.047
3293.56801 11.576 0.031
3298.50418 12.454 0.039
3298.52895 12.398 0.032
3404.88403 11.442 0.053
3410.88309 12.384 0.049
3414.88178 12.323 0.044
3418.87955 11.676 0.064
3422.8689 11.922 0.059
3426.86242 11.931 0.044
3443.87503 12.473 0.044
3446.88537 11.639 0.039
3449.87731 12.124 0.052
3453.80279 12.163 0.054
3456.84081 12.501 0.049
3463.81654 12.138 0.05
3469.84212 11.842 0.041
3472.86391 12.298 0.042
3475.82595 12.358 0.066
3478.78756 11.773 0.047
3481.7894 12.278 0.045
3483.82058 11.741 0.046
3489.86652 12.352 0.059
3491.88992 12.224 0.054
3499.78427 12.316 0.054
3502.75037 12.137 0.046
3504.78985 12.345 0.044
3510.82468 12.319 0.035
3517.77501 12.383 0.042
3521.73467 12.57 0.047
3523.77132 12.628 0.062
3525.834 11.926 0.047
3528.68716 12.086 0.039
3530.72938 11.955 0.042
3539.65622 12.368 0.072
3544.70032 12.341 0.059
3547.75284 12.189 0.044
3551.74481 12.283 0.051
3556.61734 11.94 0.036
3559.65093 12.368 0.06
3561.66521 11.898 0.04
3563.63391 12.324 0.04
3574.78547 12.355 0.045
3576.78662 12.178 0.041
3584.75114 12.256 0.046
3593.55661 11.947 0.035
3599.59462 11.845 0.04
3601.66452 12.242 0.071
3603.66385 12.068 0.041
3606.6632 12.227 0.045
3616.49767 11.971 0.041
3618.60179 11.581 0.042
3620.60528 12.378 0.047
3628.49132 12.5 0.042
3630.57205 12.137 0.044
3632.57919 11.916 0.045
3634.60725 12.441 0.043
3637.61923 11.85 0.042
3641.57576 11.781 0.035
3643.62026 12.32 0.036
3647.55667 12.431 0.033
3654.49371 11.89 0.045
3659.52089 11.753 0.043
3661.53924 12.345 0.047
3663.54306 12.135 0.041
3666.54497 12.373 0.042
3670.50303 12.273 0.037
3676.50738 12.253 0.042
3767.87772 12.443 0.051
3774.88655 11.972 0.054
3791.87572 12.213 0.051
3795.87709 12.539 0.042
3803.86526 11.821 0.059
3806.87455 12.232 0.046
3810.86534 12.523 0.049
3814.85063 12.394 0.054
3819.83248 12.372 0.05
3822.86444 11.935 0.045
3825.85961 12.302 0.063
3829.81893 12.265 0.043
3832.83783 12.313 0.049
3835.83326 12.146 0.048
3847.8554 12.453 0.057
3850.79804 11.838 0.051
3852.84525 12.28 0.052
3858.77707 12.007 0.045
3860.84328 11.974 0.04
3862.83173 12.383 0.037
3864.75915 11.868 0.051
3866.76219 12.331 0.047
3868.78516 11.953 0.052
3872.79988 12.219 0.047
3882.71417 11.778 0.041
3892.72766 11.97 0.039
3894.71976 12.194 0.037
3900.72629 12.174 0.048
3902.73348 12.497 0.04
3904.76183 12.247 0.043
3906.76419 11.616 0.043
3908.83021 12.299 0.042
4152.88631 11.988 0.045
4156.88158 11.698 0.058
4160.87653 11.894 0.058
4164.86027 12.104 0.064
4168.8628 12.391 0.048
4174.85056 12.034 0.041
4177.8741 12.309 0.047
4188.87881 12.12 0.05
4191.83391 12.469 0.045
4194.81112 12.575 0.045
4202.84995 12.038 0.044
4205.80904 12.212 0.044
4213.85393 12.108 0.046
4216.85165 12.174 0.041
4228.82531 12.46 0.039
4230.80979 12.01 0.041
4232.81292 12.562 0.043
4234.8507 12.359 0.043
4247.70513 12.204 0.038
4250.82986 11.941 0.045
4255.75447 12.391 0.049
4258.68006 11.661 0.039
4268.7266 11.449 0.072
4272.65519 11.599 0.04
4274.6899 12.286 0.039
4277.66524 11.884 0.038
4282.68026 12.051 0.054
4284.68381 12.177 0.043
4286.67763 11.89 0.061
4290.67641 12.085 0.041
4292.65072 12.462 0.038
4294.65876 12.229 0.054
4296.64837 12.334 0.043
4298.65374 12.368 0.047
4300.61757 11.428 0.052
4302.66254 12.42 0.037
4304.61034 11.854 0.037
4310.60157 12.409 0.044
4312.5986 12.268 0.051
4315.60113 12.511 0.038
4317.65819 12.209 0.038
4329.53502 12.4 0.054
4331.53698 12.008 0.035
4333.53333 12.378 0.039
4338.51434 12.33 0.04
4340.57579 12.145 0.042
4342.58047 11.567 0.045
4344.57746 12.277 0.044
4346.57994 11.775 0.043
4348.58159 12.377 0.038
4350.57676 12.065 0.042
4352.58899 12.366 0.04
4355.57806 12.121 0.039
4357.58803 12.409 0.042
4359.55213 11.994 0.043
4365.49796 11.932 0.038
4368.57314 12.315 0.046
4372.59864 12.34 0.056
4375.60334 11.603 0.037
4378.50501 11.978 0.043
4380.56009 12.447 0.046
4383.53295 11.938 0.036
4386.51811 12.246 0.037
4392.49714 11.999 0.042
4400.50462 12.279 0.05
4409.51408 12.416 0.044
4494.88017 12.119 0.052
4504.88377 11.871 0.05
4508.88491 12.007 0.048
4518.87474 11.636 0.052
4522.87709 12.036 0.04
4529.85835 12.328 0.04
4533.8784 12.253 0.048
4537.8437 11.801 0.04
4540.86788 12.226 0.051
4547.83524 12.683 0.05
4559.85123 12.045 0.04
4562.8623 12.441 0.044
4565.87866 11.916 0.041
4568.84687 12.217 0.05
4571.80941 12.435 0.042
4574.7725 11.833 0.045
