2524.56335 12.858 0.041
2535.55485 13.646 0.032
2547.53786 14.277 0.031
2549.53554 14.596 0.03
2697.90209 12.295 0.037
2701.89306 12.623 0.03
2711.88321 13.542 0.03
2714.87344 13.784 0.028
2719.87901 13.885 0.037
2722.87186 14.676 0.034
2782.79448 13.628 0.035
2784.74899 13.43 0.026
2786.71986 13.195 0.027
2790.73641 12.873 0.033
2794.72797 12.471 0.033
2805.84587 11.848 0.04
2809.74527 11.506 0.031
2811.69672 11.349 0.025
2812.84272 11.213 0.029
2816.83407 10.884 0.033
2820.6272 10.643 0.026
2822.6807 10.559 0.029
2830.62616 10.287 0.033
2832.61858 10.267 0.031
2833.72945 10.257 0.034
2835.62864 10.238 0.029
2838.63756 10.267 0.025
2840.69226 10.322 0.032
2845.6826 10.376 0.028
2851.6944 10.555 0.026
2854.55515 10.629 0.026
2858.58308 10.799 0.029
2859.64276 10.865 0.03
2861.62166 10.958 0.028
2866.58513 11.197 0.027
2867.69178 11.277 0.033
2872.54892 11.628 0.027
2875.58718 11.762 0.024
2877.57831 11.936 0.032
2879.57893 12.13 0.024
2882.59977 12.343 0.028
2884.56986 12.432 0.03
2885.59602 12.526 0.025
2888.59619 12.743 0.033
2893.5096 13.178 0.033
2895.51997 13.349 0.032
2897.53353 13.542 0.035
2905.51816 14.179 0.029
3071.8967 12.475 0.045
3075.8897 12.915 0.039
3079.88841 13.177 0.036
3087.90559 14.005 0.046
3153.77558 12.684 0.026
3156.72926 12.485 0.039
3158.78984 12.413 0.038
3162.71877 12.106 0.032
3164.75086 11.956 0.027
3167.76366 11.764 0.026
3169.76125 11.573 0.027
3172.74943 11.298 0.037
3176.67884 11.09 0.039
3182.65727 10.719 0.049
3184.65491 10.753 0.042
3186.68286 10.625 0.035
3189.71056 10.605 0.038
3433.89452 12.603 0.035
3444.88776 13.453 0.034
3453.87341 14.149 0.038
3459.85772 14.379 0.031
3469.87229 15.083 0.032
3491.85731 14.237 0.05
3499.79517 13.776 0.054
3502.77772 13.25 0.034
3504.81026 13.12 0.044
3508.84635 12.497 0.034
3511.76353 12.167 0.035
3515.78465 11.768 0.035
3517.79081 11.61 0.04
3521.7431 11.467 0.036
3523.77899 11.31 0.041
3525.8412 11.162 0.082
3528.70769 11.14 0.085
3541.78317 10.701 0.049
3547.70387 10.492 0.064
3554.67941 10.441 0.031
3556.7619 10.523 0.059
3562.61846 10.491 0.064
3564.64146 10.576 0.029
3569.66405 10.701 0.041
3571.68953 10.765 0.034
3574.69696 10.849 0.031
3576.71099 10.856 0.039
3578.69143 10.853 0.07
3583.65909 11.227 0.05
3585.71384 11.351 0.07
3588.54521 11.399 0.034
3590.65184 11.461 0.048
3592.66 11.608 0.044
3596.60251 11.904 0.052
3602.57887 12.218 0.035
3604.58834 12.49 0.059
3617.53835 13.237 0.037
3619.58993 13.265 0.056
3622.50518 13.337 0.08
3626.56764 13.725 0.031
3632.55471 14.277 0.031
3639.53836 14.856 0.04
3664.49301 14.388 0.049
3790.89872 12.33 0.039
3798.89546 13.138 0.067
3804.90308 14.137 0.046
3809.89159 14.064 0.039
3861.82176 14.326 0.037
3863.84021 14.298 0.039
3865.80272 14.17 0.035
3867.79896 13.808 0.079
3869.7931 13.47 0.039
3871.80673 13.543 0.036
3874.89288 13.041 0.075
3877.7564 13.051 0.071
3880.80192 12.686 0.041
3883.78237 12.568 0.071
3887.73491 12.502 0.038
3891.75931 12.412 0.053
3893.74124 12.396 0.039
3896.74317 12.194 0.04
3898.76014 12.018 0.045
3900.82408 12.049 0.049
3903.67818 11.821 0.031
3907.72005 11.731 0.082
3909.79207 11.555 0.039
3913.76595 11.25 0.066
4166.89091 13.008 0.037
4174.90589 13.571 0.048
4182.87873 14.014 0.042
4228.80801 13.883 0.043
4230.8156 13.466 0.034
4232.82209 13.32 0.035
4234.86362 13.099 0.043
4247.73383 11.995 0.034
4250.85455 11.83 0.057
4254.68225 11.47 0.058
4256.75377 11.537 0.035
4258.81975 11.208 0.036
4269.76414 10.468 0.044
4273.6763 10.308 0.038
4278.68652 10.182 0.032
4282.6911 10.237 0.071
4284.69467 10.143 0.065
4290.68642 10.228 0.039
4292.66361 10.224 0.035
4294.66893 10.311 0.042
4296.66887 10.31 0.064
4298.67415 10.382 0.056
4300.63942 10.358 0.052
4302.68843 10.47 0.047
4304.6271 10.506 0.04
4306.60891 10.577 0.037
4308.63649 10.683 0.051
4310.68992 10.755 0.042
4312.71093 10.866 0.063
4315.70664 11.016 0.051
4319.58137 11.216 0.04
4330.55158 11.811 0.053
4332.56035 11.956 0.059
4334.5705 12.085 0.035
4338.57026 12.342 0.044
4340.62488 12.643 0.049
4342.62006 12.729 0.048
4344.61645 12.93 0.051
4346.61686 13.138 0.057
4348.61925 13.381 0.049
4350.62391 13.458 0.059
4353.51601 13.637 0.034
4359.57972 14.523 0.037
4526.89898 13.914 0.039
