1948.88358 12.77 0.048
1954.86614 13.777 0.047
1955.85957 13.011 0.036
1961.87971 13.078 0.036
1963.86461 13.034 0.036
1965.86014 13.45 0.038
1967.86267 12.983 0.034
1978.82564 13.696 0.047
1982.80803 13.184 0.038
1985.84526 13.107 0.043
1994.79051 13.197 0.045
2025.7772 13.303 0.033
2026.82263 12.719 0.039
2027.78168 12.753 0.036
2030.77313 12.809 0.036
2031.77981 13.43 0.036
2032.77363 12.93 0.035
2033.76252 12.758 0.033
2035.73756 13.245 0.048
2037.71988 13.03 0.043
2051.79736 13.004 0.043
2053.67692 13.079 0.037
2054.72981 12.786 0.043
2055.71847 12.893 0.04
2056.71966 12.934 0.038
2057.71322 12.698 0.036
2058.71905 12.867 0.041
2061.70692 12.803 0.04
2067.6415 12.833 0.042
2068.66469 13.181 0.041
2069.68521 12.733 0.043
2070.68147 12.977 0.042
2080.59844 12.756 0.04
2081.65974 13.011 0.037
2082.67769 12.85 0.038
2085.65041 12.685 0.037
2086.65462 13.312 0.037
2087.64954 12.62 0.046
2088.64604 12.797 0.038
2093.57124 13.013 0.041
2094.60059 12.761 0.043
2096.61229 13.088 0.045
2102.6011 13.081 0.037
2103.62308 12.654 0.038
2104.62316 13.385 0.037
2105.61883 12.848 0.038
2106.62197 12.801 0.037
2109.61473 12.861 0.036
2114.77676 13.522 0.045
2115.6102 12.886 0.037
2116.58972 13.278 0.036
2117.5863 12.961 0.038
2124.5704 12.882 0.042
2125.57602 12.911 0.044
2128.56403 12.935 0.039
2129.56986 13.15 0.037
2130.57445 12.783 0.036
2132.5706 12.906 0.038
2133.56252 12.73 0.036
2134.56539 12.912 0.036
2135.56159 13.145 0.039
2136.54985 12.86 0.041
2136.56117 12.889 0.037
2140.53661 12.802 0.043
2142.5446 12.756 0.038
2143.54279 12.736 0.039
2144.53838 13.218 0.041
2145.53387 12.707 0.036
2151.50089 12.743 0.051
2156.49231 13.275 0.041
2164.49656 12.72 0.039
2168.54063 12.96 0.042
2172.48027 12.786 0.041
2179.52385 12.927 0.042
2184.51314 12.749 0.041
2188.49357 13.013 0.04
2191.50502 13.131 0.04
2194.51045 12.94 0.04
2198.4938 12.869 0.042
2205.48969 12.699 0.053
2440.67379 13.181 0.03
2442.66916 13.011 0.035
2443.66543 13.131 0.028
2444.66511 13.197 0.028
2445.6559 12.734 0.029
2446.6768 13.178 0.035
2460.65898 12.84 0.025
2463.63085 12.766 0.035
2464.62966 13.243 0.033
2465.6311 13.282 0.032
2466.62161 12.744 0.029
2467.62542 13.122 0.027
2468.6223 13.199 0.027
2473.58207 12.997 0.034
2474.63334 12.948 0.034
2481.57174 13.173 0.048
2486.58224 13.196 0.045
2489.57356 13.265 0.034
2493.56902 12.704 0.034
2495.57396 13.095 0.033
2497.5712 12.961 0.033
2498.55933 13.226 0.032
2499.55522 12.907 0.031
2501.5566 13.553 0.034
2503.57703 13.124 0.05
2508.6811 13.31 0.037
2521.56794 13.027 0.026
2524.56115 13.04 0.031
2526.59878 13.001 0.034
2529.53062 12.926 0.045
2535.51776 13.057 0.029
2543.62528 12.863 0.05
2544.54801 12.748 0.029
2545.59478 13.173 0.028
2548.61455 13.381 0.034
2552.59373 13.186 0.044
2553.61577 13.051 0.031
2558.52662 13.184 0.028
2559.54234 12.867 0.038
2560.55682 13.685 0.036
2561.55622 12.853 0.032
2562.57931 12.778 0.033
2563.5956 13.136 0.034
2566.53205 13.255 0.032
2568.56611 13.077 0.04
2578.53342 13.178 0.028
2579.5397 12.852 0.03
2679.87008 12.942 0.039
2683.85959 13.318 0.031
2686.86913 13.442 0.041
2689.86918 13.121 0.041
2693.88679 12.921 0.038
2699.86926 12.864 0.036
2703.84385 12.905 0.036
2706.84633 13.059 0.031
2711.83555 12.721 0.031
2713.87421 12.976 0.027
2717.84958 12.835 0.038
2720.81975 12.838 0.04
2722.84857 13.783 0.042
2724.84514 13.214 0.039
2726.85801 13.119 0.039
2728.84642 13.269 0.049
2730.84603 13.055 0.028
2733.85997 13.062 0.036
2735.84602 13.025 0.043
2737.83525 13.0 0.04
2739.82339 12.829 0.039
2741.81714 12.796 0.036
2743.81437 13.207 0.039
2747.85153 13.533 0.066
2751.73541 12.738 0.036
2754.81138 12.842 0.028
2756.77926 12.845 0.034
2758.82859 12.937 0.033
2764.75131 13.378 0.035
2768.83825 12.727 0.053
2775.81558 13.799 0.063
2782.79668 13.248 0.039
2784.73983 12.966 0.04
2786.70289 13.044 0.034
2788.80548 12.937 0.04
2791.68953 12.751 0.04
2802.84018 13.106 0.064
2804.68186 13.179 0.044
2808.7275 13.117 0.044
2810.6413 13.32 0.027
2811.83233 13.371 0.035
2813.71749 12.937 0.029
2820.7465 13.069 0.033
2831.74563 12.852 0.042
2832.82346 12.96 0.038
2834.6211 13.405 0.047
2835.74211 13.265 0.038
2838.74091 13.23 0.035
2840.7897 13.069 0.038
2845.75643 12.805 0.027
2851.60791 13.053 0.042
2853.73181 13.188 0.037
2855.63657 13.163 0.036
2858.68109 13.071 0.028
2860.62653 13.065 0.037
2861.73303 12.921 0.038
2865.75079 13.481 0.048
2867.622 13.133 0.029
2872.554 12.95 0.04
2876.65198 12.709 0.036
2878.64219 13.186 0.032
2880.69259 13.259 0.043
2883.56965 12.741 0.029
2884.72831 12.965 0.036
2888.53927 13.181 0.032
2892.54006 12.821 0.033
2893.65078 13.227 0.039
2895.62215 12.974 0.032
2897.6313 12.922 0.031
2899.61326 13.26 0.038
2904.64954 12.96 0.044
2906.6478 12.676 0.028
2909.64761 12.82 0.036
2911.60077 13.137 0.029
2916.57465 12.984 0.034
2918.60959 13.746 0.063
2922.56983 12.732 0.038
2924.57884 12.745 0.042
2927.57667 12.905 0.037
2929.5778 12.928 0.032
2931.58204 12.802 0.034
2933.57618 12.873 0.038
2935.57087 12.982 0.039
2937.57278 13.128 0.042
2942.5368 13.1 0.054
2944.55142 12.959 0.044
2947.54955 12.894 0.037
2950.53482 13.28 0.047
2953.52878 13.509 0.055
2956.52406 13.111 0.035
3055.87518 12.926 0.04
3059.87196 12.694 0.04
3067.89414 13.008 0.044
3070.88225 13.534 0.041
3074.85709 12.888 0.06
3079.84718 12.978 0.044
3082.87866 13.002 0.039
3086.90084 12.837 0.035
3090.83874 12.687 0.04
3097.80177 13.291 0.04
3100.84781 13.167 0.044
3103.84996 13.0 0.047
3109.84676 13.154 0.037
3112.82571 13.079 0.034
3115.8158 12.832 0.037
3122.85898 12.57 0.061
3125.75486 13.185 0.042
3127.76361 13.848 0.066
3131.80959 12.785 0.042
3133.84323 12.979 0.038
3146.70519 13.114 0.03
3154.72296 13.226 0.042
3157.84964 12.923 0.044
3159.71746 12.802 0.061
3162.79282 12.937 0.039
3164.81517 12.671 0.036
3170.74479 13.229 0.035
3179.65143 13.231 0.033
3182.67514 13.179 0.033
3184.65223 12.859 0.036
3186.68545 12.825 0.044
3189.71307 12.845 0.041
3191.82231 12.515 0.063
3266.53408 13.017 0.026
3268.53227 12.573 0.033
3272.59991 12.713 0.052
3274.65928 13.367 0.047
3277.59865 13.565 0.051
3279.6346 12.665 0.043
3326.51175 13.061 0.043
3405.88401 12.93 0.052
3409.88027 12.747 0.045
3413.88012 13.354 0.061
3417.8802 13.058 0.048
3418.88679 13.256 0.049
3421.86878 13.439 0.07
3422.88149 13.498 0.059
3426.87819 12.619 0.046
3432.8019 13.002 0.05
3436.90281 13.464 0.055
3443.90035 12.757 0.04
3446.88034 13.301 0.04
3447.85773 12.654 0.043
3449.87482 12.858 0.06
3453.80032 12.88 0.058
3453.8386 12.897 0.052
3455.84069 13.937 0.057
3456.86593 12.633 0.048
3458.85652 12.937 0.043
3463.81888 12.955 0.046
3466.84815 13.332 0.043
3466.87729 12.891 0.05
3469.83901 13.148 0.044
3472.85209 13.667 0.062
3478.80294 12.853 0.046
3481.77653 12.878 0.042
3483.81492 12.627 0.045
3491.88393 12.726 0.048
3502.74761 12.844 0.056
3508.86959 12.995 0.034
3511.73386 13.037 0.041
3520.72982 12.897 0.041
3522.75972 12.851 0.051
3524.7817 12.982 0.064
3526.85897 12.958 0.043
3538.71487 12.614 0.059
3540.70715 13.292 0.05
3547.76275 13.43 0.04
3551.75471 12.884 0.043
3556.6137 12.999 0.036
3559.66356 12.743 0.039
3561.69209 13.046 0.04
3563.65067 13.08 0.036
3571.62571 13.058 0.042
3575.79977 12.818 0.043
3578.57159 12.852 0.035
3583.69924 13.058 0.038
3585.74391 12.805 0.039
3587.75758 12.894 0.041
3590.57565 12.83 0.038
3592.58105 12.732 0.042
3599.66918 12.884 0.041
3601.70532 13.646 0.048
3603.72443 13.066 0.046
3607.52118 12.801 0.039
3617.58944 13.43 0.048
3619.69415 13.421 0.045
3622.51713 12.621 0.044
3626.58524 13.2 0.039
3629.61637 13.859 0.049
3633.6364 12.626 0.051
3637.56452 12.868 0.042
3642.61581 12.864 0.037
3646.56649 12.753 0.034
3654.50699 13.712 0.042
3656.55541 13.12 0.042
3659.53122 12.956 0.046
3661.54434 12.668 0.051
3663.54848 12.853 0.043
3666.5579 13.002 0.043
3670.50823 12.936 0.035
3673.51558 12.809 0.037
3676.51268 12.929 0.039
3775.87813 12.873 0.054
3791.86162 13.354 0.054
3795.86225 12.748 0.041
3799.85874 12.858 0.049
3803.85915 12.819 0.067
3804.85918 13.272 0.06
3806.86867 13.351 0.049
3808.85718 12.723 0.058
3810.85961 12.658 0.063
3812.85572 13.015 0.058
3813.87872 12.688 0.051
3818.8327 13.078 0.054
3819.84993 12.948 0.051
3821.86948 12.887 0.05
3822.87982 12.799 0.05
3824.86736 12.918 0.055
3826.84852 13.46 0.055
3827.85615 13.572 0.047
3830.84658 13.064 0.051
3830.876 13.685 0.053
3833.83509 12.886 0.056
3836.83172 13.312 0.057
3848.87235 13.361 0.072
3851.80441 13.358 0.052
3851.8316 13.234 0.042
3856.83547 13.588 0.046
3859.76527 12.901 0.041
3859.85949 12.993 0.045
3861.80542 13.203 0.044
3863.81987 13.427 0.038
3865.78881 12.868 0.047
3867.78364 13.344 0.046
3868.80112 12.818 0.05
3872.81061 12.81 0.047
3876.71961 13.789 0.069
3882.71149 13.188 0.042
3882.7455 12.972 0.041
3886.83298 13.379 0.043
3886.87425 13.103 0.041
3889.69289 12.986 0.042
3891.7538 13.157 0.036
3893.72299 13.388 0.041
3896.72674 14.138 0.052
3896.77115 12.989 0.05
3901.75675 12.96 0.047
3903.75125 12.742 0.04
3905.75162 13.24 0.04
3907.77207 13.155 0.045
3909.8807 13.68 0.044
3913.83959 12.954 0.047
4146.87961 12.968 0.054
4153.8894 12.902 0.047
4156.86702 12.527 0.055
4157.88547 13.283 0.066
4160.8631 13.285 0.056
4161.87821 12.541 0.051
4165.87539 12.668 0.068
4168.85406 12.706 0.056
4174.84819 12.906 0.046
4174.8672 12.894 0.044
4177.87014 12.922 0.05
4177.89848 12.953 0.059
4180.87942 12.451 0.073
4184.82254 12.7 0.063
4185.84934 12.839 0.054
4188.87636 13.121 0.057
4189.84296 12.602 0.04
4191.82712 13.55 0.047
4192.82684 12.978 0.046
4194.8201 12.932 0.048
4202.84745 13.252 0.044
4202.91168 13.14 0.042
4205.82982 12.94 0.048
4213.86359 13.167 0.053
4215.83435 12.958 0.045
4216.85791 13.191 0.039
4227.82665 12.987 0.041
4228.86062 13.154 0.041
4229.82406 13.234 0.038
4230.8397 12.737 0.042
4231.82327 13.072 0.042
4232.92404 12.735 0.043
4234.74742 13.218 0.048
4235.77867 13.198 0.038
4238.76825 13.189 0.066
4246.73128 13.224 0.041
4247.70247 12.762 0.038
4255.76553 12.78 0.055
4258.67738 13.131 0.04
4272.67877 13.323 0.04
4273.66482 13.365 0.046
4274.7282 13.013 0.035
4277.69086 12.826 0.036
4278.67616 13.343 0.04
4282.69466 12.644 0.059
4282.71469 12.468 0.058
4284.69822 13.097 0.045
4284.71486 12.952 0.043
4290.68997 13.387 0.04
4290.70667 13.129 0.038
4292.65619 12.855 0.039
4292.68177 13.146 0.036
4294.66426 13.087 0.044
4296.65461 12.998 0.055
4296.68347 13.032 0.044
4298.66363 12.844 0.055
4298.68951 12.731 0.051
4300.63394 13.046 0.058
4300.66182 12.961 0.051
4302.68372 13.028 0.039
4302.70495 13.274 0.038
4304.62163 12.824 0.038
4304.64744 12.896 0.036
4306.60266 13.212 0.038
4306.63268 12.738 0.042
4309.60633 14.548 0.063
4310.63411 12.816 0.043
4311.64353 13.002 0.045
4312.63194 12.565 0.047
4315.63801 12.896 0.039
4316.69165 13.306 0.041
4317.70099 13.003 0.055
4319.67012 13.201 0.04
4330.55489 13.623 0.044
4330.58348 12.876 0.036
4332.56365 13.034 0.038
4332.58272 13.333 0.038
4338.59637 13.18 0.042
4339.68234 12.842 0.041
4340.65887 13.339 0.05
4341.69323 12.36 0.045
4342.65233 12.876 0.051
4343.69408 13.553 0.05
4344.65266 13.501 0.054
4345.69648 12.73 0.044
4346.64977 13.016 0.043
4347.69483 12.847 0.054
4348.65901 12.792 0.043
4349.69007 13.364 0.055
4350.66677 13.219 0.048
4351.70971 13.003 0.071
4353.53251 13.053 0.038
4354.6078 12.91 0.036
4355.6222 13.145 0.039
4356.63056 13.068 0.038
4357.62661 12.947 0.04
4358.66277 13.086 0.038
4359.64004 13.002 0.048
4364.50375 12.732 0.038
4365.51518 13.11 0.036
4367.5958 13.407 0.049
4367.66231 13.2 0.055
4369.61507 13.311 0.063
4371.63714 12.802 0.055
4372.55542 13.236 0.052
4375.53588 13.081 0.042
4375.58506 12.59 0.035
4377.54234 12.985 0.042
4379.54534 12.782 0.042
4379.64411 13.06 0.046
4381.58941 12.899 0.053
4381.63917 12.776 0.05
4384.52832 12.775 0.043
4384.54187 12.841 0.036
4386.56046 13.242 0.037
4386.56978 12.975 0.033
4392.50917 13.382 0.047
4392.51818 13.12 0.048
4402.53906 12.853 0.048
4408.51738 12.978 0.045
4413.51834 13.142 0.041
4505.88345 12.923 0.053
4518.86374 13.439 0.058
4519.88113 12.633 0.058
4522.8797 12.777 0.042
4523.88206 12.877 0.041
4529.85208 12.833 0.043
4529.86878 12.999 0.041
4533.87586 12.946 0.052
4533.89044 13.159 0.048
4537.86723 12.768 0.038
4540.86547 12.581 0.054
4541.85895 12.908 0.038
4546.89401 12.506 0.054
4552.85527 12.871 0.042
4557.83911 13.154 0.044
4559.86156 13.156 0.042
4560.86886 12.807 0.044
4562.85532 13.163 0.044
4563.88826 12.789 0.045
4565.85979 13.494 0.043
4567.82435 12.818 0.043
4568.84008 12.972 0.045
4570.8713 12.765 0.039
4571.80257 12.715 0.049
4573.81951 12.838 0.051
4573.87346 13.339 0.049
