1954.89573 12.887 0.062
1955.87975 13.228 0.032
1964.86713 13.311 0.031
1966.8618 13.143 0.031
1978.80243 11.691 0.046
1978.84381 11.547 0.049
1978.84381 11.552 0.049
1979.84385 11.628 0.048
1979.8687 11.523 0.048
1980.82286 11.407 0.045
1980.89656 11.451 0.052
1981.83792 11.31 0.044
1981.87619 11.327 0.039
1982.79418 11.206 0.041
1982.81664 11.227 0.041
1984.82294 11.116 0.045
1994.77912 10.804 0.05
1994.80649 10.831 0.046
1997.81782 10.824 0.052
2016.77141 10.901 0.048
2025.77098 11.126 0.033
2025.80232 11.161 0.031
2026.80223 11.18 0.042
2026.83408 11.181 0.036
2027.77319 11.225 0.036
2027.79955 11.215 0.035
2030.76243 11.388 0.037
2030.7888 11.347 0.031
2031.79774 11.395 0.032
2032.76514 11.361 0.037
2032.78704 11.433 0.03
2033.75403 11.484 0.031
2033.77594 11.378 0.029
2035.72908 11.589 0.055
2037.70899 11.58 0.045
2037.74626 11.52 0.036
2039.78435 11.652 0.04
2052.73585 12.161 0.035
2054.74793 12.278 0.037
2055.70999 12.296 0.041
2055.73216 12.407 0.036
2056.73552 12.429 0.034
2057.73142 12.377 0.034
2058.70379 12.435 0.042
2058.73273 12.498 0.036
2061.7258 12.545 0.036
2064.80555 12.796 0.054
2069.68343 12.839 0.043
2069.7702 12.882 0.037
2070.71751 12.885 0.037
2080.6214 13.196 0.036
2081.65119 13.179 0.037
2105.63056 13.475 0.032
2106.63151 13.355 0.032
2114.77272 14.04 0.036
2116.60593 14.088 0.033
2129.5816 13.686 0.034
2131.57425 13.455 0.034
2140.55281 13.401 0.042
2143.55681 13.445 0.035
2144.55241 13.263 0.037
2156.48339 13.347 0.039
2156.49992 13.492 0.033
2164.4921 13.148 0.033
2168.52795 13.275 0.035
2171.50234 13.085 0.035
2172.48251 12.953 0.037
2173.53158 13.128 0.032
2178.48417 12.779 0.04
2179.4855 12.792 0.037
2180.52232 12.917 0.041
2183.4884 12.848 0.036
2184.52458 12.944 0.042
2187.48361 12.669 0.032
2188.50271 12.577 0.036
2190.51486 12.66 0.033
2191.50958 12.581 0.038
2193.50848 12.518 0.034
2194.51258 12.515 0.039
2196.51498 12.579 0.035
2199.50398 12.299 0.034
2206.49568 12.249 0.036
2213.51687 12.113 0.037
2440.68987 11.834 0.023
2441.66982 11.763 0.028
2441.69001 11.859 0.03
2442.66061 11.804 0.032
2442.68193 11.831 0.025
2443.65688 11.804 0.027
2443.67929 11.836 0.021
2444.66099 11.903 0.026
2445.6699 11.814 0.055
2446.66375 11.877 0.029
2460.64535 12.307 0.023
2463.63359 12.34 0.033
2464.6165 12.467 0.036
2464.63464 12.481 0.032
2465.61793 12.51 0.037
2465.63834 12.344 0.033
2466.61288 12.46 0.029
2466.63108 12.553 0.026
2467.61892 12.461 0.024
2467.63492 12.434 0.022
2468.60911 12.473 0.029
2468.62958 12.608 0.025
2470.54143 12.732 0.039
2470.5787 12.841 0.031
2473.57553 12.637 0.041
2473.59839 12.775 0.036
2474.6267 12.935 0.03
2474.64981 13.023 0.028
2482.6024 13.254 0.044
2482.62804 13.126 0.039
2490.60872 13.359 0.04
2498.54802 13.385 0.028
2498.57338 13.607 0.028
2519.66611 13.834 0.023
2521.67577 13.783 0.024
2535.58933 13.512 0.03
2553.60903 13.483 0.026
2565.58151 13.374 0.031
2683.88265 13.038 0.033
2701.86426 13.957 0.03
2704.86119 13.319 0.029
2712.83417 13.761 0.027
2719.85805 13.818 0.037
2721.86614 14.13 0.051
2725.80813 13.707 0.028
2732.87077 13.763 0.024
2737.84285 14.12 0.033
2755.78135 13.595 0.023
2763.78661 13.738 0.029
2770.83255 13.623 0.032
2783.67269 13.743 0.033
2786.69879 13.529 0.025
2786.73126 13.636 0.027
2790.74101 13.292 0.027
2791.68541 13.47 0.036
2808.84211 12.025 0.033
2810.63944 12.019 0.03
2810.65911 11.954 0.026
2811.8252 12.01 0.032
2811.84706 11.887 0.026
2813.71562 11.882 0.025
2820.87521 12.048 0.033
2830.73606 12.044 0.029
2836.59287 12.313 0.046
2836.60914 11.965 0.037
2840.83349 12.266 0.055
2851.77529 12.249 0.029
2854.55072 12.253 0.024
2854.55799 12.331 0.026
2861.57256 12.282 0.03
2861.601 12.37 0.042
2866.68325 12.48 0.027
2867.74305 12.435 0.031
2872.65161 12.632 0.029
2875.6608 12.816 0.033
2877.64745 12.805 0.03
2879.65696 12.932 0.03
2894.67331 13.386 0.045
3055.8673 11.478 0.035
3059.86649 11.657 0.031
3060.88092 11.662 0.034
3064.88138 11.824 0.037
3067.88912 11.927 0.034
3070.8772 12.079 0.042
3074.85205 12.467 0.037
3076.86486 12.326 0.042
3080.84977 12.522 0.033
3087.85092 12.648 0.036
3090.88287 13.051 0.038
3097.78588 13.142 0.036
3097.81061 13.384 0.032
3103.83269 14.897 0.044
3111.84317 13.144 0.04
3114.83354 13.502 0.029
3118.84594 13.927 0.03
3125.76771 13.433 0.036
3156.74775 13.508 0.03
3158.80338 13.934 0.038
3176.72905 13.58 0.03
3266.53129 11.907 0.024
3278.62091 12.141 0.042
3278.62655 12.233 0.042
3293.56801 12.627 0.031
3298.52895 12.795 0.032
3414.88943 12.04 0.047
3418.88679 11.509 0.043
3418.89438 11.497 0.05
3421.86878 11.179 0.062
3422.88149 11.017 0.053
3426.87819 10.889 0.039
3430.87222 10.822 0.036
3432.8019 10.805 0.044
3443.90035 10.731 0.037
3444.83757 10.766 0.047
3446.88034 10.788 0.036
3447.85773 10.757 0.039
3450.88081 10.778 0.042
3450.88081 10.786 0.046
3453.8438 10.773 0.045
3453.8438 10.776 0.048
3456.86593 10.768 0.042
3456.86844 10.786 0.043
3458.85652 10.797 0.039
3459.87434 10.858 0.033
3459.87694 10.839 0.033
3463.8547 10.879 0.038
3466.84815 10.984 0.037
3466.87729 11.025 0.044
3469.83901 11.026 0.039
3469.84212 11.037 0.041
3470.8306 11.037 0.034
3470.8613 11.041 0.035
3472.85209 11.094 0.054
3475.82595 11.039 0.066
3476.84915 11.515 0.046
3476.87966 11.228 0.045
3478.78756 11.312 0.047
3478.80294 11.378 0.041
3479.83901 11.417 0.052
3479.84509 11.348 0.043
3481.77653 11.411 0.036
3481.7894 11.485 0.045
3481.86883 11.451 0.042
3483.81492 11.607 0.039
3483.82058 11.443 0.046
3489.84905 11.843 0.059
3489.86652 11.728 0.059
3490.87499 11.897 0.05
3490.88071 11.867 0.049
3491.88393 11.848 0.042
3491.88992 12.111 0.054
3495.84465 12.341 0.065
3499.78427 12.006 0.054
3502.78375 12.344 0.045
3504.78985 12.8 0.044
3508.82287 12.698 0.03
3508.86959 12.815 0.03
3508.87162 12.758 0.03
3511.73386 12.897 0.036
3511.76704 12.764 0.036
3511.7692 12.778 0.032
3517.80169 12.808 0.04
3520.72982 13.484 0.037
3521.73467 13.19 0.047
3522.75972 13.094 0.047
3525.84415 13.348 0.038
3528.68716 13.36 0.039
3528.77547 13.271 0.034
3540.70715 12.802 0.044
3547.76275 13.587 0.035
3556.63743 13.662 0.031
3559.66356 13.68 0.035
3561.75086 13.55 0.034
3563.68578 13.582 0.031
3564.73676 13.672 0.028
3576.78662 13.647 0.041
3601.69824 13.116 0.039
3603.66385 13.125 0.041
3603.71202 13.236 0.035
3603.72443 13.28 0.041
3607.52118 13.347 0.035
3607.54859 12.97 0.032
3617.58944 12.419 0.044
3617.60173 12.446 0.05
3619.69415 12.377 0.041
3622.51713 12.371 0.04
3622.52128 12.187 0.041
3622.69186 12.166 0.033
3626.58524 11.942 0.033
3629.61637 11.815 0.043
3633.6364 11.653 0.045
3637.56452 11.493 0.038
3637.61923 11.452 0.042
3637.6757 11.513 0.045
3639.64003 11.442 0.034
3641.60796 11.416 0.033
3642.61581 11.475 0.033
3643.62026 11.373 0.036
3643.6287 11.433 0.038
3643.66059 11.473 0.042
3646.56649 11.453 0.031
3646.64026 11.464 0.036
3647.57137 11.468 0.027
3654.50699 11.368 0.038
3656.55541 11.339 0.037
3656.55878 11.404 0.035
3659.53122 11.307 0.041
3661.54434 11.426 0.045
3663.54848 11.446 0.038
3666.5579 11.475 0.038
3669.55346 11.533 0.03
3670.50823 11.54 0.031
3671.58469 11.562 0.03
3673.51558 11.597 0.034
3676.51268 11.669 0.034
3822.88575 12.766 0.049
3826.85598 12.384 0.046
3830.84658 11.92 0.044
3830.856 12.143 0.053
3833.90686 11.963 0.057
3834.8093 11.991 0.05
3836.83172 11.698 0.05
3836.88738 11.84 0.047
3850.82396 11.586 0.035
3851.8316 11.666 0.039
3853.80857 11.706 0.035
3856.80515 11.693 0.042
3859.79575 11.696 0.036
3859.85949 11.681 0.039
3862.75814 11.659 0.037
3862.78375 11.715 0.037
3863.81987 11.693 0.034
3864.75915 11.698 0.051
3864.77021 11.729 0.042
3864.78258 11.656 0.04
3865.78881 11.734 0.042
3866.80858 11.737 0.033
3867.78364 11.686 0.04
3868.79638 11.671 0.047
3868.80112 11.616 0.045
3876.71961 11.615 0.06
3877.74798 11.683 0.033
3880.79971 11.765 0.037
3882.7455 11.726 0.038
3887.7447 11.868 0.039
3889.78497 11.785 0.034
3891.7538 11.983 0.032
3891.76729 11.933 0.031
3891.76948 11.966 0.032
3893.72299 11.995 0.035
3893.76685 11.939 0.032
3894.71976 12.07 0.037
3896.76215 12.138 0.044
3900.76164 12.181 0.046
3900.76798 12.005 0.048
3901.75675 12.212 0.043
3902.76527 12.285 0.037
3902.76752 12.341 0.034
3903.75125 12.329 0.035
3904.79189 12.309 0.041
3904.79412 12.409 0.039
3905.75162 12.318 0.035
3906.80391 12.667 0.04
3906.84371 12.389 0.037
3907.77207 12.393 0.04
3908.83021 12.593 0.042
3909.71613 12.518 0.033
3909.8807 12.558 0.04
3913.72155 12.794 0.033
3913.83959 12.716 0.042
4153.88324 13.382 0.045
4189.85277 13.491 0.035
4202.89046 14.343 0.038
4213.90161 13.357 0.042
4228.85511 12.892 0.037
4230.82784 13.264 0.033
4235.77649 12.716 0.033
4238.76365 12.508 0.055
4247.74473 12.087 0.036
4250.74844 12.055 0.035
4250.82423 12.116 0.048
4250.82986 12.017 0.045
4255.75447 11.756 0.049
4255.76553 11.899 0.048
4255.78335 11.67 0.047
4255.85796 11.692 0.048
4258.67738 11.934 0.035
4258.68006 11.885 0.039
4258.70608 11.849 0.034
4258.72149 11.881 0.037
4266.73633 11.846 0.065
4268.75648 11.557 0.041
4272.67877 11.616 0.036
4272.68736 11.513 0.038
4274.71883 11.53 0.04
4277.68144 11.594 0.041
4277.69086 11.536 0.032
4282.71469 11.445 0.05
4283.70621 11.556 0.054
4284.71486 11.509 0.038
4285.6916 11.598 0.044
4289.68775 11.657 0.037
4291.68765 11.594 0.036
4293.6751 11.657 0.032
4295.69183 11.647 0.036
4296.68347 11.737 0.039
4297.6823 11.67 0.045
4298.68951 11.811 0.043
4300.66182 11.736 0.045
4301.64583 11.854 0.043
4302.70495 11.841 0.033
4304.64744 11.926 0.033
4304.84336 11.912 0.044
4306.63268 12.0 0.038
4310.63192 12.106 0.037
4310.63411 11.985 0.037
4312.63194 12.291 0.041
4315.63581 12.314 0.035
4315.63801 12.217 0.035
4317.70099 12.321 0.048
4330.58348 12.848 0.031
4330.75336 12.949 0.036
4332.64275 13.016 0.033
4338.55309 12.986 0.041
4340.60271 13.586 0.039
4342.5983 13.348 0.042
4354.6078 13.437 0.031
4355.59763 13.758 0.037
4357.60403 13.372 0.036
4377.58319 13.716 0.033
4379.61948 13.397 0.038
4386.60209 13.747 0.033
4508.88983 11.978 0.051
4519.89289 12.13 0.051
4523.89137 12.303 0.039
4530.86898 12.668 0.037
4533.87586 12.946 0.046
4533.89044 12.618 0.043
4537.86172 12.961 0.034
4540.88933 13.061 0.052
4552.85276 13.247 0.041
4557.85599 13.132 0.036
4563.89086 13.458 0.041
4566.90311 13.513 0.04
4572.84014 13.427 0.039
