1949.8844 12.768 0.037
1953.85967 12.783 0.035
1954.86439 12.308 0.041
1955.85557 11.75 0.032
1961.86849 13.22 0.032
1961.89562 13.103 0.036
1963.85601 12.911 0.038
1963.88055 13.099 0.034
1965.84655 11.689 0.035
1965.87375 11.726 0.035
1967.84609 12.329 0.035
1967.87628 12.345 0.033
1978.83942 12.412 0.047
1979.80071 12.343 0.044
1979.8643 12.783 0.048
1980.81385 12.787 0.045
1980.88963 12.978 0.046
1981.86483 12.884 0.042
1982.78977 12.813 0.037
1984.80064 12.965 0.044
1984.82085 12.829 0.048
1985.84948 12.78 0.044
1994.77679 12.87 0.046
1994.81344 12.89 0.05
1997.78608 12.528 0.049
1997.82235 11.74 0.051
1999.81947 12.386 0.052
2025.74536 12.851 0.028
2025.79965 13.084 0.026
2026.79233 12.829 0.03
2026.84487 12.861 0.03
2027.7659 12.751 0.03
2027.80363 12.868 0.034
2030.75508 12.076 0.03
2030.79505 12.205 0.028
2031.76397 12.281 0.031
2031.80174 12.546 0.03
2032.75109 12.435 0.029
2032.79104 12.613 0.026
2033.74442 12.754 0.031
2033.78446 12.762 0.025
2037.70244 13.119 0.04
2037.75238 12.992 0.037
2039.78603 11.974 0.038
2040.71881 12.15 0.041
2052.70843 12.207 0.036
2052.73958 12.339 0.033
2053.73249 12.576 0.034
2053.75911 12.604 0.03
2054.71831 12.62 0.04
2054.7517 12.685 0.034
2055.70006 12.671 0.038
2055.74034 12.716 0.031
2056.70131 12.72 0.033
2056.7415 12.931 0.029
2057.70167 12.867 0.036
2057.73738 12.849 0.027
2058.69848 13.032 0.031
2058.7297 12.831 0.033
2059.75946 12.603 0.063
2061.73174 12.009 0.036
2064.78667 12.793 0.054
2067.63664 12.702 0.038
2067.6478 12.627 0.035
2068.66203 13.065 0.04
2068.6686 12.873 0.035
2069.67132 12.865 0.034
2069.69145 12.869 0.036
2070.6653 12.929 0.032
2070.71436 12.777 0.038
2080.57528 12.822 0.034
2080.61604 12.795 0.03
2081.64349 12.798 0.031
2081.6817 12.727 0.028
2082.66378 12.371 0.03
2082.69509 11.949 0.026
2083.64568 11.981 0.045
2085.63646 12.23 0.029
2085.675 12.364 0.028
2086.64024 12.477 0.029
2086.68988 12.49 0.03
2087.63331 12.797 0.035
2087.67374 12.741 0.03
2088.63208 12.755 0.03
2088.66583 12.939 0.028
2093.55824 12.791 0.036
2093.58212 12.832 0.037
2094.61664 11.841 0.034
2096.60267 12.265 0.056
2096.61867 12.25 0.038
2102.5871 13.005 0.031
2102.61645 12.918 0.03
2103.60462 12.873 0.031
2103.6407 12.839 0.042
2104.60914 12.503 0.034
2104.64458 11.78 0.027
2105.60029 11.759 0.032
2105.63651 11.94 0.028
2106.60345 12.025 0.031
2106.63965 12.243 0.028
2109.59619 12.676 0.03
2109.6324 12.875 0.027
2114.76055 12.413 0.03
2115.62408 11.715 0.03
2116.57341 11.7 0.032
2116.60739 11.924 0.029
2117.56782 12.014 0.034
2117.6018 12.199 0.031
2124.54386 12.901 0.038
2124.57751 12.972 0.036
2125.5597 13.24 0.039
2125.59378 12.653 0.037
2128.60231 12.353 0.028
2129.55114 12.368 0.032
2129.58543 12.566 0.031
2130.56263 12.542 0.036
2130.59004 12.683 0.033
2131.54387 12.55 0.033
2131.57813 12.697 0.027
2132.55428 12.762 0.035
2132.58621 12.988 0.03
2133.54841 13.004 0.035
2133.57812 12.877 0.027
2134.55574 12.922 0.033
2134.58105 12.807 0.03
2135.54752 13.014 0.037
2135.57505 13.007 0.035
2136.54708 12.997 0.034
2136.57682 12.552 0.029
2140.53824 12.333 0.038
2141.56839 12.692 0.03
2142.55081 12.999 0.035
2142.56265 12.854 0.031
2143.55854 12.812 0.032
2143.56032 12.834 0.032
2144.53111 12.942 0.034
2144.55414 12.907 0.034
2145.54966 13.005 0.03
2151.50516 12.41 0.044
2156.4898 12.884 0.037
2167.49137 12.812 0.034
2168.5383 12.321 0.035
2169.60862 12.244 0.033
2171.52018 12.384 0.039
2172.52392 12.633 0.032
2179.52167 11.796 0.034
2180.51615 11.953 0.035
2183.51951 12.651 0.036
2184.49809 12.77 0.034
2187.48535 12.849 0.045
2187.51372 12.859 0.032
2190.50823 11.845 0.03
2190.52352 11.933 0.034
2192.54869 12.508 0.031
2193.51489 12.643 0.036
2194.55228 12.879 0.03
2196.53553 12.986 0.033
2196.55454 12.896 0.033
2198.54954 12.808 0.03
2199.5083 12.634 0.042
2202.512 12.406 0.039
2203.49384 12.446 0.041
2204.51837 12.522 0.03
2205.51554 12.727 0.035
2206.52571 12.868 0.031
2212.55285 12.423 0.038
2215.49497 12.729 0.053
2216.4999 12.873 0.033
2219.50438 12.982 0.037
2233.50801 12.305 0.04
2442.65521 12.935 0.037
2442.69005 12.767 0.039
2443.68965 12.878 0.042
2444.65562 12.884 0.027
2445.63507 12.321 0.029
2445.67355 11.796 0.034
2446.65836 12.03 0.031
2446.69431 12.228 0.028
2452.62006 12.782 0.042
2452.64952 12.887 0.04
2453.7655 11.802 0.03
2460.64002 12.746 0.025
2464.61111 12.865 0.034
2464.64508 12.721 0.032
2465.64876 12.964 0.033
2466.63923 11.928 0.035
2467.6091 11.588 0.023
2468.60377 11.946 0.031
2468.63997 12.215 0.031
2470.53838 12.166 0.037
2470.58008 12.519 0.031
2473.57024 12.943 0.037
2473.6043 12.835 0.04
2474.61921 12.827 0.032
2474.65122 12.977 0.034
2481.56437 12.564 0.047
2481.59506 12.516 0.048
2486.56363 12.853 0.045
2486.59781 12.906 0.043
2489.55492 11.69 0.058
2489.60327 11.998 0.032
2490.61038 12.311 0.041
2491.55753 12.3 0.048
2491.59166 12.445 0.039
2493.55266 12.727 0.036
2493.58246 12.752 0.034
2494.55818 12.93 0.036
2495.55981 12.924 0.039
2495.58958 12.942 0.034
2497.55485 12.942 0.035
2497.58688 12.971 0.035
2498.54297 12.944 0.035
2498.57723 12.731 0.033
2499.54556 12.454 0.031
2499.5731 11.577 0.03
2500.53379 11.621 0.039
2500.53379 11.626 0.043
2501.5583 12.232 0.039
2501.57459 12.307 0.036
2502.57409 12.538 0.046
2502.58363 12.529 0.04
2503.57876 12.657 0.051
2503.58381 12.673 0.049
2508.68284 11.979 0.031
2508.69592 12.114 0.033
2510.65684 12.384 0.038
2510.66907 12.364 0.048
2511.72866 12.843 0.052
2512.52098 12.165 0.036
2519.57841 12.319 0.045
2519.58131 12.135 0.046
2520.57449 11.798 0.022
2520.57739 11.808 0.023
2521.58415 12.271 0.025
2521.58707 12.259 0.021
2523.73926 12.903 0.023
2524.57458 13.047 0.04
2526.48811 12.771 0.024
2526.61221 12.853 0.025
2529.51453 12.843 0.045
2535.56396 12.809 0.026
2535.56692 12.985 0.024
2540.62204 12.028 0.031
2540.62988 12.05 0.027
2544.63169 12.74 0.023
2545.67319 12.759 0.022
2546.55367 12.925 0.027
2548.5449 12.899 0.025
2549.57527 12.853 0.024
2552.56839 12.193 0.041
2553.52404 12.221 0.027
2553.60615 12.618 0.027
2554.6382 12.598 0.041
2556.64496 12.944 0.029
2558.51953 12.903 0.027
2558.60217 12.851 0.026
2559.53528 12.878 0.033
2559.60076 12.685 0.03
2560.54703 12.677 0.031
2560.60887 11.976 0.031
2561.59772 12.12 0.042
2562.57224 12.235 0.031
2562.61001 12.301 0.034
2563.58855 12.464 0.029
2563.62629 12.568 0.034
2566.53489 12.662 0.028
2566.56051 12.82 0.032
2568.56892 12.816 0.037
2578.53574 12.756 0.029
2578.56426 12.72 0.027
2579.54203 12.853 0.03
2579.5659 12.803 0.028
2677.86666 13.076 0.038
2681.86943 12.395 0.025
2683.88787 12.777 0.031
2684.86817 12.988 0.032
2686.88323 12.783 0.034
2689.88786 11.819 0.04
2690.85395 11.846 0.043
2694.83501 12.753 0.027
2694.85733 13.028 0.038
2697.88824 12.95 0.027
2698.87386 12.826 0.045
2700.87593 11.928 0.03
2701.86926 12.229 0.031
2704.86378 12.647 0.029
2706.83267 12.879 0.027
2707.85716 12.91 0.06
2710.84196 11.859 0.025
2710.87764 11.964 0.032
2712.85583 12.358 0.028
2712.87399 12.507 0.035
2714.85034 12.66 0.027
2714.88727 12.841 0.034
2719.85362 12.825 0.042
2721.85658 12.045 0.052
2723.84575 12.532 0.038
2723.85562 12.557 0.025
2725.84454 12.746 0.035
2725.85166 12.914 0.032
2727.85961 12.794 0.035
2729.83478 12.792 0.033
2729.85848 12.803 0.028
2732.8599 12.327 0.042
2732.87763 12.351 0.04
2734.82264 12.598 0.041
2735.81278 12.541 0.031
2736.81512 12.669 0.033
2737.84498 12.791 0.031
2738.81969 13.011 0.036
2739.86749 12.766 0.037
2740.80938 12.828 0.026
2741.85193 12.042 0.036
2742.79788 11.974 0.052
2743.8416 12.412 0.036
2747.8795 12.868 0.055
2751.75435 12.788 0.036
2754.79541 12.28 0.044
2754.84561 12.386 0.038
2756.75743 12.448 0.037
2756.80356 12.646 0.03
2757.84434 12.681 0.044
2758.83944 12.886 0.026
2759.86147 13.002 0.031
2760.79061 12.899 0.047
2761.78767 12.832 0.049
2764.7813 12.114 0.033
2770.8365 12.863 0.043
2775.83789 12.467 0.058
2782.77762 12.868 0.038
2784.73495 12.522 0.036
2784.76877 11.847 0.038
2786.67982 11.845 0.039
2786.72593 12.014 0.034
2787.82495 12.503 0.042
2790.75467 12.633 0.04
2805.84304 12.27 0.037
2805.85494 12.24 0.042
2809.74243 12.502 0.033
2809.74922 12.595 0.049
2810.84573 12.84 0.025
2810.85516 12.855 0.029
2812.64137 12.741 0.04
2812.65671 12.734 0.034
2813.83135 12.815 0.033
2813.85345 12.344 0.026
2820.85954 12.947 0.031
2820.86187 12.914 0.029
2829.59551 13.031 0.052
2830.72342 12.453 0.051
2832.60409 12.388 0.045
2832.62269 12.545 0.045
2833.71967 13.076 0.035
2833.73357 12.791 0.057
2835.63277 12.89 0.049
2836.59431 12.926 0.037
2838.66574 12.167 0.044
2840.71134 12.37 0.04
2840.83495 12.877 0.038
2841.84432 12.898 0.031
2843.66366 12.856 0.037
2845.78027 13.013 0.022
2854.54778 12.416 0.036
2854.55951 12.531 0.028
2857.79441 11.88 0.04
2859.56284 12.739 0.042
2859.56476 13.128 0.027
2860.68247 12.086 0.039
2860.68708 12.111 0.03
2861.79215 12.784 0.036
2862.60834 12.185 0.045
2866.60884 12.822 0.041
2866.62313 12.926 0.03
2867.69811 13.213 0.027
2867.71011 13.001 0.025
2872.62686 12.154 0.027
2874.74216 12.93 0.029
2875.64377 12.917 0.021
2876.64417 12.883 0.026
2877.62948 12.756 0.036
2878.63939 12.868 0.038
2879.63284 12.925 0.024
2883.56688 12.12 0.037
2884.62086 12.473 0.03
2885.54234 12.523 0.024
2886.5303 12.682 0.043
2888.61316 12.73 0.035
2888.69821 12.917 0.032
2892.6693 12.491 0.034
2892.70019 12.567 0.043
2894.58404 12.359 0.032
2896.62145 12.822 0.029
2897.72079 12.896 0.029
2898.60658 12.856 0.026
2899.68811 12.148 0.038
2900.60137 12.807 0.027
2902.48669 12.758 0.022
2904.58846 12.381 0.029
2906.59161 12.614 0.027
2908.50057 12.675 0.023
2909.59102 12.952 0.028
2910.51312 12.918 0.021
2911.56473 12.801 0.029
2912.52947 12.671 0.023
2913.66362 12.535 0.045
2916.56249 12.743 0.032
2916.60097 12.93 0.028
2918.59676 12.861 0.04
2918.62776 12.88 0.031
2922.56246 12.158 0.034
2922.57981 12.025 0.032
2924.57019 12.334 0.032
2924.58884 12.283 0.034
2927.56936 12.656 0.029
2927.58671 12.804 0.026
2929.5705 12.815 0.028
2929.58783 12.732 0.026
2931.59489 12.765 0.026
2933.56668 12.182 0.032
2935.56363 12.26 0.029
2935.58315 12.3 0.035
2937.56261 12.535 0.031
2937.58331 12.684 0.028
2940.53818 12.81 0.03
2940.559 12.856 0.027
2942.52928 12.56 0.046
2942.54987 12.771 0.04
2944.54428 11.969 0.04
2944.55922 11.885 0.036
2947.54443 12.502 0.034
2949.56909 12.591 0.035
2950.52951 12.814 0.042
2951.56913 12.852 0.038
2954.53037 12.344 0.029
2956.55467 12.267 0.044
2958.51037 12.528 0.032
2958.55334 12.51 0.027
2961.51291 12.804 0.03
2963.54569 12.956 0.031
2966.5228 11.873 0.027
2969.52062 12.521 0.033
3054.88222 12.394 0.029
3060.89197 12.726 0.032
3064.88958 12.5 0.036
3066.89115 13.024 0.028
3068.8864 12.982 0.033
3070.84599 12.696 0.038
3072.87831 11.965 0.054
3074.83884 12.14 0.037
3076.8707 12.822 0.03
3077.85806 12.862 0.038
3079.87694 12.977 0.048
3080.8805 12.889 0.031
3082.90773 12.173 0.033
3086.88313 12.685 0.031
3087.84578 12.804 0.036
3090.8235 12.934 0.036
3090.8748 12.823 0.035
3093.87886 12.08 0.036
3097.81847 12.542 0.041
3099.86927 12.79 0.043
3100.8684 12.846 0.04
3102.85041 12.533 0.038
3103.87028 11.919 0.037
3105.82744 12.297 0.032
3106.8755 12.51 0.041
3108.82503 12.827 0.035
3111.81659 12.889 0.035
3112.85318 12.733 0.032
3114.80734 12.043 0.03
3115.84348 12.35 0.031
3116.87277 12.383 0.028
3122.81904 12.718 0.034
3122.88423 12.697 0.03
3125.73477 12.743 0.038
3125.77235 12.085 0.035
3127.74974 12.221 0.061
3127.79817 12.851 0.058
3130.7917 12.973 0.039
3131.79094 12.888 0.04
3132.83905 12.561 0.038
3141.84819 12.588 0.062
3142.77748 12.948 0.051
3146.67597 12.939 0.028
3146.72893 12.948 0.023
3153.77252 13.013 0.028
3153.81221 12.772 0.03
3156.7495 12.963 0.029
3158.77408 12.035 0.039
3158.8051 12.37 0.036
3160.8622 12.783 0.053
3162.73863 12.816 0.03
3163.78993 13.165 0.03
3164.77592 12.815 0.03
3168.82069 12.548 0.028
3169.78454 12.283 0.028
3171.7521 12.569 0.037
3172.76781 12.843 0.037
3175.7526 13.169 0.028
3176.69645 13.176 0.027
3178.64697 12.949 0.037
3182.67202 12.302 0.026
3183.73136 12.887 0.03
3184.68481 12.764 0.03
3185.68794 12.985 0.036
3186.71097 12.764 0.04
3187.72924 12.862 0.038
3189.73546 11.546 0.041
3190.74873 12.08 0.04
3191.83739 12.79 0.043
3273.64269 11.955 0.045
3278.63157 12.773 0.046
3278.63497 12.748 0.041
3323.54496 12.915 0.043
3404.87598 12.079 0.039
3408.88576 12.778 0.046
3417.86762 12.748 0.048
3421.85865 12.975 0.056
3422.8795 12.689 0.046
3425.84589 12.009 0.05
3426.87616 12.441 0.041
3430.87015 12.881 0.031
3431.86558 12.79 0.043
3434.86567 11.881 0.04
3443.85716 12.715 0.033
3443.89282 12.156 0.031
3446.86733 12.276 0.029
3447.84941 12.468 0.037
3449.86725 12.715 0.05
3450.86562 12.772 0.044
3453.7948 12.841 0.059
3455.83528 11.944 0.046
3456.86075 12.181 0.042
3458.85383 12.585 0.037
3459.84894 12.694 0.031
3462.83041 12.924 0.037
3463.83896 12.924 0.038
3465.84795 12.196 0.034
3466.86852 12.204 0.037
3468.83589 12.459 0.031
3469.89718 12.743 0.032
3471.82629 12.855 0.03
3473.82343 12.793 0.028
3474.82823 13.05 0.047
3476.90196 12.138 0.046
3477.81859 12.062 0.035
3479.84803 12.502 0.039
3480.79416 12.527 0.039
3482.83175 13.081 0.04
3487.81005 11.948 0.063
3487.85218 11.919 0.037
3490.82879 12.823 0.046
3490.84099 12.687 0.042
3492.84069 12.965 0.042
3496.82009 13.113 0.03
3496.85111 12.498 0.035
3500.75673 12.183 0.032
3500.81345 12.406 0.045
3502.83753 12.9 0.041
3503.78597 12.733 0.027
3506.83643 12.962 0.029
3508.85206 11.87 0.037
3509.82818 12.033 0.027
3511.72242 12.034 0.031
3512.70649 12.189 0.033
3515.76683 13.106 0.042
3516.77201 12.923 0.035
3517.76709 13.023 0.032
3520.76056 11.77 0.035
3521.73029 11.958 0.042
3522.7846 12.621 0.04
3523.76691 12.616 0.035
3524.80355 13.065 0.043
3530.66766 13.053 0.03
3538.70738 13.189 0.033
3538.74755 12.875 0.027
3540.70293 13.044 0.036
3544.7932 12.589 0.035
3547.86266 13.204 0.053
3550.75788 12.617 0.036
3551.84952 12.391 0.036
3553.69398 11.955 0.028
3554.77074 12.729 0.038
3558.61989 12.97 0.041
3559.65942 12.736 0.03
3561.68775 12.965 0.027
3562.66053 12.849 0.037
3563.67899 11.774 0.028
3564.65255 11.916 0.029
3569.69389 12.929 0.03
3569.70961 12.834 0.03
3571.71415 12.975 0.035
3571.72049 12.817 0.034
3573.84578 12.675 0.039
3574.72556 12.335 0.036
3576.59863 12.154 0.027
3576.74279 12.699 0.03
3578.63669 12.59 0.027
3578.73432 12.782 0.034
3582.84881 12.428 0.039
3583.67976 11.917 0.029
3585.56841 12.402 0.032
3585.73374 12.458 0.03
3587.616 12.427 0.026
3587.7482 12.905 0.034
3589.62963 12.74 0.025
3590.56926 12.881 0.029
3591.69309 12.899 0.03
3592.57384 12.841 0.03
3594.54025 13.03 0.039
3597.61105 12.223 0.051
3597.67988 12.591 0.032
3602.63432 12.899 0.038
3602.71738 12.419 0.046
3606.51944 12.798 0.03
3609.5321 12.596 0.051
3617.55627 12.076 0.035
3617.56452 11.934 0.035
3619.6098 12.709 0.031
3619.61979 12.544 0.033
3621.65431 12.832 0.039
3621.6794 12.901 0.044
3624.6655 12.132 0.031
3624.67881 12.041 0.029
3626.66591 12.333 0.036
3626.67672 12.256 0.035
3629.66071 12.857 0.046
3629.66886 12.634 0.043
3631.67757 12.825 0.041
3631.68077 13.033 0.043
3632.51039 12.723 0.036
3633.68957 13.094 0.041
3634.60142 13.258 0.051
3637.58084 12.037 0.028
3637.61131 12.157 0.042
3641.56609 12.73 0.029
3643.51396 12.719 0.051
3643.61 13.096 0.038
3646.58747 12.711 0.032
3647.5544 12.48 0.028
3649.54056 12.07 0.058
3651.55773 12.633 0.03
3652.51641 12.607 0.039
3653.55991 12.922 0.046
3654.5424 12.95 0.037
3655.57367 12.777 0.032
3656.57064 12.804 0.034
3657.61715 11.845 0.041
3659.54197 11.992 0.039
3660.53998 12.115 0.041
3661.55899 12.455 0.043
3662.57266 12.605 0.05
3663.56849 12.805 0.038
3664.58846 12.893 0.038
3666.56372 12.825 0.033
3668.56085 12.149 0.025
3670.5141 11.815 0.028
3670.58566 12.317 0.027
3673.52184 12.712 0.031
3673.53939 12.719 0.028
3676.51984 12.984 0.031
3676.53241 12.84 0.029
3679.5073 12.726 0.065
3679.51407 13.007 0.048
3702.51404 11.946 0.045
3774.87783 12.73 0.048
3789.86864 12.487 0.04
3790.86873 13.059 0.046
3793.85005 12.709 0.044
3794.88337 12.85 0.043
3797.84496 12.006 0.035
3798.86902 12.349 0.05
3802.88616 12.806 0.055
3803.88833 13.04 0.051
3806.84732 12.713 0.043
3807.89109 12.17 0.035
3811.87266 12.935 0.045
3813.86527 12.723 0.042
3815.85415 12.84 0.041
3817.84043 12.271 0.042
3818.87429 12.089 0.04
3820.87948 12.93 0.046
3822.83979 12.732 0.036
3823.89473 13.217 0.049
3826.83652 12.824 0.046
3826.88417 12.752 0.043
3829.84807 12.042 0.039
3830.844 12.3 0.043
3832.84601 12.785 0.035
3833.86893 13.023 0.046
3835.82422 12.465 0.056
3836.88036 13.352 0.046
3851.78702 11.962 0.034
3851.84043 12.441 0.035
3853.8525 12.658 0.031
3856.77534 12.894 0.032
3860.80641 11.72 0.035
3861.76554 11.639 0.032
3862.8526 12.438 0.029
3863.80324 12.544 0.034
3864.79547 12.609 0.036
3865.77224 12.875 0.035
3866.80553 13.012 0.033
3867.77967 13.16 0.038
3868.82278 12.77 0.044
3869.77158 12.952 0.055
3870.77644 12.899 0.04
3871.79736 11.585 0.041
3872.82469 12.215 0.034
3874.88749 13.048 0.033
3877.72859 12.926 0.031
3879.89941 11.683 0.054
3880.78958 13.006 0.03
3882.74884 11.949 0.034
3883.7134 11.654 0.033
3886.80057 12.712 0.031
3887.72873 12.842 0.032
3891.72147 12.965 0.027
3893.7156 11.977 0.032
3893.77747 11.97 0.03
3896.72259 12.472 0.04
3896.77699 12.555 0.041
3898.75454 12.834 0.04
3898.7745 12.976 0.04
3900.82067 13.03 0.046
3900.84421 12.919 0.039
3902.80952 11.773 0.036
3903.6898 12.959 0.03
3904.82408 12.502 0.032
3905.74811 12.362 0.028
3906.86373 12.907 0.034
3907.76314 12.756 0.029
3909.69996 12.792 0.03
3909.87171 12.955 0.036
3913.70283 13.013 0.032
3913.82364 12.189 0.038
4153.89647 12.758 0.044
4161.88519 12.42 0.04
4174.87399 12.655 0.051
4185.85592 13.053 0.051
4187.87958 13.199 0.041
4189.84947 12.96 0.032
4190.86882 11.784 0.041
4192.82998 12.13 0.04
4193.83724 12.437 0.041
4199.79846 12.798 0.051
4202.90235 12.425 0.035
4203.83338 12.134 0.034
4205.88211 12.812 0.039
4213.85656 12.329 0.041
4213.89534 12.52 0.045
4216.855 12.675 0.039
4227.80688 12.758 0.035
4227.82298 12.739 0.035
4229.81685 12.81 0.033
4229.85467 13.041 0.038
4231.81939 12.916 0.031
4231.85821 12.782 0.045
4233.85544 12.093 0.055
4234.78823 12.074 0.038
4238.83292 12.937 0.058
4246.7284 11.916 0.041
4247.75927 12.403 0.038
4250.72522 12.807 0.04
4251.81822 13.344 0.055
4253.87424 12.089 0.047
4254.69043 12.966 0.037
4256.69719 11.815 0.032
4258.77114 12.656 0.035
4269.76112 12.81 0.042
4273.66153 12.989 0.035
4273.70082 12.886 0.034
4278.67208 12.156 0.032
4278.69666 12.242 0.031
4283.76386 12.812 0.06
4283.7839 12.937 0.051
4285.7535 12.186 0.045
4285.76198 11.966 0.043
4289.74575 12.525 0.034
4289.7543 12.567 0.032
4291.74548 12.744 0.031
4291.75477 12.859 0.029
4293.72986 13.021 0.03
4293.73252 12.911 0.028
4295.73892 12.734 0.038
4295.74164 12.62 0.029
4297.72951 11.849 0.058
4297.73307 12.012 0.048
4299.70399 12.385 0.033
4299.71211 12.485 0.031
4301.66083 12.476 0.037
4301.66359 12.434 0.037
4303.6689 12.891 0.035
4305.62172 12.688 0.041
4305.65823 12.861 0.029
4306.82316 12.214 0.033
4307.62954 12.802 0.032
4308.70444 12.256 0.055
4308.86176 12.643 0.059
4310.73166 12.668 0.047
4310.76769 12.706 0.036
4312.75303 13.07 0.045
4312.78174 12.921 0.041
4316.56954 12.791 0.04
4319.59095 12.393 0.029
4319.61429 12.274 0.032
4330.53684 12.734 0.03
4330.57629 12.184 0.047
4332.54559 12.163 0.038
4332.57555 12.155 0.03
4334.55911 12.565 0.039
4334.57971 12.539 0.029
4338.57995 12.837 0.045
4339.73052 12.118 0.039
4340.6504 11.991 0.041
4341.7053 12.824 0.037
4342.64312 12.422 0.044
4343.70336 12.642 0.051
4344.64348 12.7 0.042
4345.70502 13.014 0.033
4347.70341 12.812 0.034
4348.64764 12.793 0.033
4349.7023 11.847 0.037
4350.65769 11.85 0.039
4351.72631 12.595 0.059
4353.52226 11.885 0.03
4354.61077 12.547 0.029
4355.61197 12.834 0.031
4356.63707 13.187 0.032
4357.61609 12.805 0.033
4358.66501 12.795 0.03
4359.59047 12.894 0.034
4361.56803 12.87 0.032
4362.70065 12.492 0.028
4363.56628 12.002 0.03
4364.60919 12.536 0.031
4365.58238 12.412 0.033
4367.64016 12.955 0.046
4368.62461 12.764 0.044
4369.67157 12.799 0.048
4372.51447 13.022 0.046
4372.63494 11.99 0.048
4375.54625 12.381 0.029
4375.63201 12.878 0.033
4377.55267 12.782 0.034
4378.51036 12.898 0.038
4379.55487 13.2 0.032
4380.56635 12.887 0.041
4381.60635 13.064 0.041
4382.61615 11.573 0.034
4383.64745 12.17 0.037
4385.52356 12.039 0.029
4386.54804 12.511 0.029
4387.52598 12.651 0.031
4389.52457 12.91 0.043
4392.5403 12.91 0.04
4393.54508 13.104 0.049
4400.59589 12.803 0.06
4402.53714 12.948 0.037
4407.54561 12.399 0.033
4408.53418 12.618 0.038
4411.53213 12.823 0.035
4411.55705 12.968 0.038
4427.53806 12.263 0.059
4431.51325 13.051 0.053
4519.88823 13.309 0.05
4523.87994 12.346 0.033
4527.86821 12.866 0.033
4531.8626 12.26 0.046
4536.86653 12.653 0.032
4537.85945 12.936 0.032
4540.88631 13.022 0.044
4552.84702 12.854 0.038
4555.87007 12.425 0.039
4558.87412 13.059 0.031
4559.8571 12.989 0.034
4561.86429 12.972 0.034
4564.86041 11.905 0.032
4565.84331 12.252 0.034
4567.86216 12.737 0.034
4568.83291 12.775 0.045
4570.90037 12.847 0.031
4571.78852 12.825 0.038
4573.82807 12.695 0.039
4573.86281 11.844 0.042
