2510.65563 12.381 0.033
2526.611 12.74 0.024
2526.611 12.784 0.024
2535.55791 12.534 0.029
2558.49325 12.585 0.031
2560.51916 12.426 0.033
2706.89148 12.881 0.03
2709.89338 12.473 0.038
2712.89228 12.475 0.029
2724.88475 13.132 0.032
2728.87477 12.822 0.044
2729.86514 12.601 0.036
2733.87093 12.514 0.031
2736.84452 12.656 0.035
2738.91675 12.776 0.029
2740.89736 12.42 0.026
2742.86674 12.768 0.038
2744.86311 12.608 0.034
2749.86449 12.571 0.031
2751.82249 12.407 0.042
2754.8593 12.394 0.025
2756.83256 12.817 0.026
2758.84179 12.646 0.033
2760.82261 13.324 0.039
2764.79794 12.65 0.027
2775.8358 12.936 0.049
2782.83095 12.509 0.029
2784.76677 12.501 0.027
2790.75737 12.509 0.027
2805.85311 12.806 0.054
2809.74743 12.669 0.029
2810.85339 12.463 0.03
2812.67631 12.544 0.03
2814.84469 12.496 0.03
2819.70978 12.616 0.029
2826.69965 12.471 0.047
2830.6471 12.36 0.028
2832.62565 12.896 0.033
2833.73652 12.66 0.042
2835.63574 12.789 0.034
2838.65689 12.771 0.035
2840.70478 12.351 0.03
2840.72141 12.549 0.049
2840.72141 12.575 0.039
2845.69851 12.849 0.027
2851.70191 12.57 0.032
2854.56247 12.968 0.027
2858.60533 12.525 0.03
2859.65557 12.757 0.032
2861.62949 12.736 0.041
2866.58799 12.45 0.029
2867.69465 12.586 0.031
2872.57322 12.594 0.025
2872.57322 12.637 0.025
2875.60683 12.604 0.029
2879.59822 12.542 0.024
2882.62178 12.661 0.039
2884.58193 12.434 0.028
2885.60129 12.771 0.028
2888.60146 12.753 0.033
2893.51266 12.741 0.034
2894.57832 12.412 0.044
2894.57832 12.441 0.038
2895.52303 12.597 0.03
2897.5366 12.591 0.029
2901.52717 12.307 0.046
2904.60867 12.35 0.066
2908.49405 12.596 0.033
2910.50655 12.685 0.026
2912.5229 12.346 0.033
2915.54917 12.544 0.034
2922.53069 12.479 0.038
2924.53598 13.206 0.033
2927.53744 12.65 0.033
2932.51005 12.68 0.029
2934.51439 12.476 0.031
2940.49876 12.827 0.073
3078.89057 12.35 0.049
3081.90126 12.747 0.058
3088.89073 12.572 0.052
3092.88578 12.858 0.051
3097.9162 12.54 0.037
3101.90074 12.513 0.061
3104.8985 12.789 0.056
3107.90541 12.595 0.048
3110.89833 12.927 0.051
3113.882 12.72 0.037
3116.8616 12.57 0.036
3122.86364 12.791 0.039
3132.84181 12.662 0.048
3132.84181 12.875 0.048
3141.88052 13.688 0.065
3146.75793 12.539 0.051
3153.80993 12.674 0.031
3153.80993 12.675 0.031
3156.755 12.429 0.034
3158.80812 12.668 0.043
3162.7365 12.683 0.042
3164.76597 13.153 0.034
3169.7799 12.59 0.035
3172.76256 12.726 0.046
3176.70741 12.769 0.037
3176.70741 12.839 0.037
3179.68558 12.711 0.042
3182.69334 12.723 0.036
3184.68051 12.501 0.05
3186.69849 12.708 0.05
3189.72843 12.827 0.047
3271.59107 12.825 0.035
3274.59281 12.481 0.038
3277.5617 12.444 0.045
3279.57733 12.663 0.037
3292.49909 12.743 0.059
3295.49312 12.388 0.029
3299.52089 12.622 0.038
3434.90296 13.289 0.045
3445.90831 12.593 0.042
3453.88828 12.478 0.049
3456.90972 12.537 0.049
3463.87342 12.644 0.046
3467.86581 12.533 0.037
3469.88538 12.815 0.044
3475.85526 12.275 0.074
3476.8907 12.891 0.047
3478.83588 12.447 0.053
3479.86424 12.602 0.041
3481.82174 12.493 0.047
3483.85445 13.066 0.046
3487.83844 13.081 0.048
3490.83389 12.954 0.063
3490.8589 12.955 0.054
3492.82882 12.23 0.046
3496.81599 12.525 0.039
3500.79929 12.286 0.042
3500.81956 12.574 0.045
3502.8802 12.475 0.051
3503.79782 12.476 0.04
3509.78431 12.609 0.036
3512.73722 12.735 0.044
3512.7502 12.745 0.058
3516.78366 12.852 0.042
3525.71517 12.368 0.038
3526.87387 12.431 0.044
3529.74907 12.415 0.037
3537.77935 13.243 0.06
3538.7106 12.803 0.041
3539.73919 12.821 0.039
3540.69741 12.28 0.043
3542.69303 12.902 0.046
3544.75278 12.634 0.044
3547.79865 12.968 0.036
3550.75457 12.765 0.051
3551.7875 12.822 0.048
3554.74437 12.598 0.033
3558.65752 12.327 0.042
3562.69447 12.85 0.048
3564.67576 12.48 0.035
3569.66694 12.777 0.036
3569.72313 12.924 0.041
3571.6924 12.653 0.04
3571.73003 12.281 0.054
3576.71387 12.856 0.04
3578.69444 12.418 0.043
3583.66296 12.617 0.04
3585.72353 12.527 0.044
3587.72837 12.404 0.039
3590.58203 12.426 0.034
3592.59097 12.862 0.051
3599.6844 12.332 0.048
3602.52696 12.316 0.049
3602.64102 12.489 0.053
3604.56092 12.482 0.062
3608.55122 12.421 0.041
3617.54183 12.732 0.041
3621.64676 12.491 0.046
3628.60431 12.303 0.044
3631.52907 13.158 0.044
3633.5496 12.627 0.049
3639.57238 12.343 0.034
3642.57653 12.599 0.041
3646.55788 12.566 0.032
3649.52415 12.941 0.044
3651.53014 12.637 0.04
3653.54497 12.461 0.059
3656.53991 12.759 0.039
3659.51699 12.623 0.047
3661.53455 12.584 0.049
3664.5123 12.541 0.045
3668.50465 12.331 0.034
3672.50081 12.487 0.04
3814.90637 12.701 0.058
3818.8967 12.495 0.049
3821.88017 12.628 0.047
3822.89552 12.523 0.045
3826.89363 12.531 0.053
3829.87132 12.331 0.044
3829.90281 12.39 0.047
3832.88447 12.341 0.044
3833.86285 12.153 0.055
3848.85483 12.488 0.069
3851.82751 12.518 0.041
3851.84787 12.474 0.039
3857.8289 12.75 0.071
3859.82619 12.596 0.049
3860.81242 13.101 0.039
3861.81071 12.521 0.045
3862.84405 12.822 0.04
3863.88572 12.497 0.04
3864.80451 12.831 0.044
3865.79587 12.544 0.043
3866.82676 12.575 0.049
3867.80063 12.864 0.048
3868.81695 12.469 0.053
3869.78621 12.787 0.069
3870.78257 12.391 0.049
3871.80008 12.617 0.045
3872.82157 12.448 0.05
3877.75805 12.652 0.039
3880.85001 12.988 0.044
3883.80146 12.47 0.04
3887.73674 12.376 0.041
3891.74263 12.388 0.039
3893.73797 12.553 0.04
3896.72902 12.811 0.051
3898.77158 12.658 0.053
3898.82016 12.961 0.058
3900.84092 12.767 0.055
3901.6875 12.274 0.05
3903.70613 12.997 0.039
3903.70812 12.927 0.042
3905.6991 12.597 0.045
3905.72893 12.533 0.038
3907.69727 12.681 0.038
3907.74454 12.385 0.037
3909.85645 12.687 0.044
3913.81354 12.619 0.042
4182.89817 12.732 0.051
4190.89196 12.605 0.044
4193.88539 12.921 0.051
4202.87833 12.493 0.045
4205.85832 12.436 0.049
4213.85902 12.389 0.053
4227.81441 12.344 0.044
4229.81948 12.775 0.042
4231.89167 12.663 0.045
4234.77582 12.566 0.045
4247.74614 12.925 0.053
4251.81108 12.352 0.068
4253.73791 12.694 0.052
4255.86009 12.405 0.054
4258.72363 12.721 0.043
4273.80606 12.507 0.042
4278.67865 12.391 0.04
4278.69389 12.658 0.039
4282.70194 12.761 0.057
4282.74653 12.656 0.063
4284.70629 12.494 0.046
4284.73905 12.499 0.048
4290.73276 12.579 0.043
4292.71707 12.642 0.043
4296.67917 12.648 0.049
4296.72468 13.364 0.055
4298.73332 12.906 0.06
4300.64863 12.793 0.06
4302.69611 12.63 0.046
4302.7482 12.607 0.043
4304.64073 12.884 0.036
4304.68639 12.794 0.041
4306.67602 12.493 0.04
4308.65099 12.52 0.067
4308.6799 12.172 0.064
4310.70022 12.519 0.047
4310.71438 12.728 0.061
4312.72774 12.668 0.053
4316.66443 12.32 0.039
4319.59849 12.776 0.035
4319.65537 12.61 0.046
4330.57357 12.892 0.041
4330.61627 12.583 0.039
4332.57282 12.489 0.042
4332.6127 12.707 0.039
4334.57699 12.612 0.035
4334.60627 12.457 0.039
4338.57596 12.54 0.04
4338.60919 12.301 0.044
4340.6306 12.962 0.049
4342.62658 12.408 0.055
4343.59313 12.796 0.055
4344.62221 12.507 0.049
4346.6226 12.642 0.039
4348.62503 12.541 0.041
4350.62966 13.388 0.05
4353.51926 12.482 0.037
4354.57851 12.747 0.044
4355.61052 12.576 0.037
4356.59816 12.515 0.041
4357.61454 12.908 0.042
4358.57843 12.774 0.038
4360.5675 12.391 0.054
4361.5607 12.966 0.036
4363.56066 12.531 0.038
4365.58078 12.851 0.042
4369.5391 13.074 0.058
4369.54706 12.784 0.054
4371.56253 12.568 0.053
4373.57238 12.635 0.042
4376.56267 12.694 0.039
4379.50634 12.786 0.039
4381.56278 12.368 0.049
4384.52685 12.288 0.039
4389.50549 12.593 0.045
4542.9076 12.341 0.052
4546.90635 12.426 0.055
4555.88169 12.853 0.051
4558.89837 12.768 0.041
4562.88996 12.859 0.053
4566.88449 12.65 0.052
4569.9089 12.813 0.042
4572.89026 12.598 0.041
