1954.89573 11.523 0.054
1955.87543 11.608 0.03
1962.85962 11.663 0.035
1964.86713 11.583 0.029
1966.8618 11.234 0.028
1978.84381 11.288 0.042
1979.8687 11.296 0.041
1980.89656 11.234 0.045
1981.87619 11.465 0.035
1982.81664 11.287 0.036
1994.80649 11.193 0.041
1997.81782 11.375 0.046
2016.77141 11.633 0.043
2025.80232 11.497 0.027
2026.83408 11.385 0.032
2027.79955 11.572 0.03
2030.7888 11.126 0.027
2031.79774 11.181 0.028
2032.78704 11.216 0.027
2033.77594 11.383 0.026
2037.74626 11.118 0.031
2039.78435 11.159 0.036
2052.73585 11.615 0.031
2054.74793 11.285 0.033
2054.74793 11.31 0.033
2055.73216 11.151 0.032
2055.73216 11.173 0.032
2056.73552 11.16 0.031
2057.73142 11.201 0.03
2058.73273 11.225 0.031
2058.73273 11.241 0.031
2061.7258 11.602 0.031
2064.80555 11.54 0.043
2064.80555 11.631 0.043
2069.7702 11.251 0.033
2070.71751 11.609 0.032
2080.6214 11.167 0.031
2081.67363 11.191 0.032
2083.67349 11.276 0.052
2085.66467 11.615 0.029
2086.67676 11.594 0.028
2086.67676 11.597 0.028
2087.66345 11.418 0.033
2087.66345 11.444 0.033
2088.65771 11.293 0.031
2093.58078 11.371 0.032
2096.69675 11.595 0.033
2102.61958 11.632 0.029
2103.63033 11.611 0.031
2104.63865 11.606 0.028
2105.63056 11.292 0.028
2106.63151 11.231 0.028
2109.6287 11.204 0.029
2114.77272 11.176 0.031
2115.62264 11.233 0.029
2116.60593 11.142 0.03
2117.59585 11.247 0.029
2124.56591 11.128 0.033
2124.56591 11.227 0.033
2125.58104 11.161 0.035
2128.58257 11.516 0.03
2129.5816 11.679 0.031
2130.58849 11.576 0.029
2131.57425 11.301 0.03
2132.58457 11.223 0.029
2133.57652 11.187 0.027
2134.57945 11.169 0.03
2135.57792 11.242 0.032
2136.57519 11.317 0.028
2140.55281 11.24 0.036
2140.55281 11.246 0.036
2141.56672 11.196 0.03
2142.56097 11.16 0.03
2143.55681 11.178 0.031
2144.55241 11.247 0.033
2145.54794 11.476 0.032
2151.54198 11.144 0.037
2156.49992 11.278 0.03
2164.49057 11.404 0.028
2168.52795 11.182 0.031
2171.50234 12.016 0.031
2173.53158 11.546 0.028
2179.4855 11.292 0.033
2183.4884 11.421 0.031
2187.48361 11.211 0.028
2187.48361 11.299 0.028
2190.51486 11.352 0.03
2193.50848 11.395 0.03
2196.51498 11.187 0.031
2199.50398 11.346 0.03
2199.50398 11.462 0.03
2206.49568 11.178 0.032
2213.51687 11.274 0.032
2217.50887 11.223 0.031
2440.68987 11.164 0.021
2441.69001 11.216 0.027
2442.68193 11.282 0.023
2443.67929 11.486 0.02
2444.68123 11.672 0.052
2445.6699 11.579 0.052
2446.68392 11.436 0.025
2454.68541 11.693 0.045
2464.63464 11.256 0.028
2465.63834 11.169 0.029
2466.63108 11.198 0.023
2467.63492 11.23 0.02
2468.62958 11.276 0.023
2470.5787 11.346 0.028
2473.59839 11.172 0.032
2474.64981 11.271 0.026
2481.58463 11.224 0.045
2482.62804 11.333 0.036
2486.58952 11.466 0.041
2490.60872 11.393 0.037
2490.62964 11.512 0.035
2491.59011 11.199 0.039
2493.58772 11.21 0.028
2494.58857 11.276 0.036
2497.58295 11.654 0.025
2498.57338 11.368 0.025
2499.5715 11.269 0.023
2500.54802 11.19 0.031
2501.57293 11.178 0.029
2502.582 11.202 0.034
2508.59423 11.313 0.038
2511.61358 11.214 0.046
2519.66611 11.653 0.021
2520.66399 11.523 0.023
2520.66399 11.541 0.023
2521.67577 11.419 0.022
2526.64629 11.39 0.023
2535.58933 11.629 0.027
2540.64502 11.214 0.036
2544.64141 11.372 0.024
2546.5634 11.209 0.023
2548.55011 11.237 0.021
2552.57351 11.685 0.036
2553.60903 11.479 0.024
2560.59198 11.288 0.032
2561.59012 11.453 0.036
2564.53972 11.208 0.03
2565.58151 11.261 0.028
2683.88265 11.226 0.028
2686.88494 11.257 0.03
2689.88959 11.717 0.032
2694.85913 11.49 0.037
2698.87118 11.734 0.033
2701.86426 11.198 0.028
2704.86119 11.224 0.026
2707.8546 11.759 0.05
2709.88892 11.722 0.034
2712.83417 11.255 0.025
2719.85805 11.264 0.031
2721.86614 11.141 0.045
2725.80813 11.454 0.024
2727.85027 11.439 0.03
2729.84894 11.238 0.035
2732.87077 11.199 0.021
2735.80815 11.293 0.025
2737.84285 11.322 0.03
2739.85147 11.183 0.026
2741.85442 11.251 0.025
2743.83724 11.658 0.025
2747.86759 11.349 0.048
2755.78135 11.162 0.022
2759.87832 11.165 0.021
2761.79677 11.639 0.025
2763.78661 11.249 0.026
2768.84755 11.134 0.031
2770.83255 11.39 0.028
2775.84319 11.252 0.054
2783.67269 11.693 0.031
2786.73126 11.618 0.025
2790.74101 11.175 0.026
2808.84429 11.335 0.027
2810.65911 11.608 0.025
2811.84706 11.525 0.024
2813.73381 11.519 0.022
2820.87521 11.606 0.028
2830.73606 11.245 0.025
2834.68183 11.234 0.033
2836.60914 11.548 0.033
2838.80497 11.37 0.027
2840.85262 11.426 0.026
2845.8004 11.653 0.021
2851.8338 11.184 0.025
2853.59679 11.277 0.028
2854.55799 11.609 0.023
2856.81348 11.644 0.03
2861.601 11.242 0.037
2872.69277 11.19 0.021
2875.69691 11.182 0.024
2877.6694 11.661 0.024
2879.68873 11.55 0.023
2884.66307 11.261 0.024
2888.72531 11.489 0.03
2888.72531 11.53 0.03
2893.5599 11.357 0.035
2894.67331 11.302 0.039
2896.63443 11.392 0.026
2898.61729 11.179 0.026
2900.60947 11.229 0.025
2900.60947 11.249 0.025
2904.59648 11.319 0.03
2906.59961 11.148 0.023
2909.62184 11.182 0.026
2911.57532 11.589 0.024
2916.50546 11.556 0.031
2917.59788 11.218 0.027
2921.59511 11.684 0.034
2923.58512 11.293 0.032
2926.58359 11.18 0.026
2928.58553 11.354 0.027
2930.57787 11.697 0.026
2932.57614 11.27 0.028
2934.57258 11.161 0.027
2943.51963 11.27 0.032
2945.53998 11.42 0.033
2951.51628 11.188 0.034
2954.51995 11.52 0.027
2956.54663 11.676 0.029
2959.52158 11.237 0.047
2961.51998 11.193 0.029
2964.51361 11.678 0.033
3060.88092 11.212 0.03
3064.88138 11.353 0.032
3076.86486 11.456 0.036
3087.85092 11.251 0.032
3090.88287 11.151 0.032
3097.81061 11.211 0.027
3100.86075 11.291 0.034
3103.86791 11.683 0.033
3108.81496 11.344 0.026
3111.84317 11.646 0.034
3114.83354 11.293 0.025
3118.84594 11.297 0.026
3122.88728 11.59 0.028
3125.76771 11.389 0.03
3127.78863 11.669 0.047
3129.8582 11.387 0.04
3134.85012 11.291 0.033
3144.82403 11.217 0.026
3153.92309 11.659 0.032
3156.74775 11.368 0.026
3158.80338 11.45 0.032
3162.78372 11.289 0.029
3164.81026 11.291 0.026
3170.75501 11.26 0.025
3173.70169 11.378 0.038
3176.72905 11.209 0.025
3179.67071 11.648 0.026
3182.68334 11.33 0.025
3184.66799 11.222 0.027
3189.70332 11.708 0.034
3191.82015 11.219 0.039
3278.62655 11.336 0.035
3418.88679 11.262 0.036
3418.88679 11.285 0.036
3422.88149 11.341 0.042
3426.87819 11.301 0.033
3430.87222 11.301 0.031
3443.90035 11.642 0.032
3447.85773 11.279 0.035
3450.88081 11.498 0.041
3450.88081 11.5 0.037
3453.8438 11.32 0.04
3453.8438 11.322 0.042
3456.86593 11.163 0.034
3459.87434 11.312 0.028
3463.8547 11.295 0.033
3466.87729 11.228 0.038
3470.8306 11.497 0.029
3473.85726 11.248 0.026
3476.84915 11.272 0.041
3479.83901 11.686 0.046
3487.84335 11.467 0.034
3490.88071 11.617 0.04
3508.87162 11.671 0.026
3511.7692 11.349 0.027
3517.8074 11.335 0.03
3523.80973 11.458 0.033
3526.71739 11.262 0.041
3528.77547 11.174 0.031
3528.77547 11.178 0.031
3538.7417 11.344 0.028
3544.73234 11.163 0.034
3547.78385 11.187 0.029
3551.77204 11.694 0.034
3556.63743 11.394 0.027
3559.71082 11.472 0.037
3561.75086 11.39 0.031
3563.68578 11.292 0.026
3572.80488 11.803 0.034
3574.82226 11.377 0.034
3576.81566 11.172 0.028
3583.71434 11.237 0.031
3585.74965 11.284 0.029
3587.77865 11.334 0.031
3590.59055 11.688 0.029
3592.60037 11.374 0.034
3599.66108 11.217 0.029
3601.69824 11.272 0.032
3603.71202 11.399 0.03
3607.54859 11.682 0.028
3617.60173 11.47 0.045
3619.69738 11.244 0.037
3622.52128 11.371 0.037
3630.63811 11.672 0.037
3632.64212 11.33 0.033
3634.67851 11.338 0.045
3637.6757 11.252 0.041
3641.60796 11.291 0.03
3643.66059 11.261 0.039
3647.57137 11.377 0.024
3654.51361 11.372 0.033
3656.55878 11.318 0.03
3658.60413 11.367 0.034
3661.52313 11.612 0.033
3663.53296 11.644 0.031
3665.56335 11.465 0.031
3669.55346 11.229 0.026
3671.58469 11.283 0.026
3677.55153 11.272 0.03
3792.87092 11.659 0.05
3796.8804 11.227 0.029
3800.88235 11.589 0.044
3804.85918 11.192 0.045
3808.85718 11.527 0.045
3808.86638 11.468 0.041
3812.85572 11.256 0.045
3819.84993 11.602 0.039
3819.84993 11.603 0.039
3822.87982 11.313 0.04
3826.84852 11.42 0.041
3826.84852 11.444 0.041
3826.85598 11.324 0.038
3830.84658 11.368 0.038
3833.90686 11.32 0.046
3836.88738 11.288 0.04
3848.87235 11.665 0.053
3851.8316 11.198 0.035
3859.85949 11.364 0.034
3862.78375 11.738 0.032
3864.78258 11.448 0.034
3866.80858 11.325 0.029
3868.80112 11.387 0.038
3872.90703 11.224 0.035
3876.71961 11.405 0.051
3882.7455 11.444 0.033
3886.87425 11.731 0.03
3889.78497 11.425 0.029
3891.76948 11.563 0.028
3893.76897 11.25 0.027
3896.76215 11.272 0.038
3896.77115 11.227 0.036
3900.76798 11.72 0.04
3902.76752 11.345 0.029
3904.79412 11.255 0.035
3906.84371 11.24 0.033
3909.71613 11.306 0.029
3913.72155 11.258 0.03
4153.88324 11.215 0.038
4157.88011 11.423 0.042
4157.88547 11.434 0.053
4161.87209 11.286 0.047
4165.86929 11.164 0.051
4177.89848 11.432 0.045
4182.84391 11.228 0.04
4185.87212 11.35 0.04
4189.84296 11.185 0.032
4189.85277 11.211 0.03
4192.83933 11.206 0.047
4196.87385 11.576 0.054
4202.91168 11.281 0.032
4205.85324 11.674 0.037
4205.86453 11.629 0.038
4213.90161 11.212 0.035
4215.83435 11.419 0.035
4228.85511 11.146 0.032
4230.82784 11.368 0.029
4230.8397 11.332 0.031
4232.9014 11.2 0.033
4232.92404 11.167 0.032
4235.77867 11.214 0.03
4238.76365 11.686 0.047
4238.76825 11.649 0.05
4246.73128 11.733 0.033
4247.74473 11.683 0.031
4250.74844 11.232 0.031
4258.70608 11.189 0.03
4272.67877 11.73 0.034
4274.7282 11.643 0.028
4277.69086 11.155 0.029
4282.71469 11.516 0.042
4284.71486 11.579 0.033
4290.70667 11.283 0.031
4292.68177 11.588 0.028
4296.68347 11.202 0.034
4298.68951 11.282 0.036
4300.66182 11.67 0.039
4302.70495 11.587 0.03
4304.64744 11.166 0.03
4304.84336 11.175 0.04
4306.63268 11.397 0.034
4310.63411 11.302 0.032
4312.63194 11.194 0.034
4315.63801 11.23 0.031
4317.70099 11.189 0.041
4330.58348 11.189 0.028
4330.75336 11.344 0.033
4332.58272 11.401 0.029
4339.68234 11.568 0.032
4341.69323 11.252 0.033
4343.69408 11.184 0.037
4345.69648 11.178 0.034
4347.69483 11.504 0.044
4349.69007 11.418 0.043
4351.70971 11.27 0.051
4354.6078 11.624 0.026
4356.63056 11.432 0.03
4358.66277 11.324 0.031
4365.51518 11.236 0.028
4367.66231 11.376 0.039
4372.55542 11.329 0.039
4375.58506 11.206 0.028
4377.61182 11.185 0.052
4379.64411 11.172 0.036
4381.63917 11.307 0.041
4384.54187 11.205 0.03
4386.56978 11.214 0.026
4388.55507 11.595 0.03
4392.51818 11.174 0.034
4402.54777 11.139 0.033
4407.55113 11.631 0.031
4410.55453 11.23 0.036
4508.88983 11.637 0.042
4519.88113 11.322 0.042
4519.89289 11.445 0.044
4523.88206 11.203 0.031
4523.89137 11.169 0.033
4530.86898 11.204 0.032
4533.89044 11.247 0.036
4537.86172 11.297 0.03
4540.88933 11.162 0.044
4541.85895 11.214 0.029
4552.85276 11.376 0.036
4552.85527 11.422 0.032
4557.83911 11.246 0.034
4557.85599 11.232 0.031
4560.86886 11.228 0.033
4560.87692 11.214 0.034
4563.88826 11.463 0.038
4563.89086 11.382 0.037
4566.90311 11.565 0.034
4567.82435 11.15 0.032
4570.8713 11.254 0.03
4572.84014 11.58 0.034
4573.81951 11.337 0.039
