1955.8774 13.396 0.046
1978.87544 13.862 0.048
1980.84885 13.847 0.046
1981.88696 13.044 0.042
1982.87642 13.084 0.044
1997.85886 13.74 0.05
2025.78644 14.485 0.039
2025.84309 13.563 0.031
2026.83213 13.33 0.047
2027.7976 14.172 0.043
2030.78687 13.652 0.043
2030.82237 14.499 0.036
2032.78512 13.702 0.04
2032.80252 13.761 0.032
2033.77403 13.241 0.041
2055.75009 14.389 0.045
2057.74718 14.585 0.037
2058.74619 13.305 0.038
2061.74163 13.025 0.041
2065.71157 13.495 0.045
2069.76841 14.605 0.046
2070.76016 14.01 0.044
2080.61515 13.8 0.045
2080.63756 14.461 0.039
2081.69415 14.204 0.039
2082.70085 14.013 0.035
2085.66292 13.593 0.043
2085.68977 13.528 0.038
2086.69565 13.523 0.037
2087.66168 13.22 0.048
2087.67955 13.196 0.038
2088.65368 14.653 0.045
2088.67615 13.405 0.039
2102.611 13.63 0.046
2102.63359 14.082 0.04
2103.62855 13.978 0.043
2103.65115 14.442 0.038
2104.63463 13.86 0.042
2104.65053 15.785 0.034
2105.64246 14.927 0.034
2106.62517 14.594 0.045
2109.63837 13.47 0.033
2114.76658 13.761 0.033
2117.58947 14.157 0.045
2125.58364 13.111 0.049
2128.56304 14.144 0.037
2129.57523 13.948 0.041
2129.59813 14.963 0.037
2130.58205 13.853 0.043
2130.59597 14.978 0.037
2131.58406 14.134 0.036
2132.57598 14.64 0.044
2133.57009 15.637 0.043
2133.58404 13.953 0.034
2134.57299 14.658 0.042
2134.58696 13.719 0.034
2136.56651 13.45 0.039
2136.58719 13.439 0.034
2140.55076 14.098 0.051
2142.56628 19.178 0.036
2151.53989 13.418 0.049
2164.48383 12.926 0.045
2167.49464 14.195 0.037
2168.53021 13.334 0.048
2169.61186 14.115 0.038
2172.51131 14.269 0.04
2173.5338 13.826 0.042
2190.52855 13.839 0.043
2193.5175 13.528 0.044
2196.53806 14.13 0.044
2199.51301 13.955 0.045
2206.49781 13.544 0.046
2442.68015 13.154 0.029
2442.68015 13.345 0.029
2442.70023 13.432 0.042
2443.67751 14.131 0.039
2455.69495 13.788 0.052
2466.64519 13.389 0.027
2467.62859 13.642 0.039
2467.64903 13.76 0.028
2468.62777 13.579 0.046
2468.64819 13.425 0.025
2481.60106 12.618 0.046
2482.63546 13.019 0.043
2493.59301 13.841 0.032
2495.59556 12.888 0.034
2510.63933 13.512 0.04
2519.64044 13.298 0.025
2520.63575 13.485 0.026
2521.58299 13.451 0.034
2521.64274 13.654 0.023
2526.60872 15.106 0.034
2535.54852 13.763 0.036
2535.55151 13.772 0.032
2544.58566 14.889 0.036
2545.63045 13.981 0.026
2549.57287 13.318 0.034
2561.49293 13.734 0.037
2563.55946 13.789 0.031
2566.52981 14.582 0.039
2702.86934 14.301 0.037
2703.87988 14.141 0.041
2712.86575 13.968 0.029
2720.87094 13.387 0.049
2730.86895 14.051 0.038
2730.89128 15.369 0.03
2735.85498 14.152 0.039
2739.86553 14.939 0.036
2743.83514 14.264 0.038
2744.85345 13.693 0.04
2755.78626 13.603 0.032
2757.79449 13.654 0.041
2758.84862 14.108 0.031
2759.85935 13.823 0.045
2760.81806 13.12 0.031
2770.84143 14.1 0.041
2784.75624 13.365 0.035
2786.718 14.538 0.033
2786.74949 13.196 0.027
2788.81283 13.408 0.043
2788.81506 13.408 0.035
2788.81728 13.499 0.035
2788.8195 13.35 0.035
2788.82171 13.332 0.035
2788.82393 13.173 0.035
2788.82616 13.374 0.035
2788.82837 13.268 0.035
2788.83059 13.263 0.039
2788.83281 13.172 0.048
2788.83502 13.351 0.058
2788.83724 13.706 0.066
2788.83947 12.964 0.059
2788.85056 13.373 0.06
2788.87053 13.373 0.061
2788.87276 13.727 0.043
2788.87497 13.639 0.041
2788.87941 13.26 0.04
2788.88162 13.488 0.043
2788.88384 13.379 0.038
2788.88607 10.925 0.037
2788.88828 13.254 0.036
2788.8905 13.473 0.036
2788.89272 13.479 0.035
2788.90159 13.734 0.037
2788.90603 13.735 0.044
2788.90824 14.054 0.049
2788.93487 13.913 0.054
2789.57914 14.653 0.045
2789.58802 14.391 0.036
2789.59025 13.99 0.036
2789.59247 14.331 0.035
2789.60135 13.92 0.034
2789.60357 13.857 0.035
2789.60579 14.194 0.034
2789.61022 13.946 0.034
2789.61688 14.1 0.035
2789.6191 13.746 0.034
2789.62131 14.477 0.035
2789.62353 15.241 0.034
2789.62797 14.233 0.034
2789.63019 14.656 0.035
2789.63462 14.786 0.035
2789.63685 14.02 0.034
2789.63907 14.71 0.034
2789.64128 13.842 0.034
2789.6435 13.918 0.033
2789.64572 14.046 0.033
2789.64793 14.014 0.033
2789.65016 14.058 0.034
2789.65238 14.07 0.034
2789.65681 14.213 0.034
2789.65903 14.384 0.033
2789.66126 13.888 0.033
2789.66347 13.801 0.033
2789.66569 14.134 0.034
2789.66791 14.684 0.033
2789.67013 13.779 0.034
2789.67236 14.092 0.034
2789.67458 13.932 0.034
2789.67901 13.881 0.033
2789.68123 13.807 0.034
2789.68346 14.258 0.033
2789.68568 13.915 0.034
2789.68789 14.176 0.034
2789.69011 13.822 0.033
2789.69678 14.374 0.033
2789.699 14.415 0.032
2789.70343 13.872 0.033
2789.70566 14.439 0.033
2789.70787 14.243 0.033
2789.71009 14.726 0.033
2789.71231 13.974 0.033
2789.71675 13.814 0.037
2789.71896 14.273 0.036
2789.72118 13.817 0.037
2789.72561 14.101 0.038
2789.72785 14.905 0.037
2789.73228 14.527 0.037
2789.73449 15.569 0.039
2789.73893 13.745 0.042
2789.74337 13.904 0.039
2789.7589 13.999 0.036
2789.77221 14.013 0.037
2789.78552 13.946 0.036
2789.78774 14.248 0.036
2789.80106 14.904 0.037
2789.8055 14.254 0.033
2789.81216 14.756 0.029
2789.81438 14.089 0.033
2789.81659 14.65 0.031
2789.82769 14.3 0.032
2789.82991 14.565 0.032
2789.83434 14.173 0.033
2789.83657 13.667 0.034
2789.84103 13.913 0.036
2789.84324 13.592 0.036
2789.84547 13.678 0.034
2789.8477 14.06 0.034
2789.8477 14.322 0.034
2789.84991 13.65 0.035
2789.85213 13.477 0.035
2789.85434 13.783 0.037
2789.85657 13.437 0.037
2789.85879 13.634 0.036
2789.861 13.306 0.035
2789.86322 13.397 0.035
2789.86544 13.308 0.036
2789.86766 13.247 0.036
2789.86988 13.395 0.036
2789.8721 13.221 0.037
2789.87431 12.925 0.038
2789.87653 13.017 0.037
2789.88097 13.272 0.038
2789.88319 13.07 0.037
2789.8854 13.022 0.037
2789.88763 13.156 0.038
2789.89207 13.32 0.038
2789.89429 13.085 0.037
2789.8965 13.118 0.037
2789.89872 13.08 0.035
2789.90094 13.042 0.036
2789.90315 13.31 0.036
2789.90539 13.415 0.038
2789.90761 13.383 0.038
2789.90982 13.259 0.035
2789.91204 13.242 0.036
2789.91426 13.467 0.034
2789.91648 13.346 0.036
2789.9187 13.499 0.035
2789.92092 13.391 0.035
2789.92314 13.516 0.036
2789.92536 13.47 0.039
2789.92758 13.614 0.037
2789.92979 13.496 0.039
2789.93201 13.997 0.039
2789.93423 14.153 0.041
2789.93644 13.564 0.044
2789.93867 13.723 0.043
2789.94089 13.452 0.044
2789.9431 13.465 0.047
2790.77462 15.583 0.026
2792.57301 14.047 0.043
2792.57524 13.761 0.04
2792.57746 13.636 0.04
2792.57968 13.683 0.039
2792.5819 13.45 0.037
2792.58411 14.017 0.038
2792.58633 13.511 0.038
2792.58855 13.412 0.039
2792.59076 13.676 0.038
2792.593 13.565 0.037
2792.59521 13.298 0.038
2792.59743 13.55 0.037
2792.60506 13.604 0.053
2792.60728 14.001 0.04
2792.60949 13.69 0.04
2792.61171 14.249 0.041
2792.61394 14.035 0.039
2792.61838 13.752 0.04
2792.6206 13.798 0.039
2792.62283 14.163 0.039
2792.62504 14.601 0.04
2792.62948 14.226 0.038
2792.63391 14.338 0.041
2792.63835 13.993 0.041
2792.64057 14.1 0.04
2792.64279 14.053 0.04
2792.64501 13.968 0.04
2792.64722 13.864 0.041
2792.64945 14.185 0.041
2792.65167 14.811 0.041
2792.65389 14.157 0.041
2792.65832 14.305 0.041
2792.66277 14.912 0.041
2792.66499 15.33 0.043
2793.57604 13.683 0.06
2793.57826 13.578 0.052
2793.58049 13.977 0.046
2793.5827 13.292 0.043
2793.58492 13.47 0.044
2793.58714 13.587 0.064
2793.5938 13.507 0.053
2793.59601 13.407 0.047
2793.59823 13.627 0.055
2793.60266 13.67 0.045
2793.60488 14.299 0.041
2793.6071 13.91 0.043
2793.60932 13.985 0.046
2793.61154 14.437 0.046
2793.61597 13.843 0.042
2793.6182 13.71 0.041
2793.6182 13.985 0.041
2793.62041 13.738 0.05
2793.89781 14.09 0.046
2793.90003 13.842 0.044
2793.90225 13.853 0.046
2793.90447 14.317 0.046
2793.90669 14.085 0.047
2793.91557 15.2 0.054
2793.92 14.887 0.05
2793.92223 16.196 0.05
2793.93556 14.512 0.047
2794.73294 14.121 0.038
2794.73515 13.471 0.04
2794.73737 14.407 0.039
2794.73959 13.718 0.038
2794.7418 13.816 0.038
2794.74403 13.914 0.038
2794.74625 14.442 0.042
2794.74847 14.069 0.042
2794.75069 13.768 0.041
2794.7529 13.876 0.042
2794.75513 13.794 0.043
2794.75735 13.793 0.043
2794.75956 13.5 0.042
2794.76178 13.876 0.043
2794.764 13.96 0.041
2794.76844 14.28 0.041
2794.77067 14.028 0.042
2794.77288 14.097 0.043
2794.77733 14.428 0.042
2794.77955 13.779 0.042
2794.7862 14.443 0.04
2794.78843 14.975 0.042
2794.79065 13.911 0.041
2794.79287 15.791 0.041
2794.79508 15.12 0.041
2794.79508 19.278 0.041
2794.7973 14.807 0.04
2794.80618 14.206 0.04
2794.81063 14.395 0.042
2794.81728 14.435 0.043
2794.82394 14.659 0.043
2794.82615 14.127 0.043
2794.82837 14.543 0.043
2794.83059 14.345 0.043
2794.8328 15.416 0.041
2795.74558 16.201 0.048
2795.7478 13.896 0.047
2795.75001 14.881 0.047
2795.75225 14.127 0.044
2795.75446 14.398 0.047
2795.75668 14.71 0.047
2795.7589 13.82 0.044
2795.76111 14.141 0.043
2795.76334 14.086 0.042
2795.76555 13.816 0.042
2795.76778 14.154 0.044
2795.76999 14.624 0.043
2795.77221 14.264 0.045
2795.77444 13.722 0.048
2795.79218 14.008 0.05
2795.79439 14.409 0.046
2795.79661 13.958 0.043
2795.80106 14.21 0.042
2795.80549 14.106 0.044
2795.81437 15.245 0.046
2795.85431 13.981 0.049
2795.85874 14.684 0.046
2795.86541 14.388 0.049
2795.90755 13.688 0.047
2795.91642 15.023 0.051
2796.577 15.332 0.04
2796.57923 14.455 0.04
2796.58144 15.099 0.039
2796.58588 14.345 0.04
2796.58809 14.411 0.04
2796.59031 13.922 0.039
2796.59254 13.577 0.039
2796.59698 13.498 0.039
2796.5992 13.52 0.039
2796.60143 13.769 0.038
2796.60364 13.535 0.039
2796.60586 13.27 0.038
2796.60808 13.375 0.039
2796.61029 13.151 0.042
2796.61251 13.036 0.041
2796.61474 13.239 0.042
2796.61696 13.357 0.04
2796.61917 13.211 0.04
2796.62139 13.498 0.04
2796.62361 13.241 0.04
2796.62584 13.295 0.04
2796.62805 13.189 0.042
2796.63027 13.297 0.04
2796.63249 13.354 0.04
2796.6347 13.17 0.04
2796.63693 13.137 0.04
2796.63916 13.427 0.04
2796.64137 13.188 0.04
2796.64359 13.077 0.04
2796.64581 13.072 0.041
2796.64804 13.476 0.041
2796.65026 13.373 0.039
2796.65248 13.283 0.041
2796.6547 13.276 0.041
2796.65691 13.116 0.042
2796.65914 13.27 0.041
2796.66136 13.395 0.04
2796.66357 13.422 0.041
2796.66579 13.353 0.04
2796.66801 13.095 0.039
2796.67023 13.316 0.039
2796.67245 13.587 0.04
2796.67467 13.405 0.04
2796.67689 13.658 0.041
2796.67911 13.524 0.04
2796.68133 13.38 0.04
2796.68355 13.602 0.041
2796.68577 13.723 0.038
2796.68799 14.03 0.04
2796.69021 13.626 0.04
2796.69244 13.507 0.039
2796.69466 13.43 0.04
2796.69688 13.488 0.04
2796.6991 13.345 0.038
2796.70131 13.346 0.038
2796.70354 13.369 0.037
2796.70576 13.442 0.037
2796.70797 14.01 0.038
2796.71019 13.519 0.038
2796.71463 13.606 0.038
2796.71685 13.89 0.039
2796.71907 13.598 0.039
2796.72129 14.485 0.04
2796.7235 14.112 0.039
2796.72573 13.851 0.04
2796.72795 14.172 0.039
2796.73017 14.024 0.038
2796.73238 14.028 0.039
2796.7346 14.17 0.039
2796.73683 14.069 0.039
2796.74126 13.628 0.038
2796.74348 13.897 0.039
2796.74569 13.681 0.038
2796.74791 13.343 0.039
2796.75014 13.632 0.038
2796.75235 13.829 0.039
2796.75457 13.812 0.038
2796.75679 13.687 0.038
2796.759 13.672 0.038
2796.76122 13.923 0.037
2796.76345 14.003 0.038
2796.76567 13.613 0.038
2796.76788 14.06 0.038
2796.7701 13.819 0.038
2796.77232 14.134 0.039
2796.77676 13.925 0.038
2796.77897 13.825 0.038
2796.77897 14.173 0.038
2796.78119 14.168 0.038
2796.78341 13.685 0.037
2796.78564 13.721 0.037
2796.78786 13.723 0.038
2796.79007 13.985 0.037
2796.79229 13.673 0.037
2796.7945 13.812 0.037
2796.79672 13.731 0.037
2796.79895 13.692 0.036
2796.80339 13.992 0.037
2796.80561 13.747 0.038
2796.80782 13.654 0.037
2796.81005 13.7 0.037
2796.81227 13.834 0.038
2796.81448 14.042 0.037
2796.8167 13.651 0.037
2796.81892 14.118 0.039
2796.82113 14.164 0.037
2796.82336 14.195 0.037
2796.82779 13.892 0.038
2796.83223 13.546 0.038
2796.83445 14.053 0.037
2796.83667 13.943 0.038
2796.83888 13.801 0.037
2796.8411 13.937 0.039
2796.84332 14.068 0.038
2796.84555 13.976 0.038
2796.84777 13.844 0.038
2796.84998 14.841 0.037
2796.8522 14.24 0.04
2796.85442 14.47 0.039
2796.85886 14.188 0.038
2796.86108 14.536 0.038
2796.86329 14.276 0.038
2796.86551 14.481 0.038
2796.86773 14.561 0.039
2796.86994 15.331 0.038
2796.87217 14.659 0.038
2796.87439 14.352 0.039
2796.8766 16.1 0.038
2796.87882 14.118 0.037
2796.88104 14.116 0.039
2796.88325 14.223 0.04
2796.8877 14.493 0.04
2796.89214 14.121 0.039
2796.89437 14.295 0.039
2796.89659 13.723 0.04
2796.8988 13.817 0.04
2796.90102 14.104 0.039
2796.90768 13.663 0.04
2796.91211 14.02 0.04
2796.91877 14.082 0.04
2796.9343 13.867 0.041
2796.93874 14.389 0.041
2796.94095 14.634 0.04
2797.58586 14.254 0.061
2808.76946 13.845 0.032
2809.7876 14.743 0.036
2810.67859 13.384 0.027
2810.75191 14.006 0.035
2810.81245 15.564 0.04
2811.70661 13.512 0.035
2812.67011 13.9 0.031
2812.68637 13.552 0.035
2812.74594 13.438 0.041
2812.80446 14.746 0.048
2813.72513 13.758 0.035
2813.7844 13.276 0.046
2813.84959 13.687 0.043
2813.90624 14.346 0.049
2813.90846 14.984 0.048
2813.91067 14.593 0.047
2813.91289 14.414 0.045
2813.92177 13.92 0.046
2813.92398 13.643 0.045
2813.93065 13.769 0.045
2813.93287 13.968 0.044
2813.93731 13.763 0.047
2813.93954 13.642 0.051
2814.52503 14.694 0.043
2814.52947 14.919 0.044
2814.5317 14.047 0.041
2814.53391 14.125 0.041
2814.54056 14.517 0.041
2814.54278 14.061 0.041
2814.545 14.201 0.042
2814.54722 14.364 0.042
2814.54944 13.913 0.04
2814.55166 14.088 0.041
2814.55832 14.096 0.04
2814.56054 13.981 0.04
2814.56276 13.88 0.039
2814.56497 14.032 0.04
2814.56719 14.32 0.04
2814.56942 14.973 0.039
2814.57607 14.872 0.038
2814.58051 13.974 0.039
2814.58273 14.436 0.04
2814.58937 13.624 0.041
2814.59159 13.908 0.039
2814.59603 13.853 0.04
2814.59825 13.631 0.039
2814.60047 14.043 0.039
2814.60268 14.622 0.039
2814.6049 14.643 0.039
2814.60713 14.387 0.039
2814.60934 14.412 0.039
2814.61156 14.507 0.039
2814.61378 14.341 0.038
2814.62044 14.613 0.039
2814.62931 14.06 0.039
2814.63154 13.957 0.04
2814.63376 13.678 0.04
2814.63819 14.157 0.04
2814.64041 13.962 0.04
2814.64264 14.393 0.039
2814.64486 14.046 0.039
2814.64707 13.887 0.038
2814.64929 14.743 0.039
2814.65372 16.269 0.039
2814.66039 14.273 0.039
2814.66261 14.455 0.038
2814.66482 14.139 0.038
2814.66705 14.278 0.037
2814.67148 14.134 0.038
2814.67591 14.34 0.037
2814.67813 14.176 0.038
2814.68036 14.09 0.037
2814.68258 14.785 0.038
2814.68479 14.911 0.038
2814.68701 14.604 0.038
2814.68923 15.056 0.039
2814.69146 14.445 0.038
2814.69368 14.456 0.039
2814.69589 14.302 0.039
2814.69811 14.973 0.038
2814.70254 14.427 0.038
2814.70477 14.18 0.038
2814.71142 14.22 0.038
2814.71585 14.672 0.037
2814.71808 14.244 0.038
2814.72029 14.861 0.038
2814.72252 14.025 0.039
2814.72473 15.146 0.04
2814.72918 14.362 0.04
2814.73139 14.206 0.039
2814.73361 14.281 0.039
2814.73582 14.454 0.038
2814.73804 14.48 0.038
2814.74026 14.673 0.039
2814.74247 14.045 0.04
2814.7447 14.912 0.039
2814.74692 13.974 0.037
2814.74913 14.02 0.038
2814.75135 13.911 0.038
2814.75357 14.268 0.038
2814.75801 13.708 0.038
2814.76023 13.698 0.039
2814.76245 13.619 0.038
2814.76466 13.684 0.038
2814.76688 13.377 0.037
2814.76911 13.315 0.039
2814.77132 13.362 0.039
2814.77354 13.167 0.038
2814.77576 13.245 0.039
2814.77797 13.107 0.038
2814.7802 13.031 0.038
2814.78242 13.07 0.039
2814.78463 13.084 0.038
2814.78685 13.024 0.038
2814.78907 13.056 0.038
2814.7913 13.164 0.039
2814.79351 13.011 0.038
2814.79573 13.171 0.038
2814.79795 13.197 0.038
2814.80016 13.006 0.039
2814.80238 13.118 0.038
2814.80461 13.005 0.041
2814.80683 13.28 0.039
2814.80904 13.451 0.038
2814.81126 13.173 0.038
2814.81348 13.179 0.039
2814.81792 13.117 0.039
2814.82014 13.5 0.038
2814.82236 13.19 0.038
2814.82467 13.179 0.036
2814.8292 13.359 0.041
2814.83363 13.42 0.028
2814.83603 13.197 0.041
2814.84316 13.528 0.042
2814.85007 13.734 0.054
2814.85689 13.48 0.04
2814.86383 13.849 0.047
2814.87133 13.594 0.04
2814.88349 13.515 0.04
2814.89107 13.605 0.043
2814.90414 13.393 0.04
2814.91197 13.969 0.042
2814.91756 13.137 0.043
2814.9256 13.524 0.042
2814.93158 13.934 0.042
2814.9398 13.549 0.045
2815.75826 14.493 0.038
2815.76049 14.376 0.039
2815.76271 14.571 0.038
2815.76493 14.425 0.039
2815.76715 14.389 0.038
2815.76937 14.113 0.038
2815.7716 14.252 0.038
2815.77382 14.883 0.037
2815.77825 14.789 0.038
2815.78046 14.526 0.038
2815.78269 14.067 0.038
2815.78491 14.226 0.038
2815.78712 13.661 0.038
2815.78934 13.71 0.038
2815.79156 14.077 0.037
2815.79377 13.614 0.038
2815.796 13.392 0.038
2815.79822 13.714 0.04
2815.80043 13.547 0.038
2815.80265 13.37 0.039
2815.80488 13.458 0.04
2815.80718 13.156 0.036
2815.80939 13.202 0.039
2815.81397 13.203 0.045
2815.81867 13.067 0.038
2815.82324 13.093 0.039
2815.82788 13.132 0.039
2815.8326 13.115 0.038
2815.84193 13.023 0.037
2815.84652 12.964 0.04
2815.85127 13.263 0.038
2815.85825 13.198 0.038
2815.86523 13.158 0.039
2815.87229 13.17 0.04
2815.87927 13.314 0.039
2815.88642 13.373 0.043
2815.89361 13.43 0.038
2815.90313 13.388 0.045
2815.91265 13.459 0.041
2815.92271 13.928 0.042
2815.9327 13.804 0.041
2816.69949 14.738 0.04
2816.70169 14.247 0.039
2816.70389 14.452 0.04
2816.70608 13.969 0.039
2816.70827 14.241 0.04
2816.71047 14.616 0.04
2816.72407 14.072 0.042
2816.72846 14.482 0.039
2816.73068 13.812 0.038
2816.73288 14.372 0.039
2816.73509 14.942 0.038
2816.73729 14.138 0.037
2816.7395 14.078 0.039
2816.74171 14.295 0.038
2816.75049 14.187 0.038
2816.75268 14.173 0.038
2816.75487 14.274 0.038
2816.75707 14.244 0.038
2816.75927 14.844 0.038
2816.76568 13.889 0.044
2816.76788 14.366 0.038
2816.77007 14.639 0.04
2816.77227 14.437 0.039
2816.77517 14.283 0.039
2816.77808 13.97 0.042
2816.78098 14.215 0.042
2816.78389 13.877 0.04
2816.78971 14.56 0.04
2816.79439 15.046 0.038
2816.80373 13.859 0.037
2816.80832 13.9 0.038
2816.82259 13.891 0.04
2816.8299 13.937 0.041
2816.83707 13.549 0.045
2816.84432 13.501 0.044
2816.85148 13.039 0.041
2816.86088 13.62 0.042
2816.87031 13.196 0.042
2816.87981 13.269 0.041
2816.88933 13.577 0.045
2816.89888 13.308 0.043
2816.90822 13.263 0.042
2816.91784 13.461 0.042
2816.92747 13.178 0.043
2816.93709 13.465 0.05
2819.50565 13.864 0.055
2819.50787 13.787 0.044
2819.5101 13.714 0.045
2819.51232 13.32 0.042
2819.51777 13.45 0.051
2819.52976 13.483 0.049
2819.53566 13.511 0.047
2819.54141 13.586 0.045
2819.54699 13.478 0.042
2819.55242 13.508 0.042
2819.5636 13.574 0.043
2819.56905 13.856 0.043
2819.59164 13.676 0.041
2819.60742 14.081 0.043
2819.61514 13.995 0.042
2819.64541 14.067 0.043
2819.6841 14.373 0.042
2819.73107 14.203 0.04
2819.74941 14.276 0.039
2819.78632 14.107 0.039
2819.79562 14.468 0.039
2819.80504 14.057 0.038
2820.50521 13.192 0.051
2820.51533 13.25 0.046
2820.52545 13.246 0.044
2820.53539 13.293 0.046
2820.54509 13.455 0.042
2820.55465 13.536 0.048
2820.56485 13.647 0.041
2820.57511 13.456 0.04
2820.5853 13.744 0.042
2820.59526 13.612 0.04
2820.60504 13.77 0.04
2820.60734 13.836 0.035
2820.60734 13.978 0.035
2820.61524 13.698 0.041
2820.62567 14.497 0.041
2820.63522 13.84 0.041
2820.64513 13.981 0.042
2820.65487 13.879 0.041
2820.66448 13.885 0.039
2820.67418 13.921 0.041
2820.68354 14.753 0.043
2820.71191 13.963 0.039
2820.72139 14.395 0.036
2820.73073 14.53 0.038
2820.74017 13.959 0.039
2820.76905 14.04 0.041
2820.78836 14.633 0.043
2820.79807 15.022 0.04
2820.81712 14.05 0.042
2820.83659 15.561 0.043
2821.6093 14.18 0.041
2821.71106 14.437 0.036
2821.75385 14.565 0.037
2821.76309 14.241 0.038
2821.77237 14.191 0.038
2821.78185 14.157 0.039
2821.79148 14.252 0.039
2821.80112 13.937 0.04
2821.81067 13.775 0.04
2821.82032 13.646 0.042
2821.84013 14.194 0.043
2821.84961 16.299 0.045
2822.63967 13.447 0.051
2822.64946 13.493 0.043
2822.65912 13.439 0.042
2822.6691 13.862 0.041
2822.67918 14.088 0.053
2822.68888 13.582 0.045
2822.69867 13.909 0.05
2822.70824 14.024 0.046
2826.59501 14.47 0.042
2826.70267 13.78 0.043
2826.71231 13.393 0.039
2826.72171 12.97 0.038
2826.73112 13.369 0.042
2826.74051 13.396 0.04
2826.74999 13.379 0.05
2826.75951 13.481 0.056
2826.7687 13.221 0.042
2826.77807 13.571 0.038
2826.79672 13.311 0.04
2826.80657 13.482 0.039
2826.81594 14.029 0.037
2826.82531 13.242 0.041
2829.49279 14.296 0.044
2829.80292 13.979 0.04
2829.81255 13.694 0.039
2829.82212 13.46 0.04
2829.83176 13.245 0.041
2829.84141 13.134 0.04
2829.85141 13.422 0.048
2829.86109 13.271 0.041
2829.87082 13.31 0.042
2829.8806 13.548 0.043
2835.56858 15.161 0.054
2835.69336 14.078 0.034
2836.77238 13.579 0.049
2838.68656 13.129 0.027
2838.76299 13.916 0.037
2840.7149 13.497 0.036
2840.81852 13.354 0.053
2841.5972 14.347 0.04
2841.83084 13.265 0.056
2843.72667 14.714 0.037
2845.58878 13.993 0.033
2845.74031 15.191 0.033
2851.65566 13.16 0.033
2851.66061 13.369 0.027
2853.78444 13.63 0.029
2853.80325 13.786 0.044
2854.72345 13.955 0.032
2854.79114 13.587 0.038
2862.59073 13.62 0.043
2862.61952 13.804 0.041
2862.65294 14.049 0.043
2867.53271 16.013 0.042
2867.70702 13.67 0.028
2874.672 14.304 0.035
2875.62438 13.755 0.026
2875.69231 13.891 0.037
2876.71778 13.893 0.039
2877.58393 12.749 0.043
2877.6125 13.368 0.028
2877.68414 13.389 0.037
2879.69121 13.215 0.037
2883.51305 14.352 0.035
2884.689 14.774 0.04
2885.49895 14.001 0.034
2893.67689 13.315 0.046
2897.58932 13.452 0.04
2898.4892 13.364 0.037
2898.58865 13.757 0.036
2900.48171 13.43 0.036
2900.58345 14.106 0.039
2901.48491 13.462 0.049
2902.48235 13.301 0.035
2904.63581 13.421 0.056
2905.60743 13.17 0.037
2908.48368 14.522 0.035
2908.61507 13.919 0.036
2911.48453 14.159 0.034
2911.58483 13.963 0.036
2916.50046 13.772 0.048
2916.61955 13.454 0.042
2917.4956 17.407 0.04
2917.57915 13.604 0.045
2923.49365 15.397 0.038
2923.59693 13.31 0.046
2924.59312 13.984 0.057
2927.4926 13.553 0.037
2928.49261 13.728 0.045
2928.53308 14.629 0.046
2928.59497 14.505 0.044
2929.49343 13.685 0.046
2929.59661 13.863 0.04
2930.49342 13.653 0.037
2930.53897 12.849 0.035
2930.59581 13.433 0.043
2936.49657 14.03 0.043
2939.49766 13.711 0.04
2944.51342 13.346 0.045
2947.52607 14.531 0.051
2956.50632 13.042 0.045
3073.86587 13.906 0.049
3074.86981 13.064 0.048
3074.88469 13.769 0.042
3075.86557 13.188 0.044
3076.87574 13.273 0.043
3082.86015 13.098 0.052
3087.8326 13.464 0.05
3087.86356 14.383 0.047
3087.87579 13.551 0.039
3088.83342 12.83 0.048
3088.84674 13.324 0.045
3089.8468 13.27 0.046
3089.85464 13.7 0.047
3097.83105 14.247 0.043
3097.85581 14.28 0.035
3099.82479 14.904 0.054
3100.82434 13.747 0.05
3101.83364 13.471 0.052
3102.83895 12.99 0.054
3104.87729 13.388 0.053
3108.82078 13.84 0.043
3110.81344 14.014 0.043
3111.80335 14.548 0.047
3112.80733 13.773 0.043
3112.86361 17.138 0.034
3113.81003 13.31 0.053
3114.79616 13.135 0.044
3115.7976 13.042 0.045
3115.85398 14.324 0.035
3116.79817 14.131 0.04
3124.77457 13.35 0.04
3125.74501 13.624 0.055
3126.86372 14.067 0.043
3128.85247 13.512 0.047
3130.87556 13.044 0.048
3141.83503 14.156 0.068
3142.72675 13.97 0.038
3142.78613 13.42 0.03
3142.83147 13.493 0.037
3153.80243 13.516 0.038
3154.74185 13.149 0.04
3154.82964 13.395 0.041
3156.76319 15.516 0.034
3156.82416 13.1 0.041
3157.91794 14.063 0.049
3163.71808 13.316 0.041
3164.66656 13.517 0.041
3164.76941 14.466 0.039
3164.88565 13.892 0.043
3165.65648 13.046 0.042
3166.85168 13.774 0.043
3167.71165 13.13 0.04
3168.70831 13.585 0.041
3168.77793 13.561 0.036
3168.86283 13.324 0.041
3169.64776 13.837 0.041
3169.74888 13.745 0.041
3169.86451 13.63 0.042
3170.84373 13.094 0.047
3174.79317 14.222 0.048
3175.89686 15.196 0.042
3176.68216 13.586 0.04
3177.63026 14.049 0.043
3178.63805 13.323 0.048
3178.74618 15.062 0.049
3179.63095 13.49 0.042
3179.69142 13.514 0.033
3179.76345 13.911 0.057
3182.70194 15.193 0.033
3182.80497 14.51 0.06
3183.78689 13.481 0.056
3185.60747 13.976 0.049
3190.69358 13.43 0.05
3266.55028 13.81 0.025
3266.5828 14.74 0.034
3272.51011 13.298 0.044
3272.61157 14.485 0.066
3274.6065 13.075 0.056
3274.6065 13.454 0.056
3274.62116 12.73 0.073
3278.60675 16.433 0.051
3293.50751 14.115 0.039
3294.50145 14.183 0.037
3299.51757 13.223 0.047
3421.8888 14.065 0.063
3427.86931 13.648 0.052
3430.88228 13.509 0.049
3443.90281 13.47 0.043
3444.86298 13.636 0.058
3446.85621 13.803 0.048
3450.83649 14.825 0.053
3452.85351 13.731 0.054
3453.81769 13.064 0.059
3454.84232 13.267 0.052
3455.85037 13.396 0.059
3456.83478 13.475 0.053
3457.81761 13.107 0.052
3458.87898 13.079 0.045
3468.85901 13.651 0.038
3472.8651 13.493 0.041
3479.83208 14.073 0.047
3481.81916 14.112 0.048
3483.76581 13.044 0.056
3483.88709 13.869 0.052
3491.89391 13.757 0.052
3496.84339 13.725 0.04
3500.80312 15.268 0.051
3509.80029 13.485 0.039
3511.78234 13.662 0.036
3522.7058 13.075 0.049
3523.79254 13.509 0.046
3525.86237 13.423 0.043
3526.8718 13.214 0.043
3528.714 13.785 0.043
3538.73607 14.488 0.043
3538.77313 13.286 0.035
3550.71076 13.187 0.05
3550.73919 13.203 0.046
3552.84296 13.114 0.045
3555.75966 13.971 0.036
3561.64906 12.948 0.036
3563.66235 14.526 0.047
3563.68966 13.177 0.036
3573.67218 14.064 0.045
3574.79473 13.995 0.048
3575.68828 13.347 0.039
3576.79222 13.936 0.042
3577.71326 13.025 0.049
3582.81824 14.359 0.044
3585.55752 13.44 0.043
3587.59618 13.081 0.04
3587.59618 13.182 0.04
3589.60696 14.144 0.044
3589.62105 13.688 0.036
3591.68951 14.223 0.035
3594.53425 13.763 0.044
3594.55184 13.968 0.039
3609.52098 14.406 0.044
3616.64847 13.344 0.051
3616.65247 13.383 0.051
3619.5599 14.164 0.044
3621.61087 13.955 0.053
3630.59835 13.456 0.045
3634.63686 13.801 0.05
3634.64015 15.456 0.043
3637.64312 13.47 0.045
3641.59952 13.288 0.04
3641.60313 13.481 0.033
3643.65626 13.608 0.048
3648.52864 14.032 0.04
3657.58462 15.02 0.043
3664.56289 13.422 0.044
3664.56634 13.357 0.039
3668.54381 13.282 0.042
3668.54703 12.835 0.034
3670.58328 13.604 0.036
3673.53664 14.914 0.038
3676.52956 13.759 0.039
3793.89222 13.96 0.049
3796.88279 14.188 0.043
3797.89359 13.515 0.045
3800.8848 13.529 0.059
3812.9043 14.338 0.053
3820.85888 13.553 0.05
3823.89845 13.766 0.057
3827.86903 13.931 0.047
3831.84758 13.512 0.047
3834.71365 14.221 0.059
3834.85781 14.64 0.059
3834.8786 13.977 0.048
3834.88452 13.682 0.057
3835.73611 13.693 0.068
3835.80346 13.639 0.058
3835.83509 14.021 0.056
3836.74718 13.417 0.067
3836.80535 13.988 0.065
3836.83362 13.885 0.064
3837.72456 13.886 0.064
3837.75258 13.724 0.065
3837.78116 13.474 0.059
3837.835 13.664 0.051
3848.89215 13.871 0.075
3851.85702 13.551 0.04
3859.84605 15.582 0.045
3860.82428 13.365 0.044
3862.75584 13.746 0.049
3863.79887 13.747 0.038
3864.77956 13.392 0.056
3865.81739 12.967 0.042
3867.81304 13.765 0.046
3874.84792 14.097 0.045
3877.77633 13.009 0.046
3880.83181 13.541 0.041
3883.79979 14.811 0.049
3883.83317 13.693 0.047
3887.75066 14.112 0.049
3887.77841 14.185 0.04
3889.8907 13.951 0.041
3891.77329 13.519 0.042
3891.78881 13.542 0.038
3893.7552 14.42 0.041
3893.80177 12.929 0.037
3901.77608 13.266 0.044
3902.75193 13.612 0.049
3903.77783 13.198 0.058
3904.78114 13.358 0.046
3905.81126 13.562 0.05
3906.79404 13.035 0.048
3907.79578 13.187 0.038
3913.88524 14.621 0.039
4164.89106 14.352 0.066
4168.89031 13.146 0.055
4179.87756 13.713 0.056
4182.90411 13.617 0.055
4190.85667 13.714 0.044
4193.8651 13.555 0.049
4203.86685 13.719 0.051
4207.89471 13.436 0.05
4229.87957 13.654 0.038
4231.88079 13.637 0.043
4234.80086 13.64 0.053
4246.74655 13.83 0.041
4247.7425 13.252 0.048
4256.81088 13.508 0.04
4273.7118 13.262 0.043
4276.69394 14.288 0.043
4278.70437 13.609 0.038
4283.81771 13.562 0.06
4285.80776 14.345 0.056
4289.80057 13.218 0.049
4293.78601 13.926 0.038
4295.80194 13.654 0.042
4297.82907 13.672 0.056
4299.77693 13.217 0.038
4301.68048 13.95 0.046
4303.68418 13.681 0.037
4305.67626 14.109 0.038
4307.63426 14.413 0.055
4311.6578 13.032 0.049
4316.75385 13.791 0.045
4319.70449 13.996 0.04
4329.66247 14.444 0.048
4331.60451 13.721 0.035
4338.57425 12.995 0.045
4340.62887 13.496 0.061
4344.62045 14.116 0.07
4346.62083 13.93 0.036
4348.62324 13.389 0.059
4350.62785 13.521 0.04
4353.529 14.225 0.035
4357.62289 14.2 0.041
4359.63162 14.405 0.046
4367.50798 14.368 0.044
4371.58163 13.739 0.048
4373.59387 13.783 0.039
4376.58517 13.705 0.037
4378.59961 12.985 0.051
4380.62907 13.38 0.051
4385.5357 14.4 0.043
4387.53789 13.74 0.038
4393.51598 15.345 0.048
4403.58536 13.487 0.042
4408.51314 14.005 0.042
4411.54803 13.663 0.042
4428.515 15.338 0.065
4523.89625 13.041 0.046
4531.89115 14.102 0.051
4537.89427 13.154 0.039
4541.88668 14.543 0.038
4545.88458 13.529 0.069
4558.85003 14.097 0.04
4561.87999 13.527 0.041
4565.86134 13.668 0.04
4569.84102 14.603 0.041
4572.85878 14.63 0.05
