1955.87543 9.663 0.04
1962.85962 9.681 0.046
1964.86713 9.847 0.037
1964.87533 9.761 0.038
1966.8618 9.69 0.037
1966.86894 9.72 0.035
1978.84381 9.683 0.051
1978.86236 9.728 0.052
1979.8687 9.705 0.054
1980.89656 9.738 0.059
1982.81664 9.709 0.047
1984.82294 9.904 0.052
1994.80649 9.699 0.057
1997.81782 9.732 0.065
2016.77141 9.665 0.06
2025.80232 9.685 0.044
2026.83408 9.69 0.059
2026.84711 9.684 0.06
2027.79955 9.779 0.052
2030.7888 9.665 0.045
2031.81808 9.663 0.049
2032.78704 9.705 0.041
2033.77594 9.696 0.042
2037.76666 9.659 0.05
2039.78435 9.686 0.065
2039.78835 9.626 0.074
2052.74656 9.722 0.062
2053.76388 9.623 0.056
2054.7587 9.75 0.078
2055.73216 9.721 0.062
2055.74736 9.758 0.065
2056.73552 9.708 0.063
2056.74627 9.683 0.063
2057.73142 9.637 0.061
2058.73273 9.859 0.067
2058.7434 9.793 0.071
2061.7388 9.872 0.062
2064.80555 9.743 0.068
2065.70871 9.698 0.055
2069.7702 9.677 0.068
2070.72375 9.636 0.069
2080.6214 9.717 0.064
2080.62773 9.694 0.063
2081.67363 9.632 0.063
2081.68891 9.711 0.064
2082.69781 9.675 0.065
2083.67349 9.703 0.071
2085.66467 9.691 0.048
2085.67769 9.683 0.053
2086.67676 9.637 0.055
2086.69259 9.741 0.063
2087.67645 9.612 0.074
2088.65771 9.648 0.059
2088.67306 9.704 0.067
2093.58484 9.689 0.064
2094.61936 9.681 0.075
2096.62141 9.631 0.07
2096.69675 9.658 0.054
2102.6304 9.723 0.051
2103.63033 9.727 0.051
2103.64572 9.693 0.056
2104.64737 9.705 0.045
2105.63929 9.664 0.055
2106.64244 9.701 0.055
2109.63519 9.744 0.043
2114.75886 9.686 0.039
2115.62685 9.844 0.049
2116.61017 9.704 0.047
2117.60694 9.693 0.048
2124.58282 9.707 0.049
2125.59657 9.712 0.049
2128.6051 9.691 0.05
2129.59049 9.862 0.055
2130.59281 9.697 0.048
2131.5809 9.69 0.056
2132.59123 9.896 0.054
2133.5809 9.705 0.043
2134.58382 9.7 0.049
2135.58007 9.698 0.051
2136.57519 9.718 0.047
2140.55726 9.767 0.061
2141.57114 9.691 0.047
2142.56767 9.709 0.048
2143.56815 9.716 0.049
2144.55915 9.731 0.061
2145.5524 9.683 0.047
2167.48934 9.618 0.05
2171.48396 9.671 0.046
2173.51112 9.667 0.039
2178.48264 9.708 0.049
2180.52083 9.676 0.052
2184.50256 9.69 0.043
2187.51848 9.672 0.047
2190.51714 9.691 0.039
2192.55763 9.883 0.041
2195.4909 9.698 0.048
2198.5036 9.686 0.046
2202.51866 9.659 0.042
2205.49953 9.708 0.044
2213.50776 9.711 0.041
2217.49978 9.705 0.051
2440.68987 9.659 0.028
2441.69001 9.677 0.032
2442.68193 9.915 0.03
2442.69724 9.918 0.032
2443.67929 9.703 0.031
2444.68123 9.688 0.06
2445.6699 9.712 0.058
2446.68392 9.707 0.034
2446.69927 9.663 0.03
2452.64814 9.674 0.044
2454.68541 9.666 0.052
2459.65506 9.921 0.055
2464.63464 9.724 0.039
2465.63834 9.688 0.039
2465.65152 9.724 0.034
2466.63108 9.683 0.033
2467.63492 9.669 0.028
2467.64586 9.68 0.027
2468.62958 9.702 0.031
2470.5787 9.816 0.036
2473.59839 9.801 0.043
2474.64981 9.707 0.034
2474.65398 9.719 0.033
2481.58463 9.702 0.063
2481.59786 9.723 0.055
2482.62804 9.805 0.051
2482.63227 9.904 0.047
2486.58952 9.691 0.059
2489.61537 9.724 0.035
2490.62964 9.656 0.045
2491.59011 9.685 0.057
2493.58772 9.792 0.038
2494.58857 9.744 0.044
2497.58295 9.689 0.032
2498.57338 9.671 0.033
2498.58001 9.663 0.033
2499.5715 9.752 0.029
2499.57587 9.798 0.031
2500.54802 9.683 0.038
2500.56438 9.666 0.033
2501.57293 9.69 0.035
2502.582 9.722 0.049
2502.59097 9.733 0.048
2508.59423 9.692 0.046
2508.70096 9.925 0.028
2510.67899 9.706 0.037
2511.61358 9.673 0.049
2519.58902 9.882 0.045
2519.66611 9.696 0.028
2520.66399 9.709 0.041
2521.60162 9.746 0.031
2521.67577 9.697 0.027
2523.75198 9.702 0.029
2526.49079 9.723 0.026
2526.64629 9.698 0.037
2529.51718 9.682 0.057
2535.52071 9.662 0.032
2535.58933 9.697 0.035
2540.55018 9.73 0.061
2540.64502 9.698 0.039
2543.62824 9.701 0.032
2544.55098 9.688 0.034
2544.64141 9.681 0.03
2545.59777 9.742 0.027
2546.5634 9.702 0.033
2546.63871 9.647 0.045
2546.63871 9.671 0.046
2548.55011 9.714 0.033
2548.61752 9.769 0.033
2552.57351 9.656 0.055
2553.55445 9.784 0.044
2554.65551 9.691 0.049
2558.61656 9.718 0.029
2559.61292 9.759 0.03
2560.62101 9.691 0.037
2561.59012 9.62 0.04
2561.60757 9.703 0.035
2562.61761 9.898 0.031
2563.63385 9.682 0.033
2564.53972 9.692 0.037
2565.58151 9.672 0.032
2566.57323 9.665 0.031
2568.60099 9.687 0.05
2578.58996 9.743 0.033
2579.58935 9.843 0.033
2679.87008 9.634 0.034
2683.88265 9.678 0.032
2686.88494 9.632 0.031
2689.88959 9.695 0.03
2694.85913 9.63 0.035
2698.87118 9.876 0.035
2701.86426 9.787 0.032
2703.88234 9.655 0.032
2704.86119 9.643 0.03
2707.8546 9.642 0.046
2709.88892 9.689 0.034
2712.83417 9.713 0.03
2713.88274 9.631 0.032
2713.88274 9.688 0.031
2714.87987 9.699 0.035
2717.87436 9.672 0.041
2719.85805 9.662 0.036
2721.86614 9.876 0.042
2725.80813 9.687 0.031
2725.85363 9.707 0.027
2727.85027 9.708 0.038
2728.86578 9.634 0.039
2729.84894 9.661 0.031
2729.86977 9.665 0.028
2732.87077 9.676 0.025
2732.87964 9.698 0.029
2735.80815 9.874 0.028
2735.81963 9.919 0.029
2737.84285 9.677 0.028
2737.88058 9.686 0.028
2739.85147 9.682 0.026
2739.87694 9.708 0.023
2741.85442 9.887 0.027
2741.8563 9.931 0.028
2743.83724 9.693 0.027
2743.84835 9.67 0.027
2744.84877 9.704 0.031
2747.86759 9.697 0.041
2747.87642 9.76 0.035
2754.86382 9.72 0.027
2755.78135 9.858 0.025
2756.81789 9.686 0.026
2758.8463 9.811 0.027
2759.87832 9.723 0.033
2760.8082 9.732 0.029
2761.79677 9.713 0.026
2763.78661 9.675 0.029
2764.79557 9.697 0.028
2768.84755 9.677 0.03
2770.83255 9.712 0.03
2770.83887 9.712 0.027
2775.84319 9.655 0.054
2782.79668 9.663 0.03
2783.67269 9.85 0.031
2783.69573 9.68 0.028
2784.76435 9.695 0.028
2786.73126 9.739 0.026
2786.73988 9.716 0.028
2790.74101 9.673 0.026
2790.76181 9.713 0.026
2802.84225 9.701 0.041
2804.69097 9.701 0.028
2808.7619 9.684 0.026
2808.84429 9.686 0.03
2810.65911 9.675 0.027
2811.85566 9.655 0.031
2813.7447 9.702 0.027
2820.79492 9.699 0.032
2820.87521 9.64 0.031
2826.81281 9.701 0.026
2830.65152 9.689 0.035
2831.87308 9.674 0.028
2833.69733 9.677 0.042
2834.68183 9.679 0.032
2836.60914 9.719 0.032
2836.6216 9.712 0.045
2838.80497 9.77 0.03
2838.8137 9.78 0.033
2840.86432 9.646 0.031
2845.8004 9.689 0.027
2845.80963 9.69 0.026
2851.65274 9.684 0.023
2851.8338 9.687 0.028
2853.59679 9.682 0.029
2853.77892 9.665 0.026
2854.55799 9.731 0.024
2855.66947 9.745 0.03
2856.81348 9.702 0.033
2858.70598 9.74 0.024
2860.62922 9.729 0.025
2861.601 9.68 0.033
2861.74099 9.785 0.028
2865.75354 9.674 0.04
2866.73399 9.711 0.034
2867.63197 9.703 0.026
2872.59207 9.726 0.023
2872.69277 9.908 0.024
2874.7773 9.704 0.038
2876.66193 9.658 0.025
2878.64729 9.711 0.028
2884.66307 9.71 0.03
2884.72831 9.689 0.034
2886.54003 9.698 0.025
2888.62289 9.616 0.035
2888.72531 9.679 0.03
2892.63223 9.83 0.039
2893.72263 9.67 0.032
2895.68159 9.889 0.026
2897.69541 9.713 0.027
2904.59648 9.703 0.033
2906.59961 9.909 0.029
2908.50552 9.681 0.024
2909.62184 9.896 0.031
2909.64761 9.802 0.029
2910.5157 9.676 0.027
2911.57532 9.651 0.03
2912.53204 9.692 0.026
2916.60349 9.659 0.03
2918.60959 9.633 0.046
2918.6304 9.683 0.031
2921.59511 9.678 0.032
2922.58226 9.694 0.032
2924.57884 9.673 0.031
2924.5959 9.672 0.038
2927.5891 9.678 0.028
2928.58553 9.677 0.031
2929.59021 9.853 0.029
2930.57787 9.686 0.033
2931.59737 9.723 0.029
2932.57614 9.696 0.035
2933.57618 9.654 0.029
2933.58741 9.731 0.033
2935.58548 9.705 0.033
2937.57278 9.659 0.03
2937.58574 9.659 0.04
2940.56128 9.757 0.034
2942.55225 9.665 0.034
2944.55142 9.704 0.031
2944.56147 9.737 0.034
2947.54955 9.689 0.031
2947.55253 9.661 0.044
2950.53482 9.669 0.032
2950.53794 9.72 0.03
2953.52878 9.656 0.034
2954.51995 9.672 0.03
2955.52917 9.696 0.026
2956.52406 9.701 0.03
2956.54663 9.696 0.029
2957.54076 9.684 0.028
2961.51998 9.695 0.031
2961.53814 9.691 0.03
2964.51361 9.724 0.031
2964.52622 9.668 0.031
2970.51541 9.639 0.031
3060.88092 9.706 0.031
3064.88138 9.645 0.03
3064.89655 9.689 0.037
3069.87271 9.689 0.033
3076.86486 9.682 0.035
3077.86258 9.712 0.031
3080.89527 9.661 0.028
3087.85092 9.688 0.031
3087.86069 9.695 0.028
3090.88287 9.715 0.032
3091.8443 9.699 0.028
3097.81061 9.694 0.028
3097.82803 9.715 0.027
3100.86075 9.69 0.032
3100.87594 9.687 0.028
3103.86791 9.728 0.032
3104.83023 9.677 0.032
3107.86096 9.706 0.028
3108.81496 9.736 0.028
3110.90884 9.681 0.027
3111.84317 9.686 0.03
3114.83354 9.73 0.026
3116.8489 9.68 0.023
3118.84594 9.693 0.027
3122.89209 9.702 0.025
3125.76771 9.694 0.029
3125.78549 9.741 0.029
3127.78863 9.709 0.038
3127.8213 9.683 0.031
3129.8582 9.668 0.04
3144.82403 9.695 0.026
3146.73953 9.684 0.024
3153.81502 9.713 0.026
3153.92309 9.706 0.032
3156.74775 9.832 0.028
3156.76006 9.755 0.025
3158.81583 9.712 0.03
3162.78372 9.858 0.035
3164.78679 9.713 0.023
3164.81026 9.69 0.027
3167.82249 9.701 0.033
3167.82249 9.713 0.028
3169.80107 9.695 0.027
3170.75501 9.73 0.028
3172.77966 9.696 0.028
3173.70169 9.861 0.04
3176.71242 9.934 0.029
3176.72905 9.84 0.027
3179.67071 9.706 0.026
3179.68288 9.721 0.023
3182.68334 9.711 0.027
3182.69853 9.69 0.026
3184.66799 9.703 0.027
3184.69055 9.702 0.026
3189.70332 9.664 0.032
3189.73846 9.708 0.038
3191.82015 9.799 0.039
3191.84323 9.908 0.035
3278.62655 9.656 0.034
3418.88679 9.715 0.045
3422.88149 9.699 0.047
3426.87819 9.723 0.042
3430.87222 9.713 0.035
3443.90035 9.714 0.056
3447.85773 9.703 0.055
3450.87577 9.645 0.058
3453.8386 9.662 0.059
3456.86593 9.682 0.042
3459.87434 9.734 0.047
3463.8547 9.723 0.042
3466.87729 9.7 0.056
3470.8306 9.689 0.035
3473.85726 9.688 0.032
3476.84915 9.61 0.07
3479.83901 9.726 0.082
3487.84335 9.722 0.037
3490.88071 9.645 0.048
3508.87162 9.704 0.033
3511.7692 9.853 0.034
3517.8074 9.704 0.04
3523.80973 9.744 0.048
3526.71739 9.718 0.057
3528.77547 9.694 0.051
3538.7417 9.706 0.034
3544.73234 9.705 0.043
3547.78385 9.721 0.042
3551.77204 9.737 0.054
3556.63743 9.685 0.044
3559.71082 9.636 0.072
3561.75086 9.676 0.039
3563.68578 9.867 0.039
3572.80488 9.849 0.035
3574.82226 9.667 0.039
3576.81566 9.659 0.038
3583.71434 9.782 0.049
3585.74965 9.707 0.047
3587.77865 9.732 0.043
3590.59055 9.704 0.044
3592.60037 9.778 0.054
3599.66108 9.691 0.032
3601.69824 9.674 0.038
3603.71202 9.75 0.036
3607.54859 9.696 0.035
3617.60173 9.999 0.04
3619.69738 9.689 0.039
3622.52128 9.658 0.047
3630.63811 9.686 0.05
3632.64212 9.708 0.034
3634.67851 9.594 0.066
3637.6757 9.662 0.04
3641.60796 9.67 0.039
3643.66059 9.787 0.041
3647.57137 9.683 0.028
3654.51361 9.735 0.049
3656.55878 9.671 0.041
3658.60413 9.708 0.046
3661.52313 9.662 0.04
3663.53296 9.719 0.035
3665.56335 9.716 0.039
3669.55346 9.653 0.033
3671.58469 9.696 0.035
3677.55153 9.953 0.039
3796.8804 9.857 0.042
3800.88235 9.622 0.064
3804.85918 9.672 0.055
3808.85718 9.597 0.076
3812.85572 9.767 0.08
3819.84993 9.952 0.063
3822.87982 9.808 0.075
3826.84852 9.605 0.074
3830.84658 9.685 0.044
3833.90686 9.684 0.042
3836.88738 9.7 0.058
3848.87235 9.691 0.06
3851.8316 9.683 0.055
3859.85949 9.898 0.038
3862.78375 9.619 0.05
3864.78258 9.728 0.046
3866.80858 9.699 0.035
3868.80112 9.732 0.051
3872.90703 9.661 0.045
3876.71961 9.718 0.065
3882.7455 9.667 0.053
3886.87425 9.655 0.04
3891.76948 9.712 0.03
3893.76897 9.916 0.031
3896.77115 9.844 0.04
3900.76798 9.709 0.057
3902.76752 9.703 0.034
3904.79412 9.697 0.057
3906.84371 9.68 0.051
3909.71613 9.693 0.051
3913.72155 9.826 0.044
4153.8894 9.721 0.047
4157.88547 9.605 0.065
4161.87821 9.704 0.057
4165.87539 9.738 0.064
4174.8672 9.699 0.054
4177.89848 9.759 0.065
4185.84934 9.737 0.052
4189.84296 9.743 0.042
4192.82684 9.7 0.049
4202.91168 9.692 0.046
4205.86453 9.645 0.046
4215.83435 9.724 0.043
4228.86062 9.716 0.037
4230.8397 9.713 0.037
4232.92404 9.842 0.038
4235.77867 9.735 0.05
4238.76825 9.682 0.05
4246.73128 9.7 0.038
4250.74844 9.675 0.037
4255.78335 9.683 0.037
4258.70608 9.719 0.035
4272.67877 9.695 0.039
4274.7282 9.752 0.037
4277.69086 9.771 0.039
4282.71469 9.68 0.044
4284.71486 9.692 0.04
4290.70667 9.71 0.038
4292.68177 9.703 0.036
4294.68273 9.948 0.045
4296.68347 9.708 0.039
4298.68951 9.686 0.036
4300.66182 9.658 0.048
4302.70495 9.709 0.035
4304.64744 9.664 0.041
4306.63268 9.752 0.045
4310.63411 9.673 0.037
4312.63194 9.706 0.041
4315.63801 9.707 0.039
4317.70099 9.916 0.052
4330.58348 9.717 0.037
4332.58272 9.702 0.037
4339.68234 9.73 0.037
4341.69323 9.701 0.045
4343.69408 9.815 0.057
4345.69648 9.611 0.058
4347.69483 9.682 0.053
4349.69007 9.603 0.064
4351.70971 9.686 0.051
4354.6078 9.84 0.035
4356.63056 9.675 0.036
4358.66277 9.698 0.036
4365.51518 9.847 0.033
4367.66231 9.688 0.039
4372.55542 9.729 0.044
4375.58506 9.687 0.034
4377.61182 9.701 0.066
4379.64411 9.629 0.056
4381.63917 9.626 0.055
4384.54187 9.659 0.038
4386.56978 9.69 0.031
4388.55507 9.845 0.035
4392.51818 9.666 0.04
4402.54777 9.663 0.039
4407.55113 9.668 0.038
4410.55453 9.69 0.037
4519.88113 9.734 0.051
4523.88206 9.848 0.039
4529.86878 9.725 0.048
4533.89044 9.873 0.041
4537.86723 9.684 0.04
4541.85895 9.709 0.038
4552.85527 9.684 0.041
4557.83911 9.652 0.048
4560.86886 9.661 0.046
4563.88826 9.671 0.041
4567.82435 9.861 0.036
4570.8713 9.795 0.043
4573.81951 9.681 0.052
