1982.81664 12.975 0.036
1984.82294 13.186 0.039
1994.80649 12.328 0.041
1997.81782 11.99 0.046
2016.77141 11.146 0.043
2025.80232 11.042 0.027
2026.83408 11.048 0.032
2027.79955 11.078 0.03
2030.7888 11.064 0.027
2031.79774 11.112 0.028
2032.78704 11.121 0.027
2033.77594 11.146 0.026
2037.74626 11.224 0.031
2039.78435 11.301 0.036
2052.73585 11.64 0.031
2054.74793 11.695 0.033
2055.73216 11.767 0.032
2056.73552 11.797 0.031
2057.73142 11.859 0.03
2058.73273 11.828 0.031
2061.7258 11.954 0.031
2064.80555 12.201 0.043
2069.7702 12.325 0.033
2070.71751 12.488 0.032
2080.6214 12.834 0.031
2081.67363 12.988 0.032
2083.67349 13.32 0.052
2085.66467 13.236 0.029
2086.67676 13.026 0.028
2087.66345 13.17 0.033
2088.65771 13.504 0.031
2093.58078 13.604 0.032
2102.61958 13.868 0.029
2104.63865 13.63 0.028
2106.63151 13.786 0.028
2115.62264 14.429 0.029
2116.60593 13.676 0.03
2130.58849 14.157 0.029
2202.51866 13.453 0.031
2217.49978 13.075 0.033
2440.68987 13.13 0.021
2441.69001 13.32 0.027
2442.68193 13.007 0.023
2443.67929 13.068 0.02
2444.68123 13.068 0.052
2445.6699 13.049 0.052
2446.68392 12.963 0.025
2454.68541 12.788 0.045
2464.63464 12.004 0.028
2465.63834 11.895 0.029
2466.63108 11.763 0.023
2467.63492 11.674 0.02
2468.62958 11.525 0.023
2470.5787 11.298 0.028
2473.59839 10.985 0.032
2474.64981 10.896 0.026
2481.58463 10.551 0.045
2482.62804 10.511 0.036
2486.58952 10.511 0.041
2490.62964 10.413 0.035
2491.59011 10.416 0.039
2493.58772 10.413 0.028
2494.58857 10.398 0.036
2497.58295 10.41 0.025
2498.57338 10.426 0.025
2499.5715 10.427 0.023
2500.54802 10.454 0.031
2500.56438 10.448 0.028
2501.57293 10.436 0.029
2502.582 10.454 0.034
2508.59423 10.608 0.038
2511.61358 10.704 0.046
2519.66611 10.952 0.021
2520.66399 10.974 0.023
2521.67577 10.972 0.022
2526.64629 11.138 0.023
2535.58933 11.563 0.027
2540.64502 11.806 0.036
2544.64141 12.103 0.024
2546.5634 12.186 0.023
2548.55011 12.318 0.021
2552.57351 12.493 0.036
2553.60903 12.66 0.024
2560.59198 13.11 0.032
2561.59012 12.736 0.036
2564.53972 13.034 0.03
2565.58151 13.199 0.028
2683.88265 13.007 0.028
2686.88494 12.874 0.03
2689.88959 12.688 0.032
2694.85913 12.303 0.037
2698.87118 12.006 0.033
2701.86426 11.852 0.028
2703.88234 11.606 0.032
2704.86119 11.61 0.026
2707.8546 11.435 0.05
2709.88892 11.319 0.034
2712.83417 11.276 0.025
2721.86614 11.157 0.045
2725.80813 11.137 0.024
2727.85027 11.152 0.03
2728.86578 11.098 0.038
2729.84894 11.107 0.035
2732.87077 11.104 0.021
2735.80815 11.158 0.025
2737.84285 11.176 0.03
2739.85147 11.209 0.026
2741.85442 11.228 0.025
2743.83724 11.308 0.025
2744.84877 11.276 0.031
2747.86759 11.311 0.048
2755.78135 11.65 0.022
2759.87832 11.8 0.021
2761.79677 11.912 0.025
2763.78661 12.012 0.026
2768.84755 12.255 0.031
2770.83255 12.359 0.028
2775.84319 12.533 0.054
2783.67269 13.179 0.031
2783.69573 13.046 0.025
2786.73126 13.099 0.025
2790.74101 13.245 0.026
2872.69277 13.827 0.021
2879.68873 13.844 0.023
2898.61729 13.609 0.026
2906.59961 13.457 0.023
2909.62184 13.242 0.026
2911.57532 13.16 0.024
2916.50546 12.92 0.031
2917.59788 12.924 0.027
2921.59511 12.602 0.034
2923.58512 12.464 0.032
2926.58359 12.156 0.026
2928.58553 11.983 0.027
2930.57787 11.881 0.026
2932.57614 11.732 0.028
2934.57258 11.669 0.027
2943.51963 10.949 0.032
2945.53998 10.834 0.033
2951.51628 10.717 0.034
2954.51995 10.711 0.027
2956.54663 10.704 0.029
2959.52158 10.737 0.047
2961.51998 10.749 0.029
2964.51361 10.81 0.033
3122.88728 13.41 0.028
3127.78863 13.846 0.047
3134.85012 13.581 0.033
3144.82403 12.679 0.026
3153.92309 12.206 0.032
3156.74775 11.983 0.026
3158.80338 11.85 0.032
3162.78372 11.577 0.029
3164.81026 11.484 0.026
3170.75501 11.281 0.025
3173.70169 11.222 0.038
3176.72905 11.149 0.025
3179.67071 11.09 0.026
3182.68334 11.006 0.025
3184.66799 10.936 0.027
3189.70332 10.877 0.034
3191.82015 10.914 0.039
3278.62655 13.581 0.035
3418.88679 11.063 0.036
3422.88149 10.972 0.042
3426.87819 10.91 0.033
3430.87222 10.862 0.031
3443.90035 10.824 0.032
3447.85773 10.912 0.035
3450.88081 10.959 0.037
3450.88081 10.987 0.041
3452.87085 11.098 0.037
3453.8386 11.108 0.039
3453.8438 11.089 0.04
3453.8438 11.124 0.042
3456.86593 11.265 0.034
3459.87434 11.335 0.028
3463.8547 11.554 0.033
3466.87729 11.597 0.038
3470.8306 11.862 0.029
3473.85726 12.056 0.026
3476.84915 12.23 0.041
3479.83901 12.6 0.046
3487.84335 12.785 0.034
3490.88071 12.961 0.04
3508.87162 13.546 0.026
3517.8074 13.521 0.03
3590.59055 13.922 0.029
3592.60037 13.689 0.034
3599.66108 13.385 0.029
3601.69824 13.495 0.032
3603.71202 13.221 0.03
3607.54859 12.975 0.028
3617.60173 12.624 0.045
3619.69738 12.323 0.037
3622.52128 12.213 0.037
3630.63811 11.683 0.037
3632.64212 11.502 0.033
3634.67851 11.325 0.045
3637.6757 11.19 0.041
3641.60796 11.034 0.03
3643.66059 10.931 0.039
3647.57137 10.863 0.024
3654.51361 10.828 0.033
3656.55878 10.831 0.03
3658.60413 10.859 0.034
3661.52313 10.914 0.033
3663.53296 10.903 0.031
3665.56335 10.972 0.031
3669.55346 11.076 0.026
3671.58469 11.113 0.026
3677.55153 11.243 0.03
3822.87982 13.531 0.04
3833.90686 13.061 0.046
3836.88738 13.003 0.04
3848.87235 12.423 0.053
3851.8316 12.195 0.035
3859.85949 11.72 0.034
3862.78375 11.506 0.032
3864.78258 11.387 0.034
3866.80858 11.234 0.029
3868.80112 11.131 0.038
3872.90703 10.875 0.035
3876.71961 10.772 0.051
3882.7455 10.589 0.033
3886.87425 10.54 0.03
3891.76948 10.547 0.028
3893.76897 10.569 0.027
3896.77115 10.614 0.036
3900.76798 10.715 0.04
3902.76752 10.777 0.029
3904.79412 10.822 0.035
3906.84371 10.902 0.033
3909.71613 10.966 0.029
3913.72155 11.072 0.03
4153.8894 12.062 0.035
4157.88547 12.236 0.053
4161.87821 12.322 0.038
4165.87539 12.733 0.051
4174.8672 12.893 0.034
4290.70667 13.243 0.031
4296.68347 13.171 0.034
4298.68951 13.127 0.036
4300.66182 13.428 0.039
4302.70495 13.105 0.03
4304.64744 13.21 0.03
4310.63411 12.933 0.032
4315.63801 12.659 0.031
4317.70099 12.596 0.041
4330.58348 11.19 0.028
4332.58272 11.01 0.029
4339.68234 10.529 0.032
4341.69323 10.452 0.033
4343.69408 10.364 0.037
4345.69648 10.3 0.034
4347.69483 10.303 0.044
4349.69007 10.266 0.043
4351.70971 10.241 0.051
4354.6078 10.245 0.026
4356.63056 10.249 0.03
4358.66277 10.292 0.031
4365.51518 10.509 0.028
4367.66231 10.594 0.039
4372.55542 10.778 0.039
4375.58506 10.915 0.028
4377.61182 11.016 0.052
4379.64411 11.087 0.036
4381.63917 11.167 0.041
4384.54187 11.323 0.03
4386.56978 11.418 0.026
4388.55507 11.517 0.03
4392.51818 11.687 0.034
4402.54777 12.348 0.033
4407.55113 12.501 0.031
4410.55453 12.674 0.036
4552.85527 12.966 0.032
4557.83911 12.844 0.034
4560.86886 12.545 0.033
4563.88826 12.427 0.038
4567.82435 12.054 0.032
4570.8713 11.89 0.03
4573.81951 11.743 0.039
