1996.83931 13.175 0.062
1998.83421 12.872 0.065
2000.83625 12.824 0.061
2025.87298 11.846 0.038
2026.85832 11.903 0.047
2027.82195 11.773 0.043
2031.8249 11.729 0.052
2032.80945 11.664 0.034
2033.82283 11.59 0.039
2037.78029 11.452 0.05
2052.75378 11.077 0.052
2053.77106 11.05 0.048
2054.7659 11.072 0.062
2055.75456 11.082 0.049
2056.7558 11.741 0.044
2057.75164 11.112 0.042
2058.75065 11.1 0.053
2061.74611 11.115 0.06
2065.71604 11.204 0.045
2080.64662 11.808 0.056
2081.6987 11.793 0.051
2082.70312 11.914 0.058
2085.6831 12.054 0.046
2086.7004 12.082 0.046
2087.68183 12.242 0.06
2088.67846 12.207 0.061
2093.60164 12.394 0.054
2102.63359 13.002 0.048
2102.63815 12.904 0.046
2103.65346 13.121 0.043
2104.65053 12.961 0.04
2104.65286 12.967 0.044
2105.64246 13.084 0.044
2105.64477 13.107 0.052
2106.64794 13.178 0.046
2109.63837 13.423 0.034
2109.64068 13.397 0.039
2114.76658 13.789 0.037
2114.77122 13.517 0.046
2115.63004 13.521 0.039
2116.61336 13.517 0.045
2116.62029 13.754 0.04
2130.59831 13.972 0.041
2140.56708 13.92 0.051
2141.57424 13.868 0.042
2144.55775 14.024 0.046
2163.52712 13.697 0.062
2167.50154 13.086 0.037
2171.49397 12.852 0.037
2173.50514 12.557 0.042
2184.50112 11.79 0.043
2187.52153 11.646 0.047
2190.52249 11.421 0.047
2193.50468 11.218 0.049
2196.51119 10.926 0.052
2199.50248 10.764 0.049
2207.5029 10.204 0.045
2213.5105 9.858 0.054
2217.50247 9.623 0.05
2442.70473 10.291 0.03
2443.69766 10.391 0.03
2446.70685 10.484 0.033
2453.76449 10.807 0.031
2453.76449 10.856 0.037
2464.65564 11.45 0.036
2465.65475 11.562 0.04
2466.64751 11.604 0.033
2467.65135 11.687 0.027
2468.65051 11.716 0.029
2468.6709 11.708 0.033
2468.6709 11.753 0.038
2470.60223 11.894 0.04
2473.61717 12.123 0.045
2474.66183 12.19 0.044
2481.6034 12.714 0.059
2482.64013 13.137 0.062
2486.60847 13.244 0.057
2493.59535 13.433 0.042
2499.58138 13.6 0.031
2501.58968 13.759 0.036
2502.59879 13.454 0.046
2562.50581 13.432 0.041
2563.56876 13.442 0.034
2566.52158 13.279 0.034
2568.55477 12.999 0.046
2578.52471 12.724 0.038
2703.88658 13.673 0.036
2713.88365 13.707 0.039
2738.86365 13.9 0.027
2740.89473 13.991 0.027
2754.82687 13.294 0.028
2756.83474 13.337 0.028
2758.8508 13.216 0.026
2760.82729 13.029 0.029
2764.80479 12.808 0.027
2770.84622 12.406 0.031
2783.69843 11.606 0.03
2783.81542 11.581 0.049
2783.81542 11.595 0.038
2786.75174 11.332 0.028
2790.76782 10.892 0.024
2808.86416 9.541 0.031
2812.66791 9.529 0.031
2814.83144 9.586 0.035
2819.72654 9.614 0.033
2821.72714 9.62 0.025
2829.66521 9.799 0.045
2830.766 9.84 0.029
2835.69569 9.995 0.029
2838.6889 10.094 0.024
2840.7313 10.199 0.05
2840.74793 10.189 0.047
2840.74793 10.234 0.05
2841.85043 10.246 0.03
2853.59506 10.859 0.036
2858.61576 11.2 0.023
2862.62416 11.365 0.031
2866.70142 11.682 0.032
2867.764 11.756 0.03
2872.72532 12.147 0.025
2875.72888 12.263 0.031
2877.68984 12.37 0.028
2879.74312 12.547 0.028
2883.51835 12.729 0.024
2884.70223 12.791 0.031
2894.60647 13.356 0.037
2896.62092 13.517 0.03
2900.60081 13.533 0.033
2906.59092 13.97 0.025
2911.5639 13.998 0.031
2928.54949 13.997 0.034
2939.5557 13.858 0.034
2944.52326 13.562 0.037
2946.5451 13.505 0.031
2950.51445 13.077 0.032
2953.51636 12.932 0.036
2956.5118 12.84 0.028
2959.51181 12.643 0.042
3071.88439 12.634 0.042
3075.88042 13.009 0.036
3082.86949 13.359 0.034
3087.89633 13.694 0.03
3091.88485 13.523 0.029
3097.87867 13.811 0.026
3101.86104 13.878 0.03
3142.78866 13.389 0.03
3146.75296 13.109 0.029
3154.69083 12.617 0.026
3157.80671 12.379 0.04
3163.7933 12.102 0.025
3168.82683 11.689 0.026
3171.76058 11.557 0.035
3175.75893 11.331 0.027
3178.69817 11.141 0.033
3180.77906 10.964 0.036
3183.75593 10.803 0.032
3185.73623 10.644 0.029
3190.72612 10.394 0.038
3266.57089 12.413 0.023
3272.52149 12.81 0.067
3274.64075 12.79 0.031
3277.59033 13.118 0.04
3279.61912 13.054 0.035
3293.58949 13.568 0.028
3444.87582 11.552 0.039
3448.88414 11.904 0.055
3448.88414 11.914 0.044
3452.88785 12.596 0.044
3455.86043 12.482 0.041
3458.89592 12.716 0.043
3464.85755 13.132 0.047
3468.86419 13.271 0.04
3472.8814 13.567 0.036
3526.88434 13.449 0.073
3529.76422 13.307 0.038
3538.78062 12.911 0.031
3540.78082 12.811 0.047
3550.7505 12.334 0.042
3553.7013 12.307 0.027
3555.81915 12.032 0.048
3561.71024 11.708 0.068
3563.72478 11.516 0.031
3573.67736 10.646 0.038
3575.69352 10.481 0.041
3577.71847 10.38 0.06
3583.7374 10.205 0.044
3585.77048 10.186 0.061
3587.79431 10.186 0.032
3590.59479 10.075 0.04
3592.61591 10.235 0.076
3602.59872 10.195 0.04
3617.62722 10.585 0.039
3619.70974 10.672 0.035
3622.52588 10.824 0.04
3628.57491 11.222 0.031
3630.65186 11.351 0.033
3632.65417 11.519 0.037
3641.62473 12.193 0.03
3644.53665 12.415 0.047
3647.65092 12.74 0.031
3650.51971 12.959 0.03
3655.50937 13.379 0.068
3657.59 13.473 0.034
3660.53261 13.639 0.072
3668.55265 14.051 0.029
3798.88779 10.514 0.038
3805.88078 10.711 0.035
3809.87741 10.786 0.035
3820.86661 11.298 0.044
3824.85102 11.522 0.04
3827.88363 11.734 0.035
3831.87062 12.213 0.049
3835.8473 12.181 0.032
3851.86013 12.898 0.038
3860.81491 13.447 0.05
3863.81226 13.54 0.032
3874.85119 13.693 0.058
3880.84213 13.865 0.042
3883.83809 13.7 0.064
3893.80507 14.138 0.036
3901.78121 14.164 0.044
3903.78375 13.809 0.046
3907.80473 13.795 0.064
4159.89637 9.981 0.038
4167.8865 9.674 0.039
4175.88511 9.74 0.043
4179.88635 9.745 0.042
4183.87138 9.821 0.04
4189.87748 9.999 0.04
4192.87289 10.056 0.049
4203.87335 10.583 0.041
4207.8825 10.836 0.034
4215.85348 11.382 0.049
4229.88197 12.214 0.053
4232.80859 12.364 0.041
4234.85821 12.429 0.048
4247.7707 13.443 0.035
4256.81739 13.806 0.044
4311.66034 13.53 0.055
4314.70259 13.475 0.034
4316.80358 13.424 0.037
4319.70998 13.133 0.036
4330.59929 12.36 0.045
4332.59681 12.382 0.054
4338.6476 11.876 0.043
4340.70199 11.807 0.04
4342.70345 11.775 0.045
4344.70928 11.723 0.065
4346.70387 11.433 0.058
4351.52222 11.321 0.059
4353.63889 11.217 0.035
4355.70258 10.988 0.04
4358.49669 11.06 0.035
4360.51214 10.948 0.04
4367.56122 10.749 0.055
4369.59083 10.713 0.045
4371.60897 10.609 0.058
4373.62194 10.588 0.05
4376.61413 10.619 0.036
4378.63033 10.627 0.041
4381.54557 10.658 0.063
4383.59033 10.666 0.039
4385.62138 10.62 0.036
4388.50213 10.678 0.042
4393.52532 10.813 0.051
4402.55708 11.031 0.035
4407.56003 11.319 0.054
4411.53867 11.444 0.038
4538.88654 10.806 0.05
4542.88651 10.612 0.037
4546.8766 10.181 0.042
4558.85613 9.855 0.051
4565.86391 9.903 0.043
4569.85338 9.824 0.034
4572.85621 9.873 0.037
