2025.84309 13.542 0.031
2026.85166 13.011 0.038
2027.81524 12.98 0.037
2030.82237 12.963 0.036
2031.82047 12.918 0.038
2032.80252 13.28 0.032
2033.81842 13.425 0.033
2037.77358 13.146 0.045
2052.75825 12.903 0.042
2053.7666 12.892 0.037
2054.76143 13.293 0.045
2055.75009 13.196 0.045
2056.74903 13.175 0.041
2057.74718 13.06 0.037
2058.74619 13.599 0.038
2061.74163 13.464 0.041
2065.71157 12.998 0.045
2070.78755 12.812 0.06
2080.63756 12.832 0.039
2081.69415 12.998 0.039
2082.70085 13.076 0.035
2085.68977 12.923 0.038
2086.69565 12.916 0.037
2087.67955 13.188 0.038
2088.67615 12.95 0.039
2093.59487 13.21 0.038
2102.63359 13.636 0.04
2103.65115 12.935 0.038
2104.65053 12.989 0.034
2104.65053 13.014 0.034
2105.64246 13.265 0.034
2109.63837 13.441 0.033
2114.76658 13.067 0.033
2115.63004 13.082 0.034
2116.61336 13.104 0.036
2128.56304 13.512 0.037
2129.59813 12.751 0.037
2130.59597 12.942 0.037
2131.58406 13.353 0.036
2133.58404 13.155 0.034
2134.58696 12.997 0.034
2135.58321 13.275 0.038
2136.58719 12.794 0.034
2140.56474 13.018 0.047
2141.57424 13.18 0.035
2142.56628 13.304 0.036
2143.56676 13.127 0.038
2144.55775 12.966 0.037
2145.55548 13.143 0.036
2163.52024 13.033 0.077
2167.49464 12.976 0.037
2172.51131 13.085 0.04
2185.55958 13.162 0.039
2191.49727 13.049 0.037
2194.49807 13.023 0.034
2197.50128 12.995 0.037
2201.49142 13.203 0.039
2213.50362 13.549 0.042
2216.5159 13.317 0.038
2446.70229 13.245 0.031
2453.76219 13.345 0.043
2453.76219 13.363 0.032
2464.65331 13.017 0.029
2465.66141 13.343 0.029
2466.64519 13.367 0.027
2467.64903 13.011 0.028
2468.64819 13.231 0.025
2474.65716 13.053 0.031
2489.61854 13.048 0.047
2493.59301 13.195 0.032
2495.59556 13.245 0.034
2500.5535 13.094 0.051
2500.5535 13.125 0.034
2501.58732 13.354 0.028
2508.53285 13.189 0.037
2511.56874 13.115 0.034
2519.64044 13.117 0.025
2520.63575 13.075 0.026
2521.64274 13.516 0.023
2526.63774 12.944 0.027
2535.55151 13.243 0.032
2535.55151 13.245 0.032
2544.58566 13.276 0.036
2544.58869 13.069 0.032
2545.63045 13.156 0.026
2562.4965 13.163 0.033
2562.4965 13.174 0.033
2563.55946 13.18 0.031
2568.51745 13.155 0.035
2694.88848 13.648 0.052
2699.88653 12.955 0.035
2706.87438 13.304 0.034
2712.86575 13.494 0.029
2720.87094 13.426 0.049
2730.89128 13.161 0.03
2734.81223 13.282 0.033
2736.8488 13.087 0.038
2738.85906 13.177 0.031
2738.85906 13.204 0.031
2740.87152 13.065 0.027
2742.8616 13.171 0.039
2754.81308 12.982 0.034
2756.82555 13.082 0.031
2758.84862 13.24 0.031
2760.81806 13.226 0.031
2764.80951 13.05 0.026
2770.84143 13.143 0.041
2782.88132 13.364 0.028
2786.74949 12.973 0.027
2790.77462 13.215 0.026
2808.76946 13.27 0.032
2810.67859 13.293 0.027
2812.67011 13.148 0.031
2814.83363 13.214 0.028
2818.92007 13.348 0.031
2821.66903 13.398 0.032
2829.66059 13.256 0.036
2835.69336 13.206 0.034
2838.68656 13.527 0.027
2840.74309 13.429 0.043
2840.74309 13.437 0.034
2841.84808 13.401 0.033
2851.66061 13.047 0.027
2853.78444 13.667 0.029
2862.61952 12.931 0.041
2866.62005 12.988 0.027
2867.70702 13.111 0.028
2872.59822 13.191 0.027
2875.62438 13.334 0.026
2877.6125 13.107 0.028
2879.61316 13.152 0.025
2884.60134 13.014 0.03
2892.59198 13.312 0.038
2893.6917 13.453 0.038
2895.65177 13.424 0.031
2897.66095 13.163 0.031
2899.64055 12.939 0.041
2909.6651 13.086 0.029
2911.62562 13.066 0.029
2917.49867 13.085 0.036
2921.51279 12.874 0.053
2926.52531 13.245 0.034
2928.53308 13.337 0.046
2930.53897 12.986 0.035
2932.53975 13.104 0.035
2934.53772 12.971 0.034
2939.54372 13.442 0.031
2944.51638 13.093 0.037
2946.5428 13.386 0.035
2949.54554 13.792 0.043
2954.52765 12.99 0.035
2957.51736 13.438 0.038
2964.51851 13.138 0.04
3069.89266 13.216 0.041
3074.88469 13.009 0.042
3082.87212 13.101 0.044
3087.87579 13.216 0.039
3091.8644 13.01 0.043
3097.85581 13.413 0.035
3104.87729 13.238 0.053
3109.83815 13.091 0.031
3112.86361 12.83 0.034
3115.85398 13.175 0.035
3122.90733 12.93 0.038
3125.79827 13.069 0.051
3127.82657 12.801 0.061
3130.80988 12.873 0.043
3142.78613 12.917 0.03
3146.7478 13.055 0.029
3153.81812 13.44 0.034
3156.76319 13.099 0.034
3158.81896 12.957 0.045
3165.72977 13.357 0.04
3168.77793 13.483 0.036
3170.8697 12.844 0.04
3173.71962 12.791 0.061
3176.7841 13.289 0.071
3179.69142 12.99 0.033
3182.70194 12.914 0.033
3266.55028 13.055 0.025
3272.51011 13.712 0.044
3274.62116 12.986 0.073
3426.89306 12.843 0.05
3444.86298 13.334 0.058
3452.87696 13.166 0.048
3452.87696 13.179 0.056
3455.85037 12.986 0.059
3458.87898 12.954 0.045
3468.85901 13.109 0.038
3472.8651 13.248 0.041
3475.87683 13.167 0.07
3478.83878 13.648 0.053
3481.81916 12.777 0.048
3483.76581 12.903 0.056
3483.88709 13.07 0.052
3491.89391 12.957 0.052
3502.80715 13.04 0.052
3508.85554 13.084 0.031
3511.78234 13.435 0.036
3522.7058 13.197 0.049
3526.8718 13.323 0.043
3538.58265 12.91 0.044
3538.61242 12.984 0.044
3538.64242 13.23 0.044
3538.70213 13.145 0.044
3538.73065 13.073 0.04
3538.77313 13.313 0.035
3538.79227 13.397 0.037
3538.81909 13.297 0.038
3538.84926 12.996 0.037
3538.88005 13.091 0.041
3538.907 13.985 0.053
3539.55683 13.052 0.05
3539.58719 12.924 0.056
3539.68001 12.741 0.057
3539.74222 13.297 0.041
3540.62716 12.873 0.055
3540.68672 12.874 0.051
3540.77167 12.8 0.047
3540.80768 13.276 0.052
3550.73919 13.47 0.046
3552.84296 13.139 0.045
3555.75966 13.187 0.036
3558.90217 13.367 0.048
3561.64906 12.957 0.036
3563.68966 13.297 0.036
3573.67218 12.787 0.045
3575.68828 13.403 0.039
3575.68828 13.417 0.039
3577.71326 13.166 0.049
3582.81824 13.29 0.044
3584.82673 12.808 0.054
3589.62105 13.05 0.036
3591.68951 13.226 0.035
3594.55184 12.855 0.039
3602.59605 13.862 0.045
3604.60536 13.339 0.07
3616.65247 13.14 0.051
3619.5599 13.195 0.044
3621.61407 12.885 0.065
3628.53128 13.375 0.04
3630.59835 13.255 0.045
3632.60654 13.22 0.044
3634.64015 12.924 0.043
3637.64312 13.337 0.045
3641.60313 13.354 0.033
3643.65626 13.077 0.048
3646.64981 13.201 0.045
3649.57461 13.195 0.043
3655.50402 13.158 0.053
3657.58462 13.229 0.043
3660.52743 13.54 0.049
3662.55687 13.628 0.058
3664.56634 13.123 0.039
3668.54703 13.279 0.034
3670.58328 13.096 0.036
3673.53664 13.288 0.038
3676.52956 13.199 0.039
3793.89222 12.825 0.049
3797.89359 12.855 0.045
3804.88461 13.415 0.066
3808.88595 13.095 0.07
3812.9043 13.332 0.053
3827.86903 13.144 0.047
3831.84758 13.225 0.047
3834.8786 13.155 0.048
3848.89215 13.363 0.075
3851.85702 13.536 0.04
3860.82428 13.099 0.044
3863.79887 13.53 0.038
3865.81739 13.074 0.042
3867.81304 13.594 0.046
3874.84792 12.96 0.045
3877.77633 13.245 0.046
3880.83181 13.247 0.041
3883.83317 13.399 0.047
3887.77841 13.138 0.04
3891.78881 13.459 0.038
3893.80177 13.148 0.037
3896.79371 13.235 0.05
3901.77608 13.296 0.044
3903.77783 12.896 0.058
3905.81126 13.149 0.05
3907.79578 12.959 0.038
3913.88524 13.681 0.039
4160.88932 13.246 0.059
4164.89106 13.278 0.066
4168.89031 13.357 0.055
4179.87756 13.519 0.056
4203.86685 12.937 0.051
4207.89471 13.414 0.05
4213.91651 13.098 0.051
4229.87957 13.032 0.038
4231.88079 13.305 0.043
4234.80086 13.114 0.053
4246.74655 13.156 0.041
4250.77494 13.015 0.045
4256.81088 12.891 0.04
4273.7118 13.385 0.043
4276.69394 12.914 0.043
4278.70437 13.374 0.038
4283.81771 12.908 0.06
4289.80057 13.084 0.049
4291.80182 12.878 0.035
4293.78601 13.204 0.038
4295.80194 13.359 0.042
4297.82907 13.138 0.056
4299.77693 12.997 0.038
4301.68048 13.236 0.046
4303.68418 13.227 0.037
4305.67626 12.915 0.038
4311.6578 13.12 0.049
4316.75385 13.079 0.045
4329.66247 13.0 0.048
4331.60451 13.193 0.035
4332.78282 12.621 0.053
4338.57425 13.17 0.045
4342.62407 13.285 0.045
4346.62083 13.203 0.036
4350.62785 12.912 0.04
4353.529 12.993 0.035
4355.6187 13.601 0.041
4357.62289 12.999 0.041
4367.50798 13.24 0.044
4369.56362 13.197 0.052
4371.58163 13.119 0.048
4373.59387 13.143 0.039
4376.58517 13.012 0.037
4378.59961 13.142 0.051
4380.62907 13.297 0.051
4382.63719 13.372 0.037
4387.53789 13.171 0.038
4393.51598 13.342 0.048
4403.58536 13.045 0.042
4408.51314 13.488 0.042
4411.54803 13.113 0.042
4428.515 13.488 0.065
4523.89625 13.19 0.046
4531.89115 13.226 0.051
4537.89427 13.005 0.039
4541.88668 13.231 0.038
4545.88458 13.081 0.069
4558.85003 13.243 0.04
4561.87999 13.211 0.041
4565.86134 13.233 0.04
4569.84102 13.325 0.041
4572.85878 13.079 0.05
