1980.88547 13.522 0.046
1982.87781 13.69 0.045
1984.87241 12.969 0.044
1994.87361 12.817 0.05
1998.86092 14.304 0.048
2000.86312 12.756 0.047
2008.85204 13.78 0.058
2009.85847 13.059 0.059
2017.86734 13.564 0.058
2025.81681 12.489 0.031
2026.86656 13.332 0.033
2030.82376 13.413 0.033
2031.84225 12.68 0.035
2032.86155 13.496 0.033
2037.80669 12.939 0.038
2052.78689 13.159 0.033
2053.7915 12.46 0.037
2054.79016 13.107 0.036
2055.78322 13.104 0.035
2056.78443 12.576 0.034
2057.77629 13.453 0.032
2064.80963 13.326 0.067
2065.7455 12.762 0.04
2080.67577 12.698 0.035
2081.746 12.434 0.035
2082.73001 13.294 0.034
2083.71861 13.113 0.044
2085.72137 13.058 0.033
2086.7184 13.062 0.038
2087.70633 12.387 0.035
2088.71214 13.49 0.034
2093.63591 12.3 0.037
2102.66523 12.49 0.063
2103.67826 13.374 0.034
2104.66867 13.21 0.032
2105.66522 12.866 0.033
2115.66236 12.329 0.036
2116.64076 13.379 0.035
2117.64107 12.882 0.033
2128.59749 13.496 0.034
2129.61442 13.215 0.033
2130.61449 12.442 0.034
2131.60934 13.366 0.032
2132.61891 13.176 0.034
2133.61167 12.71 0.03
2134.60919 13.678 0.034
2135.60404 13.285 0.04
2136.60352 12.74 0.036
2140.58127 13.504 0.047
2141.59289 13.21 0.032
2143.58767 12.731 0.036
2144.58323 13.182 0.034
2145.57418 12.967 0.039
2156.57241 13.697 0.052
2167.51575 12.73 0.038
2169.52986 13.29 0.037
2172.52123 13.356 0.038
2180.50843 12.542 0.045
2184.48833 13.225 0.041
2187.50599 13.254 0.035
2190.512 13.518 0.036
2192.55693 12.919 0.035
2194.56039 13.366 0.038
2197.50904 13.571 0.038
2201.49463 13.056 0.036
2213.49994 13.764 0.04
2214.49511 12.612 0.046
2216.5122 13.58 0.038
2440.73039 12.832 0.037
2442.7337 13.255 0.022
2443.73123 12.958 0.021
2444.72421 12.943 0.025
2446.73365 13.128 0.025
2459.68313 12.75 0.048
2464.68263 13.303 0.025
2466.66791 13.446 0.024
2468.67764 12.861 0.038
2468.67764 12.882 0.033
2470.63425 13.685 0.029
2473.63771 13.612 0.032
2474.67551 13.046 0.029
2481.62626 13.148 0.047
2482.65839 13.669 0.038
2486.63816 13.548 0.038
2487.65263 12.768 0.055
2487.65263 12.787 0.055
2489.66516 13.411 0.029
2490.6383 12.827 0.044
2490.6383 12.828 0.04
2491.62284 14.065 0.037
2493.62053 12.614 0.03
2495.61186 13.588 0.03
2497.61603 13.752 0.025
2498.61087 13.245 0.026
2499.5999 12.795 0.023
2501.60145 13.483 0.026
2502.60375 12.997 0.03
2503.60615 13.595 0.031
2508.60959 13.419 0.037
2510.59963 13.384 0.032
2526.51223 13.061 0.029
2535.53375 13.541 0.028
2540.55391 12.756 0.048
2543.63194 13.177 0.051
2544.55438 13.545 0.035
2545.60371 13.311 0.024
2548.62115 13.652 0.026
2552.59809 12.904 0.047
2562.49071 13.723 0.037
2563.54901 13.041 0.028
2564.57626 13.215 0.032
2568.51613 12.862 0.035
2700.89917 12.935 0.042
2704.9022 12.696 0.042
2707.89974 12.636 0.067
2710.89183 12.719 0.037
2717.90792 12.72 0.046
2721.85943 13.761 0.061
2727.85317 13.311 0.037
2730.86262 13.23 0.034
2734.8447 13.224 0.03
2736.89011 13.638 0.038
2739.85689 13.436 0.029
2744.83396 12.93 0.042
2754.856 12.501 0.027
2756.88765 13.398 0.029
2758.89457 13.357 0.028
2760.88687 12.91 0.029
2782.83346 12.546 0.031
2784.79157 13.175 0.027
2786.7817 13.316 0.025
2790.80901 13.276 0.029
2802.79952 13.197 0.032
2808.80257 13.367 0.034
2812.70872 12.935 0.029
2815.82524 13.515 0.027
2826.73815 13.314 0.027
2830.67549 13.231 0.031
2835.71486 13.087 0.036
2838.70587 12.932 0.027
2840.74091 12.834 0.048
2840.74091 12.852 0.039
2851.66822 13.523 0.027
2853.78943 13.065 0.024
2855.68238 13.437 0.043
2858.71661 13.218 0.027
2864.73581 13.505 0.04
2867.5821 13.768 0.027
2872.60835 13.623 0.024
2875.62967 12.427 0.027
2877.61781 12.971 0.029
2879.61849 13.417 0.026
2884.60671 12.742 0.028
2885.63412 13.45 0.025
2892.55652 13.205 0.036
2893.65759 12.986 0.038
2895.63181 13.423 0.032
2897.64092 12.453 0.031
2904.65663 13.203 0.038
2906.65714 12.692 0.025
2909.65464 12.873 0.026
2911.61013 13.263 0.024
2917.58321 13.252 0.036
2921.57602 12.741 0.049
2923.5748 13.583 0.038
2926.57326 13.601 0.035
2928.57226 12.965 0.031
2930.56935 12.912 0.03
2932.56526 13.274 0.033
2934.56207 12.529 0.039
2939.56839 13.203 0.028
2945.49948 13.328 0.05
2947.55566 13.658 0.044
2950.54109 13.597 0.045
2955.53216 13.065 0.031
2957.54368 13.46 0.049
2963.51498 13.432 0.034
3069.8997 12.928 0.057
3074.8999 13.505 0.051
3082.89199 13.289 0.056
3087.91134 13.176 0.049
3091.89705 13.081 0.042
3097.91144 13.315 0.037
3101.89686 13.212 0.043
3109.87549 13.057 0.053
3113.85643 13.151 0.044
3118.89729 13.33 0.062
3122.92204 13.338 0.037
3125.83659 13.267 0.052
3128.85599 13.09 0.06
3131.82959 13.324 0.052
3141.81563 13.216 0.051
3144.86744 13.434 0.041
3152.84546 13.398 0.045
3154.78414 12.538 0.031
3157.89565 13.585 0.042
3163.8137 12.816 0.035
3166.76234 12.69 0.03
3169.74304 13.002 0.035
3172.79319 13.086 0.044
3176.74677 12.617 0.034
3179.73677 12.802 0.053
3182.73505 12.407 0.03
3184.73684 13.098 0.034
3186.86451 12.855 0.049
3190.79829 13.799 0.048
3273.51577 13.278 0.054
3277.65204 13.136 0.052
3280.56083 13.19 0.031
3430.89696 12.464 0.047
3444.90886 13.179 0.06
3450.89977 13.368 0.053
3459.87004 13.895 0.039
3465.86634 13.494 0.037
3468.89436 13.379 0.036
3472.90439 13.338 0.043
3476.87287 12.652 0.046
3480.85319 12.999 0.045
3483.8804 12.35 0.044
3487.90733 13.762 0.042
3491.91256 13.785 0.053
3496.87068 13.45 0.035
3500.85691 13.204 0.039
3503.82617 13.365 0.037
3506.87424 13.4 0.037
3509.89985 13.173 0.034
3512.79166 13.189 0.043
3520.83484 12.45 0.047
3522.79841 12.826 0.048
3524.84258 13.73 0.051
3539.73422 13.161 0.041
3550.76233 13.075 0.042
3555.85139 12.732 0.039
3559.69653 13.504 0.035
3563.78784 12.941 0.039
3568.81634 13.302 0.034
3570.68103 13.406 0.037
3573.72081 12.542 0.049
3575.73408 12.864 0.037
3577.75872 13.222 0.047
3581.82732 13.403 0.046
3584.63556 12.889 0.037
3586.65173 13.123 0.04
3588.68142 12.533 0.045
3590.75273 13.27 0.042
3592.80287 12.469 0.038
3596.66375 13.314 0.037
3601.6152 13.467 0.05
3603.61855 12.778 0.038
3606.62019 12.977 0.037
3616.57595 12.356 0.038
3618.67797 13.142 0.048
3620.66268 13.305 0.044
3622.72309 13.062 0.037
3628.54076 12.484 0.042
3632.62401 12.714 0.048
3634.6568 12.932 0.044
3637.65982 13.24 0.046
3641.60672 12.338 0.034
3643.65967 13.054 0.049
3647.57036 12.391 0.031
3651.63134 13.408 0.041
3656.49307 12.298 0.057
3658.56131 13.554 0.047
3660.57966 13.249 0.049
3669.52584 12.755 0.033
3671.56388 13.156 0.035
3674.54911 12.968 0.039
3677.53608 13.45 0.037
3795.89754 13.051 0.067
3799.89851 12.115 0.052
3805.90115 12.297 0.046
3809.90691 13.154 0.063
3813.89846 13.203 0.05
3820.89934 12.856 0.051
3824.88587 12.286 0.055
3828.87518 13.05 0.045
3832.86147 13.088 0.042
3836.86518 12.614 0.055
3858.82435 12.478 0.045
3861.83318 12.44 0.04
3863.87058 13.082 0.038
3865.88874 13.538 0.046
3867.86536 12.94 0.041
3869.83276 13.187 0.064
3874.86623 12.366 0.044
3877.81016 13.409 0.036
3880.89185 12.783 0.045
3886.83472 12.628 0.04
3889.77653 12.273 0.041
3891.80516 13.368 0.037
3893.81554 13.505 0.035
3896.80865 13.487 0.052
3901.79342 12.89 0.054
3903.8043 13.088 0.039
3905.83477 12.393 0.048
3908.74076 13.462 0.037
3912.75786 13.124 0.037
4160.8995 13.405 0.062
4176.89344 13.432 0.061
4189.91362 13.25 0.04
4193.86165 12.299 0.044
4203.90107 13.241 0.045
4208.89554 12.905 0.054
4213.92495 13.401 0.061
4230.89041 12.86 0.04
4233.82615 12.554 0.072
4247.80262 13.687 0.042
4253.79744 13.823 0.051
4258.73815 12.292 0.042
4266.78704 13.616 0.048
4269.73712 13.484 0.045
4273.74041 12.641 0.047
4276.73457 12.719 0.044
4278.72542 13.226 0.044
4284.74515 13.515 0.047
4290.73896 13.542 0.067
4292.7209 12.593 0.035
4296.72858 13.566 0.058
4298.73725 12.807 0.055
4302.75219 12.947 0.038
4304.67214 12.738 0.036
4306.6825 13.359 0.038
4312.67113 13.354 0.057
4315.66933 13.104 0.048
4329.61846 12.569 0.045
4331.61738 13.22 0.043
4333.58144 13.425 0.035
4334.77523 13.036 0.037
4339.59656 14.006 0.048
4341.59657 12.777 0.042
4343.60275 13.334 0.039
4345.60866 12.686 0.037
4347.61098 12.936 0.035
4349.6091 13.372 0.049
4351.60858 12.178 0.053
4353.6913 12.945 0.036
4356.53372 13.087 0.035
4358.53596 13.408 0.04
4360.5398 12.479 0.075
4367.51567 13.614 0.047
4369.56707 12.744 0.054
4371.58515 13.36 0.049
4373.59733 12.407 0.042
4376.58865 12.33 0.036
4378.60389 13.314 0.051
4380.63257 13.513 0.05
4382.64066 12.895 0.036
4385.53926 12.431 0.037
4387.54145 13.07 0.035
4389.5317 13.408 0.043
4399.5373 13.436 0.058
4402.57542 13.194 0.048
4407.5056 12.613 0.041
4409.56319 13.005 0.044
4413.54914 12.545 0.037
4426.52205 13.458 0.061
4526.90022 13.287 0.061
4532.90328 13.668 0.049
4538.90298 13.47 0.054
4542.9009 13.504 0.048
4546.88814 12.847 0.055
4558.89987 13.222 0.043
4562.87599 12.276 0.054
4566.87688 13.906 0.047
4570.86511 13.243 0.04
4573.90802 13.411 0.039
