2025.82812 13.777 0.023
2031.85599 13.785 0.026
2037.80873 13.275 0.032
2039.78078 13.172 0.039
2040.75778 13.251 0.036
2052.78892 12.597 0.024
2053.80254 12.548 0.023
2054.79444 12.505 0.029
2055.78525 12.458 0.029
2056.78646 12.664 0.026
2057.78059 12.406 0.024
2058.78149 12.617 0.026
2061.79614 12.092 0.029
2065.75471 11.979 0.028
2080.68011 11.098 0.026
2082.74259 11.037 0.025
2083.72066 10.984 0.038
2085.72342 10.948 0.026
2086.72045 10.914 0.025
2087.70838 10.916 0.024
2088.7142 10.881 0.027
2093.64259 10.87 0.029
2094.64505 10.879 0.028
2102.66731 10.987 0.038
2103.68034 11.052 0.028
2104.68271 11.058 0.026
2105.66732 11.097 0.025
2115.66001 11.47 0.026
2116.63843 11.506 0.029
2117.63874 11.539 0.028
2128.59966 12.057 0.024
2129.61658 12.027 0.026
2130.6122 12.106 0.026
2131.60706 12.154 0.024
2132.61063 12.211 0.025
2133.60704 12.309 0.026
2135.60174 12.45 0.031
2136.60125 12.474 0.028
2140.58808 12.766 0.037
2141.59064 12.757 0.028
2143.5854 13.052 0.026
2144.57865 12.979 0.027
2145.57193 13.002 0.025
2194.50389 14.736 0.03
2197.51623 14.343 0.028
2201.49959 15.424 0.03
2501.59691 13.686 0.026
2526.59373 11.467 0.02
2540.55621 10.975 0.049
2543.63424 10.91 0.031
2544.55669 10.879 0.03
2545.60603 10.887 0.02
2552.60043 10.867 0.044
2562.49533 10.891 0.023
2563.55602 10.871 0.025
2566.52034 10.977 0.028
2568.55351 10.99 0.038
2578.52344 11.257 0.026
2734.85263 13.659 0.026
2737.85745 13.27 0.023
2740.84695 13.239 0.021
2743.85225 13.081 0.027
2747.90517 12.884 0.041
2754.86501 11.961 0.024
2756.89206 11.784 0.025
2758.88488 11.61 0.023
2760.88218 11.438 0.023
2764.83827 11.167 0.02
2765.81179 11.099 0.021
2775.87856 10.745 0.049
2782.83553 10.879 0.027
2782.86218 10.847 0.018
2790.80657 10.937 0.021
2802.82794 11.301 0.038
2804.72857 11.829 0.031
2808.80695 11.552 0.022
2812.71312 11.766 0.022
2815.83443 11.828 0.021
2819.76284 12.112 0.025
2821.73623 12.211 0.021
2826.78471 12.413 0.028
2830.6806 12.773 0.022
2832.64764 12.88 0.025
2835.7215 13.023 0.025
2838.7125 13.067 0.021
2840.75006 13.281 0.037
2840.75006 13.302 0.031
2851.67267 14.035 0.018
2956.52779 13.466 0.049
2958.53166 13.335 0.024
2961.5085 13.128 0.031
2964.50978 13.458 0.037
3076.90563 13.175 0.044
3082.89718 14.1 0.042
3125.87048 14.685 0.032
3176.74146 13.763 0.024
3179.72755 13.569 0.023
3182.73235 13.78 0.025
3190.74379 13.224 0.034
3266.68325 11.787 0.022
3268.67196 11.894 0.032
3273.5184 12.187 0.031
3275.63564 12.239 0.042
3278.55546 12.324 0.029
3280.58335 12.361 0.026
3294.55574 13.194 0.027
3296.59396 13.135 0.027
3447.90439 11.161 0.029
3453.89435 11.102 0.031
3453.89435 11.121 0.033
3457.88535 11.124 0.029
3464.88112 11.21 0.028
3468.87825 11.286 0.026
3472.91015 11.383 0.035
3476.88564 11.471 0.036
3480.86135 11.625 0.036
3483.9049 11.721 0.04
3487.89662 11.893 0.033
3491.91803 12.073 0.037
3496.88769 12.198 0.047
3500.87104 12.507 0.031
3503.85192 12.471 0.034
3506.86617 12.694 0.027
3509.85667 12.809 0.025
3512.79952 13.051 0.032
3522.81586 13.486 0.044
3525.78505 13.092 0.027
3530.77375 14.084 0.029
3569.69798 14.588 0.026
3582.80762 16.79 0.033
3585.60866 14.312 0.029
3591.71423 17.073 0.035
3616.60891 14.712 0.029
3619.5552 14.184 0.032
3621.60979 14.0 0.045
3628.59484 13.887 0.03
3630.66623 13.867 0.04
3632.67209 13.883 0.037
3638.65605 13.118 0.039
3641.62843 13.092 0.027
3644.54036 13.032 0.042
3648.53845 12.803 0.025
3650.56855 12.592 0.033
3652.54791 12.58 0.03
3655.53667 12.253 0.038
3657.60615 12.138 0.04
3660.53635 11.868 0.038
3662.56816 11.58 0.048
3664.57637 11.469 0.035
3668.55656 11.32 0.026
3671.54109 11.13 0.028
3674.54369 11.064 0.031
3677.53052 11.024 0.027
3849.86466 13.974 0.031
3855.8738 13.28 0.043
3861.90211 13.144 0.033
3863.87274 13.076 0.025
3865.90203 12.997 0.029
3867.85942 12.961 0.032
3869.84853 12.775 0.043
3871.83662 12.458 0.043
3875.83197 12.161 0.028
3879.82103 11.985 0.077
3882.80484 11.658 0.03
3886.82897 11.498 0.031
3889.78108 11.386 0.028
3891.81318 11.39 0.027
3893.81001 11.378 0.026
3896.80318 11.351 0.036
3901.83081 11.321 0.044
3903.84597 11.277 0.028
3905.86813 11.201 0.035
3908.7453 11.078 0.026
4180.90343 12.993 0.052
4184.90524 13.375 0.068
4190.90102 13.159 0.036
4194.87699 13.161 0.033
4204.87516 13.765 0.035
4229.89331 14.812 0.033
4234.87946 14.107 0.036
4284.75111 15.012 0.038
4292.73302 14.145 0.029
4298.72846 14.156 0.039
4302.74344 13.773 0.03
4304.68499 13.962 0.028
4306.66899 13.665 0.028
4308.6761 13.606 0.047
4317.61361 13.139 0.027
4329.62312 12.478 0.038
4331.60818 12.295 0.027
4333.59532 12.226 0.026
4336.58554 12.017 0.034
4339.65183 11.76 0.035
4341.65144 11.744 0.034
4343.65151 11.631 0.043
4345.65134 11.561 0.029
4347.65215 11.555 0.04
4349.64573 11.679 0.039
4351.64269 11.339 0.037
4354.59922 11.288 0.035
4356.62201 11.272 0.03
4358.63204 11.302 0.033
4362.62151 11.248 0.028
4367.50649 11.235 0.034
4369.56132 11.251 0.039
4371.58012 11.275 0.042
4373.59236 11.338 0.032
4376.58029 11.358 0.03
4378.5983 11.403 0.039
4380.62772 11.464 0.042
4383.56528 11.586 0.029
4385.60672 11.542 0.03
4388.4981 11.606 0.031
4400.5322 12.132 0.042
4407.5248 12.585 0.031
4411.51752 12.73 0.031
4547.90187 13.249 0.038
4558.88422 12.452 0.03
4562.89427 11.992 0.04
4566.89814 11.683 0.032
4570.88376 11.421 0.029
4574.85602 11.285 0.032
