1875.51295 14.145 0.038
1964.88601 12.665 0.034
1982.8666 13.643 0.038
1984.85521 13.593 0.037
1994.86012 12.804 0.046
1996.85279 13.715 0.046
2000.8473 14.088 0.044
2009.84272 12.849 0.053
2026.74776 14.097 0.041
2027.81064 13.936 0.034
2030.80563 14.029 0.031
2030.80863 13.846 0.03
2031.82256 13.359 0.034
2031.84451 13.66 0.032
2032.80713 13.686 0.03
2032.9126 13.152 0.032
2033.82051 13.703 0.03
2037.76897 13.456 0.04
2037.80219 12.842 0.041
2052.74907 13.287 0.038
2052.78 12.899 0.035
2053.76866 13.923 0.035
2053.80039 13.61 0.033
2054.76347 13.918 0.039
2054.79678 12.661 0.036
2055.75214 13.349 0.039
2055.78084 13.659 0.036
2056.75338 14.489 0.034
2056.77984 14.086 0.037
2057.74922 13.399 0.032
2057.78292 13.448 0.034
2058.74823 13.931 0.035
2058.7748 13.987 0.038
2061.74366 13.27 0.036
2061.80746 13.381 0.036
2065.71361 13.344 0.04
2065.76218 12.823 0.037
2067.67865 14.079 0.041
2070.88647 13.912 0.033
2081.69173 14.373 0.034
2081.74353 13.442 0.032
2082.7051 14.23 0.034
2082.74027 12.854 0.032
2083.69379 14.279 0.049
2083.73435 14.598 0.038
2085.71889 13.367 0.036
2087.6838 13.008 0.034
2087.71504 13.677 0.034
2088.68043 13.773 0.037
2088.70739 13.685 0.033
2093.63108 13.818 0.037
2094.64269 13.359 0.04
2102.63562 13.036 0.034
2103.64421 13.669 0.038
2103.67347 13.472 0.034
2104.65481 13.109 0.032
2104.6803 13.095 0.027
2105.64905 13.819 0.031
2106.65221 12.851 0.033
2106.67685 12.81 0.028
2114.69209 14.453 0.033
2114.75739 12.8 0.031
2115.63432 13.549 0.033
2115.65504 13.312 0.03
2116.62225 13.777 0.034
2116.65014 13.486 0.031
2117.61582 12.931 0.037
2117.63629 12.952 0.033
2128.5697 13.088 0.031
2128.59489 13.274 0.029
2129.59576 13.897 0.035
2129.61185 13.832 0.03
2130.60489 12.87 0.033
2130.62538 13.197 0.027
2131.59519 13.339 0.031
2131.61807 13.62 0.028
2132.58977 12.702 0.029
2133.59286 13.645 0.033
2133.61588 13.725 0.03
2134.59816 12.497 0.032
2134.62243 12.945 0.03
2135.5922 14.052 0.047
2135.61051 13.492 0.036
2136.58485 13.879 0.033
2141.5832 13.224 0.035
2141.60604 13.314 0.029
2142.57749 13.984 0.035
2143.56443 13.419 0.033
2143.59638 13.269 0.027
2144.56893 14.086 0.035
2144.58749 13.878 0.037
2145.56444 12.988 0.035
2145.58741 13.16 0.031
2156.57446 13.147 0.047
2156.58334 13.204 0.049
2163.54556 14.175 0.048
2167.5059 13.415 0.036
2169.55409 13.257 0.034
2173.51716 13.042 0.036
2175.52366 12.933 0.045
2180.50597 13.523 0.041
2184.49269 13.287 0.041
2185.55277 14.133 0.037
2187.49683 13.977 0.033
2188.52984 12.924 0.036
2190.49583 12.823 0.036
2193.56128 13.878 0.037
2216.50919 13.163 0.036
2226.51749 12.989 0.038
2441.74041 13.605 0.029
2442.73126 13.7 0.02
2443.69967 13.19 0.02
2443.72879 13.293 0.02
2444.73301 13.908 0.026
2446.69759 13.697 0.026
2446.73118 13.602 0.024
2453.77143 12.706 0.03
2464.68462 13.262 0.024
2465.65673 13.863 0.025
2466.64947 14.128 0.022
2466.68122 14.042 0.023
2467.65331 13.336 0.02
2467.68275 13.515 0.02
2468.64575 13.768 0.021
2468.67512 13.701 0.03
2468.67512 13.702 0.027
2470.59971 13.505 0.026
2470.63847 14.062 0.026
2473.61913 12.78 0.027
2473.6487 12.953 0.027
2474.66607 13.931 0.025
2486.61276 12.801 0.041
2486.63559 13.219 0.034
2491.60873 14.133 0.034
2493.60418 13.39 0.026
2495.62512 13.401 0.029
2497.60182 13.494 0.023
2497.62251 13.48 0.028
2498.6128 14.132 0.025
2499.59025 13.186 0.022
2499.61307 13.211 0.028
2500.58539 13.976 0.028
2500.58539 13.978 0.037
2501.5827 12.786 0.025
2501.6056 12.987 0.025
2502.59631 13.817 0.032
2502.61248 13.785 0.027
2503.59646 12.981 0.046
2503.61711 12.806 0.049
2508.53723 13.176 0.037
2510.57926 13.6 0.032
2510.60876 13.535 0.03
2519.73149 14.147 0.022
2520.68366 13.358 0.025
2520.74584 13.463 0.025
2521.6958 13.516 0.024
2524.63737 13.048 0.026
2524.66821 12.747 0.02
2526.65381 13.233 0.029
2526.70369 12.856 0.024
2535.54302 13.881 0.029
2544.53055 12.851 0.031
2544.5681 13.205 0.03
2545.56805 13.959 0.023
2545.61742 13.932 0.022
2548.64216 13.245 0.027
2552.60468 12.767 0.043
2553.54794 13.481 0.028
2553.62757 14.061 0.027
2563.55348 12.82 0.029
2564.57838 14.316 0.028
2565.58446 12.756 0.032
2565.61553 13.487 0.03
2566.62552 13.258 0.029
2578.54182 12.926 0.023
2578.55039 12.873 0.025
2579.54807 13.717 0.025
2579.55668 13.29 0.029
2687.89031 13.207 0.056
2703.89776 14.079 0.037
2709.88272 12.983 0.036
2712.87696 13.627 0.027
2717.9059 12.986 0.042
2721.85271 13.987 0.06
2727.84184 13.923 0.03
2730.84882 12.95 0.029
2736.87609 12.805 0.038
2738.85672 13.937 0.026
2738.87465 13.851 0.03
2740.8692 13.901 0.025
2741.82995 13.704 0.03
2743.87098 13.592 0.036
2749.86657 12.621 0.031
2756.88544 13.403 0.026
2758.85301 13.567 0.029
2759.86549 13.985 0.027
2761.83828 14.507 0.03
2763.82379 13.75 0.024
2764.80244 13.911 0.026
2782.82652 13.607 0.027
2784.80316 13.647 0.027
2786.77933 13.369 0.025
2790.81115 13.251 0.028
2802.80439 13.933 0.032
2808.76018 13.982 0.031
2810.68065 13.41 0.027
2810.72384 13.832 0.029
2812.65997 12.906 0.031
2812.69936 13.351 0.026
2814.82662 13.499 0.028
2814.87536 13.476 0.027
2818.89341 13.523 0.029
2821.67855 13.783 0.027
2821.70825 13.805 0.03
2830.67067 13.651 0.03
2832.6521 13.398 0.033
2835.72361 12.532 0.033
2838.69087 13.895 0.03
2838.71461 13.261 0.025
2840.75215 13.52 0.04
2840.75215 13.523 0.038
2841.85572 13.202 0.033
2843.67415 13.522 0.031
2851.64895 13.478 0.025
2851.67016 13.443 0.023
2853.77206 13.85 0.023
2853.79138 14.229 0.03
2855.68432 13.449 0.035
2866.62217 13.23 0.026
2867.70915 12.843 0.027
2872.58826 12.781 0.022
2872.61706 12.942 0.021
2874.76358 13.812 0.03
2876.66041 12.93 0.025
2876.67512 13.179 0.023
2878.64577 12.772 0.032
2878.65307 12.781 0.027
2883.57325 13.295 0.028
2883.6024 13.142 0.021
2884.73189 12.845 0.031
2886.54298 13.358 0.032
2892.53434 13.721 0.033
2892.5585 14.302 0.032
2893.65959 12.846 0.037
2895.6338 13.672 0.029
2897.64292 13.804 0.033
2904.64615 13.123 0.048
2904.65867 14.236 0.043
2906.64157 13.099 0.028
2906.65919 13.432 0.024
2909.64417 13.707 0.026
2911.50055 12.988 0.025
2911.59729 13.7 0.032
2917.48944 13.284 0.035
2923.52095 14.132 0.029
2926.51856 13.186 0.036
2926.51856 13.248 0.036
2926.52386 13.511 0.028
2928.52632 13.475 0.046
2928.53163 13.38 0.033
2930.53189 12.885 0.031
2930.5374 13.066 0.031
2932.53266 12.678 0.038
2934.53098 13.123 0.032
2934.53627 12.782 0.043
2939.53682 13.551 0.027
2946.53844 13.749 0.038
2947.56038 13.262 0.037
2949.54316 12.854 0.048
2956.55205 13.597 0.032
2964.51632 12.803 0.038
3070.90411 14.0 0.048
3074.87966 13.782 0.041
3075.89296 12.896 0.038
3082.88457 13.109 0.037
3088.87119 12.745 0.068
3092.86439 13.586 0.05
3097.85319 13.385 0.033
3097.89599 13.384 0.033
3101.84338 12.903 0.043
3101.88114 13.255 0.041
3105.84679 13.778 0.038
3109.83548 14.162 0.029
3109.86528 14.485 0.036
3113.84798 14.771 0.036
3115.85899 13.73 0.033
3118.88702 13.177 0.044
3122.89719 12.956 0.036
3122.92463 12.932 0.056
3125.80074 13.383 0.042
3125.8287 13.34 0.061
3127.83435 13.273 0.052
3128.84433 13.706 0.045
3131.83725 13.278 0.039
3141.82845 13.19 0.053
3142.79106 13.328 0.03
3146.7502 13.256 0.028
3146.79679 12.858 0.027
3152.87164 13.007 0.038
3152.87366 12.717 0.04
3154.77865 13.911 0.03
3157.88817 13.462 0.063
3157.89295 13.724 0.036
3159.79412 12.949 0.072
3162.83414 15.874 0.053
3163.82371 13.071 0.055
3166.75961 13.45 0.029
3170.872 13.868 0.039
3172.79043 13.527 0.049
3176.74398 12.776 0.031
3176.78136 12.75 0.037
3179.7 13.459 0.032
3179.73904 13.306 0.034
3182.72222 13.927 0.029
3182.7526 14.097 0.028
3184.70247 13.817 0.035
3184.74437 13.769 0.06
3187.68828 12.657 0.04
3190.754 14.964 0.043
3266.52515 14.073 0.023
3266.67225 12.698 0.026
3432.90073 13.375 0.046
3444.89101 12.814 0.056
3448.90507 13.073 0.046
3448.90507 13.082 0.045
3452.90787 13.895 0.048
3452.90787 13.907 0.051
3459.86129 12.647 0.047
3465.85887 13.683 0.045
3468.88622 13.809 0.035
3472.87103 13.315 0.043
3472.89071 13.375 0.039
3475.89802 13.303 0.065
3476.85677 13.048 0.049
3487.91592 13.479 0.039
3491.92345 13.173 0.045
3500.87849 13.584 0.035
3503.84321 13.455 0.035
3506.88172 13.008 0.035
3510.77967 13.482 0.03
3512.81982 13.422 0.04
3522.74843 13.634 0.063
3524.83364 13.317 0.059
3528.85278 13.233 0.053
3530.75897 13.222 0.042
3538.58265 13.383 0.044
3538.61242 13.926 0.044
3538.64242 13.694 0.044
3538.70213 13.662 0.044
3538.73065 13.825 0.04
3538.79227 13.829 0.037
3538.81909 13.138 0.038
3538.84926 13.453 0.037
3538.88005 13.003 0.041
3538.93704 13.199 0.049
3539.58719 14.434 0.056
3539.68001 13.086 0.057
3539.73071 13.039 0.059
3539.74222 13.507 0.041
3540.62716 14.561 0.055
3540.68672 13.852 0.051
3550.76711 13.576 0.038
3552.75686 13.636 0.04
3553.74893 14.13 0.046
3555.75445 13.852 0.032
3555.86628 13.174 0.038
3558.89572 13.767 0.05
3559.70843 14.23 0.052
3561.74839 13.314 0.035
3563.6999 13.644 0.031
3563.79733 14.025 0.037
3568.83591 12.965 0.031
3568.8418 12.934 0.031
3570.69779 14.104 0.037
3573.73667 13.319 0.043
3575.69066 12.894 0.035
3575.74983 13.147 0.033
3577.77253 13.222 0.047
3581.84144 13.137 0.033
3581.84459 13.146 0.03
3584.63248 12.963 0.031
3584.65228 13.165 0.032
3586.64872 12.846 0.031
3586.65705 12.824 0.035
3590.7412 13.111 0.033
3590.78557 13.341 0.04
3592.74525 13.075 0.036
3593.5931 13.252 0.033
3596.75277 12.824 0.035
3601.62573 12.957 0.043
3603.62923 13.255 0.035
3606.6333 13.819 0.04
3616.57896 13.477 0.034
3618.65761 12.886 0.048
3618.68024 13.41 0.041
3620.63837 13.052 0.037
3620.66896 12.81 0.044
3622.70813 13.192 0.034
3622.72842 13.266 0.033
3628.52352 13.348 0.036
3628.55487 13.943 0.038
3630.59048 14.732 0.044
3630.63393 13.935 0.043
3632.5963 13.807 0.042
3634.66972 14.49 0.044
3637.63793 13.394 0.046
3637.67451 13.037 0.046
3640.68852 13.503 0.034
3641.59744 14.475 0.031
3643.52125 15.983 0.046
3643.64924 13.409 0.046
3646.59559 12.78 0.033
3646.64741 13.302 0.038
3649.54692 13.332 0.042
3651.56741 13.166 0.037
3655.49622 12.619 0.054
3655.60219 13.445 0.047
3657.56914 13.117 0.039
3657.6455 13.984 0.044
3660.54378 13.214 0.044
3662.5766 13.267 0.053
3664.54065 13.812 0.036
3668.52089 13.27 0.032
3668.56456 13.104 0.032
3670.57453 13.373 0.032
3670.58917 13.277 0.03
3673.53127 14.131 0.031
3673.543 13.834 0.031
3675.61479 13.785 0.035
3676.52708 13.381 0.031
3678.55715 13.277 0.032
3701.51958 13.563 0.051
3704.51817 13.09 0.036
3795.90026 14.719 0.049
3799.90209 13.531 0.051
3800.89348 12.655 0.059
3805.8927 13.235 0.052
3809.89839 13.193 0.054
3813.88456 12.833 0.05
3816.87597 13.646 0.053
3820.88252 13.322 0.055
3824.87185 12.875 0.05
3827.88804 13.574 0.038
3831.88683 14.235 0.055
3835.85838 13.487 0.048
3849.83431 13.708 0.039
3852.86925 13.66 0.055
3855.86338 13.827 0.057
3861.85732 14.093 0.04
3862.80933 13.463 0.037
3863.88272 13.949 0.035
3866.80171 14.824 0.039
3866.83017 14.476 0.04
3868.85877 13.968 0.052
3874.79704 13.96 0.035
3874.87744 14.0 0.04
3877.80759 13.353 0.032
3880.8883 13.633 0.038
3883.88091 13.214 0.036
3887.81936 13.839 0.035
3894.75312 13.883 0.035
3901.80364 13.192 0.047
3903.81531 13.079 0.038
3905.85564 13.032 0.045
3908.74297 13.235 0.036
3912.76621 13.528 0.034
4166.90009 13.917 0.055
4176.888 13.93 0.06
4203.88154 12.714 0.06
4207.90773 13.348 0.047
4229.90518 13.482 0.047
4232.83728 13.191 0.041
4235.81931 14.335 0.035
4256.90725 13.236 0.053
4273.76217 13.789 0.048
4276.72619 15.344 0.05
4278.74734 14.378 0.036
4284.75621 13.323 0.052
4290.74922 13.874 0.036
4296.74503 17.168 0.051
4298.74968 13.146 0.05
4302.75932 12.833 0.036
4304.69659 13.558 0.033
4306.69118 13.456 0.033
4311.6826 12.846 0.055
4317.60789 14.292 0.032
4329.62547 13.556 0.04
4331.61949 13.592 0.032
4334.79323 13.235 0.035
4339.60599 13.031 0.044
4341.60858 12.783 0.06
4343.61557 12.662 0.049
4345.62149 13.032 0.045
4347.6261 13.7 0.035
4349.62829 14.021 0.046
4351.62855 13.665 0.052
4353.75223 13.119 0.036
4355.75206 13.085 0.034
4358.50298 13.578 0.036
4367.51793 13.157 0.043
4369.5694 12.825 0.05
4371.58747 12.838 0.044
4373.59971 13.026 0.035
4376.59103 13.812 0.035
4378.60628 13.536 0.044
4380.63577 13.861 0.045
4382.65328 13.604 0.033
4385.54168 13.865 0.033
4387.54384 13.796 0.029
4389.53404 13.213 0.044
4399.55684 12.938 0.051
4402.58983 13.897 0.038
4406.5957 13.588 0.046
4409.52725 13.524 0.037
4413.52846 13.968 0.035
4422.52806 15.088 0.042
4429.52652 12.988 0.046
4432.52295 14.137 0.035
4435.52683 13.418 0.035
4438.5223 13.915 0.045
4547.88245 14.158 0.052
4558.86314 13.787 0.04
4561.89812 13.684 0.037
4565.8819 13.971 0.038
4569.8778 14.466 0.038
4572.90729 13.038 0.037
