2114.76422 13.677 0.038
2443.73522 13.509 0.022
2444.73502 13.21 0.026
2445.726 13.618 0.027
2466.68338 12.951 0.027
2468.6918 12.75 0.038
2468.6918 12.778 0.043
2470.64514 12.86 0.032
2521.50713 13.164 0.024
2544.57744 13.121 0.038
2545.62461 13.22 0.026
2549.57013 13.019 0.024
2553.52349 13.198 0.029
2558.51711 13.008 0.03
2562.51146 13.196 0.032
2563.57441 13.34 0.032
2566.52502 13.252 0.031
2578.52815 13.21 0.03
2711.90235 13.356 0.04
2714.90387 13.071 0.032
2721.88175 12.854 0.065
2726.87053 13.518 0.046
2729.88023 13.244 0.035
2736.86614 13.252 0.043
2739.86814 12.972 0.035
2742.85808 13.454 0.038
2744.90913 13.149 0.036
2754.87189 12.951 0.033
2756.89693 13.059 0.028
2758.91546 13.106 0.029
2760.88424 12.852 0.029
2764.8403 12.945 0.023
2765.81866 12.848 0.025
2782.87105 12.92 0.027
2784.80735 12.969 0.026
2786.78836 13.198 0.025
2790.80405 13.423 0.032
2802.86318 14.383 0.069
2804.73309 13.131 0.046
2808.81579 13.125 0.031
2810.72814 13.239 0.025
2812.71509 13.214 0.026
2815.83881 13.247 0.028
2819.75108 13.003 0.032
2830.79286 12.698 0.037
2832.66117 13.508 0.034
2835.72581 13.022 0.034
2838.71926 13.418 0.031
2851.65836 13.096 0.027
2853.78225 13.102 0.024
2855.67282 12.942 0.039
2860.63498 12.961 0.035
2862.63903 13.18 0.038
2866.63908 12.975 0.03
2867.71907 13.109 0.033
2872.61269 13.436 0.023
2875.63403 12.709 0.027
2877.62218 12.931 0.028
2879.62288 12.973 0.026
2884.61115 13.06 0.032
2886.55059 12.822 0.03
2892.5707 13.442 0.038
2893.68076 13.301 0.042
2895.63863 13.512 0.031
2897.65015 13.489 0.028
2902.50458 12.958 0.028
2902.51599 13.006 0.026
2902.51821 13.008 0.026
2902.52043 13.101 0.026
2902.52265 12.864 0.025
2902.52712 13.038 0.026
2902.52934 12.99 0.025
2902.53156 13.01 0.026
2902.53624 13.212 0.026
2902.53847 13.222 0.025
2902.54317 12.898 0.026
2902.54784 13.024 0.025
2902.55259 13.049 0.026
2902.5548 13.11 0.025
2902.55703 13.242 0.026
2902.55925 13.326 0.026
2902.56147 13.159 0.025
2902.56369 13.249 0.025
2902.56591 13.347 0.026
2902.56814 13.228 0.026
2902.57037 13.36 0.025
2902.57259 13.001 0.026
2902.57481 13.164 0.026
2902.57704 13.26 0.026
2902.57926 13.38 0.027
2902.58148 13.209 0.027
2902.5837 13.42 0.027
2902.58592 13.55 0.027
2902.58815 13.386 0.026
2902.59259 13.372 0.027
2902.59482 13.162 0.028
2902.59705 13.193 0.029
2902.59928 13.24 0.028
2902.6015 13.363 0.029
2902.60373 13.515 0.027
2902.60596 13.44 0.027
2902.60818 13.225 0.028
2902.6104 13.564 0.028
2902.61263 13.186 0.028
2902.61486 13.188 0.028
2902.61709 13.486 0.028
2902.61931 13.548 0.028
2902.62153 13.205 0.028
2902.62376 13.015 0.028
2902.62599 13.275 0.027
2902.62821 13.239 0.028
2902.63043 13.258 0.028
2902.63266 13.332 0.029
2902.63488 13.014 0.029
2902.6371 13.016 0.027
2902.63933 13.047 0.029
2902.64156 13.29 0.028
2902.64379 13.069 0.027
2902.64601 13.003 0.029
2902.64825 12.827 0.028
2902.65047 12.923 0.029
2902.65269 13.109 0.03
2902.65491 13.118 0.029
2902.65713 13.096 0.032
2902.65936 13.009 0.037
2902.66159 12.829 0.039
2902.6638 12.997 0.036
2902.66603 12.999 0.04
2902.66825 12.928 0.047
2902.67049 12.884 0.065
2902.67271 12.953 0.063
2903.51316 14.511 0.068
2903.51983 13.286 0.056
2903.52205 13.689 0.055
2903.53764 13.003 0.064
2903.53988 12.919 0.061
2903.5421 12.998 0.053
2903.54432 12.944 0.045
2903.54879 12.874 0.057
2903.55101 12.813 0.05
2903.55324 12.856 0.044
2903.55549 12.956 0.061
2903.55771 12.968 0.048
2903.57773 12.905 0.079
2903.5933 12.932 0.085
2903.59552 13.605 0.055
2903.59776 13.231 0.047
2903.59998 13.173 0.064
2903.63113 12.986 0.067
2903.6445 13.35 0.057
2905.66238 13.222 0.031
2906.4923 13.017 0.028
2906.53273 12.805 0.043
2906.57284 13.083 0.028
2906.61357 13.371 0.026
2906.65499 13.289 0.026
2908.50475 12.831 0.028
2908.54302 12.833 0.03
2908.57923 12.916 0.029
2908.61177 13.2 0.026
2909.50299 13.051 0.036
2909.541 13.149 0.034
2909.57684 13.302 0.029
2910.49423 13.275 0.034
2910.51952 12.811 0.028
2910.546 12.904 0.029
2910.56992 12.999 0.026
2910.59651 12.902 0.032
2910.62081 12.986 0.03
2910.64872 14.47 0.031
2911.48872 13.066 0.03
2911.51498 13.474 0.032
2911.56259 13.516 0.028
2911.63834 13.144 0.029
2912.48662 13.543 0.039
2912.54066 12.989 0.03
2912.56483 12.91 0.03
2912.58829 13.161 0.029
2912.61054 12.801 0.031
2912.63155 13.346 0.027
2913.6329 13.572 0.051
2917.49514 13.095 0.035
2917.52174 12.914 0.032
2917.54793 13.33 0.05
2917.57377 13.269 0.033
2917.58814 13.794 0.036
2917.60204 13.714 0.04
2917.61745 14.096 0.035
2917.6321 14.279 0.038
2918.56673 13.012 0.061
2918.59168 13.327 0.056
2918.61697 13.012 0.045
2921.50338 12.867 0.059
2921.5527 13.153 0.048
2921.60199 13.543 0.063
2922.49722 13.381 0.04
2922.54597 13.282 0.036
2922.61136 13.403 0.043
2923.4933 13.079 0.041
2923.51907 13.363 0.035
2923.54442 13.108 0.041
2923.57023 13.186 0.035
2923.59657 12.992 0.036
2924.4906 12.922 0.033
2924.51613 13.322 0.033
2924.56771 13.284 0.035
2924.59276 13.492 0.046
2926.52878 13.159 0.032
2926.56648 13.628 0.037
2926.60404 13.092 0.032
2927.49224 13.383 0.032
2927.52954 13.102 0.03
2928.49225 12.799 0.046
2928.51795 13.261 0.043
2928.54359 12.875 0.039
2928.59188 13.711 0.039
2929.51897 13.317 0.037
2929.54459 13.038 0.032
2929.5703 13.03 0.029
2929.59627 12.962 0.036
2930.49297 12.808 0.038
2930.51778 13.055 0.033
2930.54257 12.961 0.029
2930.56728 13.163 0.033
2930.5925 13.231 0.035
2931.49343 13.517 0.037
2931.51784 13.448 0.03
2931.54224 13.219 0.033
2931.5665 12.956 0.031
2931.59161 12.881 0.032
2932.4944 12.92 0.035
2932.51864 12.852 0.03
2932.54335 12.918 0.034
2932.56788 12.841 0.029
2933.52013 13.792 0.032
2933.54561 13.262 0.034
2933.57112 13.118 0.032
2934.4946 12.899 0.041
2934.52039 13.057 0.03
2934.54571 12.918 0.03
2934.57204 13.356 0.034
2935.49825 13.547 0.054
2935.52361 13.175 0.037
2935.54934 13.735 0.036
2935.57514 13.116 0.033
2936.52088 12.871 0.06
2936.57213 12.978 0.058
2937.52018 13.179 0.033
2937.545 13.562 0.032
2937.56964 13.291 0.034
2939.49729 12.946 0.035
2939.5357 13.171 0.029
2940.53529 12.825 0.038
2944.51302 13.668 0.036
2944.53847 13.358 0.034
2945.51347 12.894 0.044
2945.53931 12.803 0.049
2946.51178 13.406 0.033
2946.53729 13.46 0.036
2947.52253 13.048 0.043
2949.50764 12.944 0.04
2950.50545 13.697 0.05
2951.50298 13.091 0.051
2953.50748 13.279 0.044
2954.50767 13.069 0.037
2955.50516 13.034 0.04
2956.50568 12.969 0.042
2958.50675 12.849 0.041
2959.50808 13.83 0.047
3075.90577 13.088 0.059
3076.89782 14.015 0.057
3077.90037 12.765 0.061
3081.89714 13.553 0.068
3082.90247 13.031 0.052
3089.90714 13.155 0.061
3090.89855 12.912 0.054
3091.90215 13.935 0.054
3092.90513 12.966 0.043
3093.89751 13.562 0.048
3098.91004 13.309 0.061
3099.86159 12.744 0.082
3099.90861 12.994 0.056
3100.87965 13.705 0.065
3101.90185 12.79 0.059
3103.88 12.923 0.065
3104.87352 13.292 0.077
3105.87519 13.265 0.081
3106.85055 12.735 0.071
3106.88434 12.932 0.057
3109.88256 13.106 0.062
3109.91688 13.123 0.041
3110.91541 13.068 0.045
3112.91529 13.227 0.038
3113.88322 14.083 0.052
3114.87043 12.982 0.055
3114.90705 12.7 0.054
3115.86337 12.958 0.059
3115.90267 13.48 0.056
3116.90581 13.132 0.04
3122.91391 13.338 0.043
3124.84281 13.453 0.047
3124.87923 13.602 0.033
3124.92221 13.063 0.05
3125.81819 12.896 0.06
3125.84942 12.757 0.061
3125.87286 12.85 0.041
3125.90141 12.986 0.042
3126.86716 13.421 0.061
3126.90056 13.538 0.039
3127.81236 13.072 0.081
3127.85133 13.659 0.079
3127.88257 13.003 0.077
3128.83303 13.475 0.067
3128.87067 13.183 0.068
3128.90642 14.717 0.046
3129.89126 13.533 0.045
3130.83193 12.722 0.065
3130.86843 13.078 0.051
3130.9008 13.5 0.043
3131.81329 13.385 0.065
3131.85022 13.153 0.048
3131.88773 13.014 0.047
3132.81423 13.043 0.07
3132.84839 13.003 0.069
3132.87983 13.193 0.055
3133.81348 13.512 0.065
3133.87602 13.534 0.049
3141.79449 13.567 0.08
3141.83064 12.812 0.065
3142.80334 13.212 0.06
3142.83751 13.271 0.036
3142.86556 12.971 0.033
3142.89151 13.546 0.04
3144.82533 13.472 0.035
3144.86172 13.22 0.041
3144.90336 12.699 0.043
3146.8042 13.261 0.061
3146.8406 12.959 0.049
3146.87031 13.118 0.045
3146.90758 13.352 0.049
3153.83908 12.953 0.046
3153.88797 13.178 0.033
3153.93794 12.798 0.05
3154.76802 12.963 0.043
3154.79653 13.164 0.033
3154.82007 13.014 0.032
3154.84427 13.198 0.032
3154.8743 13.603 0.034
3154.91656 13.585 0.038
3156.76474 13.426 0.05
3156.79888 12.98 0.088
3156.83323 12.981 0.033
3156.86977 13.224 0.032
3156.90468 13.877 0.032
3157.83566 13.519 0.055
3157.91119 12.991 0.052
3158.74759 13.105 0.063
3158.78378 12.735 0.048
3158.81018 12.933 0.044
3158.84096 12.9 0.042
3158.87173 13.692 0.045
3158.91273 13.541 0.041
3159.7253 12.777 0.099
3159.75738 12.911 0.102
3159.78562 13.43 0.068
3160.74745 13.207 0.087
3160.78081 12.952 0.087
3160.81206 13.03 0.073
3162.81535 12.908 0.043
3163.77647 13.101 0.037
3163.80814 13.104 0.035
3163.84211 13.622 0.033
3163.87092 13.32 0.034
3163.90205 13.679 0.041
3164.73502 13.6 0.045
3164.77075 13.377 0.035
3164.79689 13.23 0.034
3164.82233 13.012 0.034
3164.84831 12.902 0.034
3164.88177 12.881 0.035
3164.91149 13.003 0.035
3165.72627 13.157 0.063
3165.76103 13.012 0.069
3165.81367 13.395 0.064
3166.74238 13.146 0.042
3166.77636 13.355 0.033
3166.80304 13.184 0.032
3166.83234 13.032 0.032
3166.86388 12.996 0.033
3166.89286 13.288 0.056
3167.76575 13.092 0.03
3168.76642 13.468 0.033
3168.80288 13.145 0.035
3168.84115 13.374 0.034
3168.87189 13.396 0.035
3168.90828 13.209 0.046
3169.71653 13.469 0.072
3169.75036 13.139 0.045
3169.77698 13.048 0.034
3169.80349 12.724 0.032
3169.82989 13.173 0.033
3169.8608 14.02 0.058
3169.89162 13.579 0.031
3170.757 13.299 0.056
3170.79292 13.365 0.04
3170.85063 13.618 0.041
3170.87978 12.895 0.041
3170.90861 13.034 0.043
3171.74953 12.965 0.048
3171.81257 13.658 0.042
3171.90166 14.385 0.055
3172.75704 13.697 0.075
3173.75255 13.362 0.063
3174.78476 13.029 0.037
3175.77971 13.291 0.034
3175.83734 12.732 0.034
3175.87685 13.02 0.035
3175.9196 13.403 0.036
3176.73606 13.226 0.043
3176.7756 12.89 0.041
3178.70786 12.727 0.08
3178.74269 13.16 0.049
3178.76938 13.177 0.047
3179.70727 13.027 0.064
3179.7752 13.743 0.035
3179.80474 13.682 0.053
3179.83055 13.08 0.033
3179.85757 12.846 0.035
3179.88752 13.002 0.037
3180.6881 13.487 0.073
3180.72402 12.898 0.039
3180.75469 13.21 0.04
3180.78086 12.832 0.035
3180.80769 12.875 0.031
3180.83888 13.439 0.035
3180.87237 13.41 0.034
3180.89947 13.415 0.035
3182.70661 13.528 0.053
3182.7447 13.361 0.035
3182.81484 13.135 0.052
3182.85116 13.168 0.056
3182.89243 13.402 0.061
3183.72672 13.084 0.035
3183.76302 13.45 0.041
3183.79168 13.346 0.044
3183.82034 13.653 0.048
3183.85256 13.077 0.046
3183.8893 12.819 0.045
3184.66515 13.514 0.089
3184.69956 13.145 0.082
3184.72752 13.146 0.036
3185.67859 12.977 0.073
3185.7119 13.033 0.055
3185.74085 13.216 0.04
3185.7709 13.379 0.042
3185.8281 13.462 0.042
3185.85414 13.029 0.039
3186.70909 13.996 0.066
3186.7546 13.502 0.044
3186.78125 13.065 0.042
3186.80946 12.913 0.051
3186.84257 13.283 0.048
3186.86982 13.462 0.05
3187.67181 13.453 0.074
3187.70879 12.907 0.048
3187.73271 13.017 0.041
3187.75584 13.133 0.041
3187.78133 13.068 0.044
3187.80469 13.748 0.042
3187.8313 13.704 0.055
3187.85728 13.765 0.047
3190.77436 13.271 0.049
3190.8059 13.226 0.05
3190.85953 12.997 0.049
3191.70173 13.588 0.069
3191.72805 13.139 0.054
3191.75446 13.144 0.057
3191.78831 13.651 0.056
3191.81479 13.335 0.054
3191.84095 13.18 0.056
3193.87195 13.77 0.047
3272.55009 13.45 0.038
3277.61235 13.289 0.048
3280.5497 13.063 0.032
3293.58794 13.6 0.033
3296.51963 13.71 0.033
3299.55816 12.892 0.041
3447.90439 13.073 0.04
3453.90501 12.805 0.055
3453.90501 12.839 0.047
3457.88535 13.166 0.042
3463.90407 14.272 0.054
3464.88112 12.784 0.037
3468.87825 12.862 0.035
3471.88869 13.166 0.041
3472.91015 13.252 0.045
3476.88564 13.433 0.049
3480.86135 13.468 0.049
3483.86227 12.879 0.051
3483.9049 13.071 0.058
3487.90937 13.131 0.049
3491.91803 13.434 0.049
3500.87104 14.087 0.042
3503.85192 12.796 0.047
3506.84239 13.267 0.044
3506.86617 13.103 0.038
3509.85667 13.275 0.033
3512.79952 13.397 0.044
3512.80171 13.215 0.048
3516.83067 12.806 0.066
3522.81586 13.373 0.052
3525.78505 13.112 0.035
3530.77375 12.778 0.038
3538.78188 12.943 0.042
3539.78647 12.873 0.073
3550.74719 13.555 0.042
3552.85365 13.893 0.046
3555.76582 13.583 0.04
3559.69868 13.01 0.041
3561.72211 12.854 0.038
3563.77587 13.525 0.044
3569.69798 12.996 0.034
3573.6964 13.628 0.044
3575.71026 13.908 0.036
3577.73542 13.355 0.038
3582.80762 13.172 0.043
3585.60866 13.11 0.036
3587.64719 12.927 0.032
3589.65948 13.067 0.039
3591.71423 13.193 0.041
3602.65388 12.933 0.047
3616.60891 13.165 0.038
3619.5552 12.921 0.04
3621.60979 13.643 0.061
3624.62062 12.9 0.033
3628.59484 13.398 0.042
3630.66623 12.838 0.056
3632.67209 13.103 0.053
3635.5705 13.152 0.064
3638.65605 13.609 0.053
3641.62843 13.164 0.035
3644.54036 13.489 0.055
3648.53845 13.109 0.032
3650.56855 13.619 0.041
3652.54791 13.923 0.04
3655.53667 12.692 0.047
3657.60615 13.642 0.051
3660.53635 12.759 0.051
3664.57637 12.995 0.043
3668.55656 13.165 0.035
3671.54109 13.261 0.036
3674.54369 13.191 0.039
3677.53052 12.741 0.037
3815.90393 13.932 0.056
3818.9052 12.833 0.056
3820.91032 13.092 0.053
3822.90537 12.855 0.06
3824.90022 13.627 0.055
3826.90587 14.338 0.059
3830.89904 12.804 0.065
3832.88051 13.861 0.041
3834.89286 13.339 0.058
3836.88224 12.712 0.051
3849.86466 13.135 0.039
3852.89215 12.913 0.062
3855.8738 12.992 0.059
3855.87766 12.744 0.08
3861.89941 13.096 0.047
3861.90211 12.882 0.043
3863.87274 13.475 0.035
3865.90203 13.041 0.039
3867.85942 13.291 0.045
3870.82776 13.093 0.055
3871.83662 13.039 0.057
3872.83643 13.517 0.049
3875.83197 12.731 0.036
3880.81378 13.093 0.046
3882.80484 13.321 0.042
3886.82897 12.898 0.042
3887.80684 13.788 0.05
3889.78108 13.0 0.038
3891.81318 13.53 0.036
3892.76817 13.407 0.043
3893.81001 13.322 0.035
3901.83081 13.233 0.057
3901.86846 13.501 0.055
3903.84597 13.122 0.039
3905.86813 13.234 0.047
3908.7453 13.047 0.035
4183.90275 13.09 0.064
4190.90102 13.273 0.048
4191.89 13.492 0.054
4194.87699 12.835 0.045
4204.90258 13.024 0.051
4216.88731 12.978 0.045
4227.85107 12.939 0.048
4229.88301 13.227 0.046
4232.84502 13.283 0.048
4235.82981 13.191 0.044
4238.82557 12.672 0.064
4246.77618 13.274 0.037
4247.80999 13.063 0.048
4253.80318 12.984 0.056
4256.78491 13.158 0.046
4273.75831 13.038 0.046
4276.73168 13.266 0.045
4276.74274 13.082 0.048
4278.74058 13.203 0.037
4284.75111 12.865 0.049
4290.73574 13.438 0.045
4292.72258 13.412 0.041
4292.73302 13.656 0.037
4298.73898 13.452 0.059
4300.70568 13.153 0.053
4302.74344 13.255 0.041
4304.66657 12.891 0.043
4304.68499 12.819 0.036
4306.66899 12.998 0.036
4308.6761 13.035 0.065
4317.61361 13.32 0.035
4319.61895 13.095 0.041
4329.62312 13.453 0.048
4329.74148 13.173 0.057
4331.60818 12.83 0.035
4333.59532 13.049 0.035
4338.73218 12.816 0.055
4341.65144 12.977 0.046
4343.65151 12.95 0.055
4345.65134 13.352 0.039
4347.65215 12.886 0.051
4349.64573 13.385 0.053
4351.64269 13.25 0.052
4353.68877 13.492 0.045
4354.59922 13.051 0.043
4356.62201 13.564 0.041
4358.63204 13.019 0.04
4367.50649 13.176 0.046
4373.59236 13.277 0.039
4376.58029 13.056 0.038
4378.5983 12.973 0.054
4380.62772 13.515 0.054
4383.56528 13.148 0.039
4385.60672 13.105 0.037
4388.4981 12.87 0.038
4400.5322 12.955 0.058
4407.5248 12.86 0.04
4411.51752 13.195 0.042
4552.90397 12.867 0.047
4560.89679 13.302 0.046
4564.89435 13.291 0.047
4570.88376 12.652 0.038
4572.88244 12.916 0.045
