1874.51944 13.116 0.033
1879.51537 13.015 0.037
1981.87032 13.481 0.036
1982.88041 13.527 0.036
1984.86824 13.212 0.039
1985.8662 13.472 0.038
1996.86414 13.999 0.041
2000.85863 13.531 0.047
2026.79316 13.844 0.031
2030.8168 13.31 0.03
2031.85828 13.368 0.035
2032.91966 13.311 0.036
2033.8604 13.474 0.029
2039.79437 13.227 0.042
2052.78424 13.451 0.034
2053.80685 13.565 0.034
2054.80105 13.51 0.034
2055.78954 13.87 0.035
2056.79074 13.942 0.033
2057.78718 13.184 0.035
2058.78352 13.565 0.037
2061.80942 13.288 0.035
2065.76412 13.966 0.04
2067.6856 13.194 0.039
2070.82794 13.664 0.057
2080.682 13.648 0.032
2081.7514 13.501 0.032
2082.74445 13.789 0.035
2083.73866 13.626 0.035
2085.7275 13.536 0.035
2086.74591 13.498 0.03
2087.7193 13.11 0.033
2088.71833 13.56 0.033
2093.63987 13.794 0.037
2094.64686 13.146 0.036
2103.68218 13.226 0.031
2104.68678 13.145 0.033
2105.67944 13.596 0.032
2106.68373 13.402 0.028
2114.71199 13.165 0.032
2115.67407 13.4 0.03
2116.65208 13.195 0.031
2117.64794 13.812 0.035
2128.61956 13.284 0.033
2129.63038 14.033 0.031
2130.62964 13.474 0.032
2131.62003 13.577 0.033
2132.62995 13.079 0.032
2133.62012 13.364 0.031
2134.62664 13.367 0.033
2135.6192 13.365 0.037
2136.62097 14.274 0.029
2140.59693 13.328 0.041
2141.60805 13.767 0.032
2143.60807 13.2 0.031
2144.59399 13.48 0.032
2156.58334 13.6 0.049
2163.54556 13.39 0.048
2171.57902 13.273 0.043
2173.51716 13.6 0.036
2175.52366 13.292 0.045
2180.51535 13.251 0.042
2184.49269 13.585 0.041
2187.49683 13.565 0.033
2190.49583 13.502 0.036
2192.52687 13.748 0.034
2194.5445 13.443 0.034
2196.54661 13.307 0.036
2198.53712 13.839 0.036
2201.5311 13.323 0.036
2207.49473 13.039 0.038
2212.53551 13.445 0.039
2215.51681 13.913 0.039
2224.50065 13.046 0.044
2227.50975 13.202 0.04
2443.73745 13.282 0.021
2444.71035 13.254 0.025
2446.73766 14.237 0.028
2455.74278 13.6 0.046
2460.92233 13.454 0.035
2464.69114 13.69 0.025
2465.69035 14.228 0.027
2466.68544 13.718 0.024
2467.6847 13.514 0.02
2470.64037 13.606 0.023
2473.65289 13.319 0.029
2474.69297 13.503 0.027
2486.61925 13.568 0.039
2491.63122 14.264 0.035
2493.62892 14.237 0.032
2494.63 14.1 0.033
2495.62941 13.316 0.03
2497.62899 13.296 0.025
2498.61707 14.101 0.026
2499.61507 13.687 0.023
2501.62338 13.753 0.024
2502.62123 13.449 0.03
2510.61581 13.936 0.029
2519.73868 13.64 0.024
2520.75806 13.908 0.026
2526.49671 13.452 0.031
2526.71092 13.478 0.025
2535.60003 13.453 0.033
2540.65628 15.844 0.032
2544.64996 13.228 0.025
2545.68877 13.876 0.025
2552.68123 12.842 0.057
2554.56509 13.777 0.048
2558.54527 13.158 0.022
2562.51341 14.205 0.029
2563.57637 13.266 0.029
2564.58989 14.419 0.028
2565.61792 13.18 0.028
2566.62789 13.291 0.029
2578.61201 13.297 0.026
2601.5291 13.511 0.027
2703.89336 13.255 0.038
2706.8951 13.895 0.038
2709.89699 13.235 0.04
2712.88173 13.417 0.035
2719.88179 13.57 0.042
2722.87237 13.59 0.035
2726.8538 13.649 0.039
2729.84987 13.251 0.028
2733.86742 13.649 0.033
2736.83792 14.163 0.042
2741.84143 13.285 0.035
2743.88502 13.727 0.036
2754.84915 13.498 0.026
2756.8995 13.735 0.028
2759.8676 13.392 0.028
2763.83378 13.386 0.027
2783.71767 13.496 0.03
2786.79302 13.749 0.031
2790.82068 13.654 0.035
2808.85901 13.401 0.032
2808.86556 13.027 0.028
2810.73034 13.746 0.03
2812.71045 14.08 0.033
2814.84025 13.377 0.035
2815.82934 13.301 0.025
2819.76935 13.572 0.03
2821.73117 13.987 0.029
2821.76468 13.951 0.027
2829.71302 13.762 0.033
2832.65864 13.28 0.034
2835.7356 13.389 0.032
2838.72637 14.095 0.027
2838.8273 13.443 0.035
2840.76851 13.411 0.048
2840.88586 13.851 0.045
2845.74742 13.155 0.022
2853.60621 13.852 0.03
2854.8317 13.706 0.026
2854.84216 13.729 0.024
2858.63214 13.619 0.028
2860.60634 13.791 0.033
2866.72274 13.313 0.027
2867.74897 13.187 0.028
2867.77787 13.79 0.029
2872.73011 13.157 0.022
2875.71167 13.948 0.027
2875.73373 13.71 0.028
2877.67989 13.984 0.026
2877.69472 13.636 0.026
2879.75303 13.676 0.025
2883.54956 13.68 0.029
2884.70414 13.298 0.029
2884.71161 13.517 0.031
2886.56377 13.92 0.026
2892.69448 13.791 0.038
2893.58898 13.3 0.031
2894.68152 13.406 0.036
2895.72162 13.488 0.033
2896.64269 13.156 0.03
2898.62559 13.343 0.026
2899.69132 13.618 0.035
2900.62024 13.543 0.024
2902.4921 13.256 0.026
2908.50825 13.941 0.026
2908.59747 13.877 0.027
2910.52074 13.782 0.024
2910.62272 13.437 0.032
2911.69978 13.202 0.03
2912.57394 13.346 0.027
2913.68118 13.542 0.035
2917.51909 13.253 0.033
2917.60858 14.156 0.032
2921.59839 13.382 0.044
2922.66173 13.613 0.036
2923.58816 14.239 0.036
2926.58662 13.523 0.03
2928.51537 13.784 0.037
2928.58857 14.027 0.034
2930.5228 13.434 0.027
2930.5839 13.379 0.036
2932.58218 13.518 0.03
2934.52237 13.096 0.03
2934.57837 13.731 0.031
2936.52298 14.654 0.041
2939.52591 13.18 0.025
2939.58244 13.864 0.03
2944.51893 13.169 0.042
2944.52652 13.227 0.038
2945.601 14.668 0.043
2947.60877 13.322 0.037
2948.58003 13.215 0.048
2951.52464 13.272 0.039
2953.56536 13.536 0.06
2955.57405 14.107 0.033
2956.60003 14.096 0.032
2958.5261 13.678 0.031
2961.52608 13.5 0.03
2963.52502 13.462 0.039
2963.55412 13.488 0.032
2965.54053 13.203 0.035
2965.56099 13.201 0.034
2971.5136 13.279 0.048
3075.89053 13.081 0.041
3082.88207 13.62 0.059
3092.87442 13.355 0.032
3097.89342 13.19 0.033
3101.87858 13.382 0.039
3105.85184 13.645 0.037
3109.87294 13.567 0.035
3113.85302 13.257 0.035
3118.89457 13.724 0.064
3125.87822 13.416 0.039
3128.8734 17.031 0.039
3131.86191 14.662 0.048
3142.82721 12.971 0.029
3146.79911 13.606 0.028
3154.71942 13.794 0.032
3157.84615 13.237 0.039
3162.83905 13.665 0.037
3163.83949 13.557 0.032
3165.73765 14.715 0.066
3166.76548 13.708 0.03
3169.75288 13.175 0.03
3170.87424 13.536 0.04
3176.75663 13.3 0.033
3176.79923 13.768 0.063
3179.74732 13.441 0.042
3182.76267 13.505 0.029
3184.72501 14.261 0.033
3185.7038 13.849 0.061
3186.77016 13.244 0.048
3187.74536 13.351 0.037
3190.76386 13.486 0.047
3190.76386 13.879 0.047
3191.9053 13.339 0.053
3293.62202 13.721 0.054
3323.5722 13.43 0.035
3444.89101 13.405 0.056
3445.89013 13.171 0.038
3448.89907 13.279 0.055
3452.90281 13.952 0.055
3456.8955 14.639 0.041
3459.86129 13.287 0.047
3464.86203 14.519 0.032
3465.85887 13.351 0.045
3468.87304 13.766 0.035
3468.88622 13.426 0.035
3472.89571 14.613 0.041
3476.85677 13.203 0.049
3476.86198 13.059 0.044
3479.90144 13.833 0.06
3479.9178 13.661 0.043
3482.89883 13.442 0.065
3487.91592 13.284 0.039
3491.92345 13.301 0.045
3496.89487 13.697 0.051
3500.87849 13.701 0.035
3503.84321 13.228 0.035
3506.88172 14.344 0.035
3506.8907 13.65 0.033
3510.78547 13.386 0.043
3512.81982 13.4 0.04
3512.82802 13.334 0.039
3520.89795 13.658 0.044
3523.78748 13.115 0.036
3524.83364 13.158 0.059
3525.85834 13.116 0.037
3528.76694 13.306 0.036
3530.75897 12.908 0.042
3538.81044 13.226 0.03
3540.81371 13.849 0.043
3543.73206 13.343 0.066
3550.81595 13.626 0.04
3553.78209 13.492 0.031
3556.70729 13.542 0.03
3559.74748 13.935 0.033
3561.78394 13.216 0.032
3563.81159 13.143 0.032
3573.71436 13.456 0.041
3575.72831 13.814 0.035
3577.75303 13.332 0.045
3582.8722 13.376 0.05
3585.6261 13.598 0.035
3587.6674 13.261 0.028
3589.71445 13.36 0.032
3591.81221 13.19 0.044
3597.66183 13.267 0.034
3602.67239 13.095 0.043
3617.63102 13.368 0.041
3622.53663 13.49 0.041
3628.57887 13.538 0.038
3630.65489 13.39 0.042
3634.6851 13.461 0.044
3637.68237 13.272 0.042
3639.73157 13.76 0.038
3642.66814 13.292 0.029
3644.7099 13.769 0.047
3650.6711 13.263 0.028
3655.51517 13.039 0.043
3655.52622 13.361 0.042
3657.59711 13.134 0.039
3659.63254 13.257 0.046
3661.65429 13.295 0.046
3663.66657 13.071 0.047
3666.57952 13.369 0.031
3670.52734 13.713 0.029
3672.58126 13.698 0.03
3675.53334 13.567 0.033
3675.60558 14.01 0.038
3678.52553 13.174 0.032
3701.55553 13.542 0.056
3703.52505 15.823 0.045
3704.54869 13.504 0.037
3795.90026 13.304 0.049
3805.8927 13.833 0.052
3806.89131 13.326 0.049
3810.89286 15.228 0.05
3813.88456 13.551 0.05
3814.88593 14.195 0.048
3816.87597 13.48 0.053
3820.88252 13.156 0.055
3820.8938 13.824 0.046
3824.87185 12.904 0.05
3827.88804 13.438 0.038
3827.90005 13.637 0.04
3831.88683 13.193 0.055
3831.89181 13.189 0.042
3835.87214 12.858 0.045
3849.82766 13.61 0.035
3849.83431 13.358 0.039
3852.86925 13.486 0.055
3852.87497 12.736 0.053
3855.86338 13.676 0.057
3855.8814 13.645 0.059
3861.85732 13.339 0.04
3861.90567 13.032 0.038
3866.84956 13.531 0.042
3868.85877 14.156 0.052
3871.84019 13.424 0.044
3875.83793 13.648 0.037
3880.8883 13.98 0.038
3882.81669 13.417 0.04
3886.88153 14.177 0.034
3887.81936 13.574 0.035
3889.7864 13.386 0.034
3891.83138 13.348 0.034
3892.76019 13.568 0.036
3894.75312 13.178 0.035
3896.83201 13.619 0.056
3901.80364 13.21 0.047
3901.81554 13.182 0.044
3903.81531 13.53 0.038
3903.82437 14.154 0.034
3905.86297 14.266 0.042
3908.75112 13.636 0.032
3912.77764 13.523 0.032
3983.59003 12.945 0.048
4161.90073 13.949 0.052
4166.90009 13.273 0.055
4176.888 13.335 0.06
4180.88307 13.135 0.07
4192.88069 13.375 0.041
4203.88154 13.161 0.06
4203.8839 13.203 0.04
4207.90773 13.722 0.047
4207.91009 13.536 0.047
4215.89653 12.99 0.046
4229.90518 13.275 0.047
4232.83728 13.396 0.041
4235.81931 14.322 0.035
4247.79928 13.347 0.041
4253.81291 13.336 0.047
4256.90725 13.759 0.053
4272.7498 13.257 0.032
4273.76217 13.296 0.048
4274.77348 13.928 0.03
4276.72619 14.817 0.05
4277.72638 14.249 0.047
4278.74734 13.173 0.036
4283.77116 13.321 0.057
4284.75621 13.239 0.052
4285.76009 13.451 0.046
4289.75251 13.187 0.037
4290.74922 13.174 0.036
4293.73999 13.457 0.038
4295.74841 13.378 0.033
4296.74503 13.469 0.051
4298.74968 13.579 0.05
4299.72132 13.396 0.037
4301.68894 13.338 0.038
4302.75932 14.021 0.036
4303.69268 13.347 0.032
4304.69659 13.768 0.033
4305.68483 13.682 0.031
4307.66672 13.202 0.035
4311.69371 13.886 0.043
4314.72703 13.381 0.049
4314.72916 13.263 0.035
4317.619 13.485 0.031
4330.63727 13.359 0.039
4332.62828 13.211 0.035
4334.63116 13.919 0.041
4334.79323 13.443 0.035
4338.63289 13.521 0.063
4340.68493 13.093 0.043
4344.6825 12.957 0.057
4346.67939 13.381 0.046
4348.68448 13.363 0.033
4350.69361 13.34 0.039
4353.56982 13.547 0.032
4353.75223 13.344 0.036
4355.6541 13.521 0.032
4355.75206 13.64 0.034
4357.6718 13.417 0.034
4362.52661 13.256 0.03
4365.72538 12.992 0.038
4368.64873 13.64 0.042
4372.65965 14.263 0.054
4375.65656 13.79 0.033
4377.69907 14.139 0.045
4380.54601 14.368 0.048
4382.59956 13.421 0.03
4382.65328 13.437 0.033
4384.60594 13.417 0.039
4388.61603 13.53 0.038
4393.52877 13.865 0.047
4400.61835 13.218 0.068
4403.63714 13.214 0.037
4407.6231 13.313 0.047
4410.57756 13.102 0.037
4413.61468 13.201 0.05
4422.55216 13.333 0.037
4427.55879 13.884 0.059
4431.52165 12.968 0.043
4437.52387 13.433 0.052
4440.52389 14.011 0.038
4547.88245 13.441 0.052
4558.86314 13.22 0.04
4561.85944 13.614 0.039
4561.89812 12.88 0.037
4565.8819 13.335 0.038
4569.87065 14.26 0.04
4569.8778 13.276 0.038
4572.90729 13.633 0.037
