2724.91184 10.375 0.03
2728.91084 10.405 0.041
2730.89465 10.49 0.027
2734.8911 10.513 0.034
2737.89082 10.498 0.028
2740.89111 10.391 0.026
2743.89135 10.432 0.024
2755.86276 10.67 0.023
2757.88744 10.676 0.032
2760.85361 10.519 0.026
2764.86871 10.884 0.025
2783.79561 11.07 0.042
2786.80375 10.42 0.028
2790.81758 10.425 0.037
2805.87318 10.422 0.047
2809.7602 10.399 0.029
2810.88062 10.871 0.033
2812.7371 10.51 0.025
2816.80445 10.334 0.028
2819.83924 10.506 0.042
2821.74778 10.452 0.029
2830.80191 10.417 0.036
2832.67759 10.413 0.031
2843.67573 10.375 0.033
2858.68908 10.602 0.031
2860.63659 10.893 0.029
2866.66046 10.393 0.032
2867.72307 10.487 0.033
2872.66239 10.691 0.028
2875.67169 10.408 0.032
2877.65608 10.562 0.028
2879.67057 10.68 0.028
2883.55681 10.512 0.03
2885.54914 10.419 0.025
2886.68656 10.593 0.04
2888.56964 11.186 0.03
2893.55646 10.454 0.031
2894.59345 10.386 0.046
2894.59345 10.405 0.042
2897.57656 10.648 0.032
2901.56169 10.383 0.05
2904.6203 10.673 0.043
2906.61841 10.544 0.031
2910.49644 10.386 0.032
2912.51968 10.373 0.03
2915.54599 10.459 0.036
2917.57158 10.403 0.038
2921.57105 10.395 0.037
2923.56816 10.458 0.044
2926.5689 10.376 0.035
2929.50747 10.542 0.032
2931.52314 10.424 0.039
2933.52968 10.402 0.037
2935.53096 10.398 0.04
2940.51937 10.406 0.041
2942.51432 10.378 0.037
3100.90291 11.211 0.048
3104.91631 10.467 0.05
3108.89159 10.374 0.032
3112.89518 10.416 0.044
3116.88964 10.681 0.05
3122.91869 10.386 0.032
3125.85154 10.961 0.054
3131.90485 10.305 0.035
3142.83945 10.435 0.031
3146.81914 10.941 0.033
3153.89767 10.894 0.03
3156.81395 10.42 0.042
3162.82231 10.671 0.03
3164.85234 10.789 0.032
3170.78463 10.393 0.035
3173.75685 10.515 0.042
3179.82187 10.387 0.035
3182.75939 10.43 0.039
3184.74069 10.366 0.031
3187.71299 10.68 0.036
3190.72982 10.412 0.038
3271.59833 10.45 0.052
3273.62252 10.423 0.048
3276.58872 10.434 0.053
3279.53415 10.634 0.044
3294.52655 10.435 0.038
3298.53454 10.388 0.05
3457.90602 10.496 0.046
3464.89251 10.409 0.044
3468.89652 10.971 0.04
3472.91498 10.505 0.04
3476.89411 10.448 0.066
3479.89736 10.689 0.052
3487.87159 10.392 0.041
3490.86344 10.412 0.039
3496.83288 10.474 0.037
3499.84383 10.375 0.046
3502.82681 10.539 0.047
3504.84059 10.391 0.075
3508.92227 10.382 0.037
3509.79486 10.7 0.035
3511.80421 10.558 0.04
3515.80587 10.381 0.039
3521.89092 10.618 0.082
3524.76521 10.413 0.056
3526.85439 10.416 0.053
3529.76494 10.465 0.052
3538.75049 10.406 0.04
3543.71636 10.517 0.041
3550.80649 10.477 0.054
3553.70233 10.649 0.036
3555.82022 10.704 0.041
3559.67736 10.45 0.041
3561.69423 10.426 0.043
3563.68177 10.367 0.038
3569.74139 10.581 0.04
3571.74111 11.156 0.041
3574.75788 10.483 0.045
3576.77304 10.573 0.043
3583.70802 10.363 0.081
3585.74726 11.034 0.086
3587.76093 10.597 0.038
3590.60597 10.407 0.041
3592.68128 10.671 0.088
3596.66566 10.698 0.044
3602.64749 10.405 0.054
3617.60575 11.086 0.047
3620.52562 10.427 0.044
3622.59798 10.386 0.044
3626.59876 10.748 0.04
3629.62377 10.424 0.059
3631.61983 10.741 0.059
3634.57397 10.38 0.067
3637.60225 10.454 0.043
3641.55257 10.39 0.041
3643.60036 10.417 0.052
3647.54829 10.567 0.035
3650.51233 10.367 0.051
3652.52721 10.503 0.083
3654.54753 10.563 0.088
3657.55658 10.423 0.057
3660.51337 10.458 0.084
3662.5361 10.305 0.084
3668.5277 10.426 0.038
3671.51923 10.395 0.053
3674.52076 10.776 0.085
3678.5017 10.394 0.05
3820.91289 10.519 0.045
3828.91142 10.387 0.048
3832.90696 10.4 0.045
3836.90407 10.769 0.06
3848.89376 10.436 0.055
3851.87458 10.392 0.047
3860.84549 10.392 0.047
3862.85617 10.381 0.042
3864.83259 10.436 0.043
3866.83429 10.482 0.04
3868.84189 10.958 0.044
3870.80691 10.679 0.039
3872.82926 10.562 0.041
3880.8054 10.398 0.038
3883.80525 10.426 0.041
3887.79183 10.385 0.042
3889.75781 10.5 0.044
3892.754 10.386 0.039
3894.7555 10.383 0.037
3900.73853 11.118 0.043
3902.7552 10.582 0.038
3907.71561 10.779 0.048
3909.83235 10.527 0.075
3983.60821 10.35 0.059
4202.90377 10.398 0.05
4204.9101 10.577 0.044
4205.89214 10.389 0.055
4208.90738 10.787 0.074
4215.86102 11.205 0.044
4215.88773 11.196 0.056
4227.83221 10.466 0.039
4227.85571 10.397 0.045
4229.8262 10.891 0.04
4231.82773 10.7 0.036
4232.82252 10.405 0.042
4234.81304 10.433 0.046
4235.81502 10.428 0.039
4238.81328 10.807 0.061
4245.78571 10.673 0.058
4247.775 11.084 0.041
4247.7844 11.005 0.043
4253.76449 10.4 0.043
4253.77396 10.407 0.048
4256.75432 10.582 0.045
4256.76547 10.527 0.042
4272.71605 10.618 0.041
4272.72312 10.626 0.046
4274.71344 10.413 0.042
4274.7368 10.465 0.044
4277.69496 10.687 0.039
4277.71592 10.721 0.042
4283.78634 10.399 0.056
4283.80573 10.367 0.047
4285.77519 10.425 0.05
4285.81219 10.338 0.046
4289.67277 10.507 0.04
4289.76757 10.528 0.047
4289.80439 10.483 0.047
4291.76889 10.635 0.05
4291.80888 10.665 0.046
4293.75598 11.146 0.045
4293.79351 11.0 0.043
4295.7638 10.498 0.051
4295.81041 10.44 0.053
4301.73551 10.37 0.047
4303.72624 10.437 0.046
4305.72634 10.527 0.044
4307.64828 10.791 0.043
4308.73777 10.297 0.06
4309.71566 10.714 0.047
4311.72131 10.547 0.063
4312.76277 10.406 0.047
4314.76144 10.955 0.052
4317.59541 10.387 0.041
4330.58083 10.513 0.039
4332.58014 11.259 0.041
4334.64725 10.509 0.043
4338.6361 10.408 0.055
4340.68816 10.376 0.061
4340.70843 10.333 0.053
4342.68166 10.464 0.053
4342.70917 10.412 0.052
4345.51989 10.459 0.069
4347.53543 10.444 0.06
4349.60629 10.393 0.066
4351.6058 10.449 0.062
4354.59653 10.436 0.045
4356.61858 10.377 0.052
4356.64195 10.399 0.044
4358.62287 10.42 0.044
4358.67004 10.568 0.045
4360.58219 10.548 0.045
4362.61887 10.7 0.045
4364.59204 10.963 0.05
4368.56791 10.428 0.059
4372.59012 10.41 0.068
4376.53438 10.443 0.052
4378.5579 11.18 0.045
4381.52708 10.415 0.069
4383.58087 10.473 0.056
4386.53908 10.399 0.044
4388.52282 10.415 0.048
4392.53239 10.679 0.061
4403.51139 11.088 0.068
4409.50795 10.552 0.063
4557.90375 10.426 0.045
4561.90606 10.428 0.048
4565.90708 10.591 0.041
4569.91255 10.89 0.042
4570.91392 10.313 0.039
4572.91067 10.511 0.038
4573.8961 10.412 0.046
