2025.81681 13.513 0.031
2026.86656 13.573 0.033
2030.82376 13.279 0.033
2031.84225 13.795 0.035
2032.86155 13.724 0.033
2037.80669 13.76 0.038
2052.78689 14.004 0.033
2053.7915 14.139 0.037
2054.79016 14.097 0.036
2055.78322 14.148 0.035
2056.78443 13.755 0.034
2057.77629 13.974 0.032
2065.7455 13.321 0.04
2080.67577 17.284 0.035
2081.746 13.946 0.035
2082.73001 14.114 0.034
2085.72137 14.359 0.033
2086.7184 14.186 0.038
2087.70633 14.231 0.035
2088.71214 14.414 0.034
2093.63591 14.153 0.037
2102.66523 13.051 0.063
2103.67826 13.375 0.034
2104.66867 13.506 0.032
2105.66522 14.065 0.033
2115.66236 13.734 0.036
2116.64076 14.923 0.035
2117.64107 14.121 0.033
2128.59749 13.418 0.034
2129.61442 14.131 0.033
2130.61449 14.169 0.034
2131.60934 13.715 0.032
2132.61891 14.014 0.034
2133.61167 13.431 0.03
2134.60919 13.468 0.034
2135.60404 13.266 0.04
2136.60352 13.393 0.036
2141.59289 14.466 0.032
2143.58767 14.27 0.036
2144.58323 14.319 0.034
2145.57418 14.592 0.039
2167.51358 13.377 0.038
2169.52986 13.935 0.037
2172.52123 13.752 0.038
2190.51433 14.206 0.034
2193.50794 14.457 0.037
2194.56039 14.691 0.038
2196.51445 14.047 0.04
2197.50904 14.121 0.038
2198.55809 14.372 0.038
2207.50616 13.458 0.039
2213.50694 13.533 0.041
2216.52902 14.187 0.038
2440.73039 14.361 0.037
2443.73123 14.31 0.021
2444.72421 14.19 0.025
2464.68263 13.295 0.025
2466.66791 13.464 0.024
2468.68773 13.633 0.041
2468.68773 13.648 0.031
2491.62284 14.113 0.037
2497.61603 13.481 0.025
2498.61087 13.496 0.026
2499.5999 13.45 0.023
2501.60145 13.282 0.026
2510.59963 13.961 0.032
2526.51223 13.419 0.029
2535.53375 13.251 0.028
2545.60371 14.78 0.024
2548.62115 15.449 0.026
2568.51613 13.735 0.035
2704.9022 14.327 0.042
2739.85689 14.319 0.029
2754.856 13.908 0.027
2756.88765 13.809 0.029
2758.89457 13.953 0.028
2760.88687 13.695 0.029
2784.79157 14.25 0.027
2786.7817 13.635 0.025
2790.80901 13.688 0.029
2812.70872 14.48 0.029
2815.82524 14.232 0.027
2819.78819 14.741 0.032
2826.73815 13.96 0.027
2830.67549 13.695 0.031
2853.78943 16.819 0.024
2858.71661 13.759 0.027
2872.60835 14.406 0.024
2875.62967 14.48 0.027
2877.61781 15.332 0.029
2879.61849 15.259 0.026
2885.63412 14.548 0.025
2892.55652 13.633 0.036
2893.65759 14.086 0.038
2895.63181 14.605 0.032
2897.64092 13.607 0.031
2904.65663 13.305 0.038
2906.65714 13.267 0.025
2909.65464 13.897 0.026
2911.61013 14.624 0.024
2923.5748 14.077 0.038
2928.57226 13.78 0.031
2930.56935 13.958 0.03
2932.56526 14.58 0.033
2934.56207 13.947 0.039
2939.56839 13.237 0.028
2947.55877 14.185 0.043
2955.53216 14.828 0.031
2957.54368 14.909 0.049
2963.51498 13.659 0.034
3082.89199 13.382 0.056
3087.91134 13.621 0.049
3097.91144 14.241 0.037
3113.85643 14.181 0.044
3122.92204 13.622 0.037
3125.83659 13.583 0.052
3131.82959 14.051 0.052
3154.78414 13.66 0.031
3157.89565 14.015 0.042
3163.8137 13.969 0.035
3166.76234 14.261 0.03
3177.7462 14.189 0.055
3177.7462 14.213 0.046
3179.73677 13.918 0.053
3182.73505 14.04 0.03
3184.73684 14.355 0.034
3186.86451 14.373 0.049
3273.5334 14.149 0.044
3280.56083 15.042 0.031
3296.54141 13.422 0.03
3430.89696 14.59 0.047
3444.90886 12.938 0.06
3450.89977 13.214 0.053
3465.86634 14.587 0.037
3480.85319 14.672 0.045
3491.91256 13.604 0.053
3520.83484 13.303 0.047
3522.79841 13.697 0.048
3524.84258 13.423 0.051
3552.76022 13.937 0.041
3552.76515 13.918 0.043
3552.76765 13.805 0.039
3552.77262 13.694 0.042
3552.77514 13.596 0.044
3552.77761 13.71 0.037
3552.78009 14.021 0.04
3552.78585 13.984 0.037
3552.78837 13.707 0.04
3552.79087 13.664 0.041
3552.79678 13.852 0.041
3552.80228 14.069 0.04
3552.80767 13.78 0.04
3552.8132 14.697 0.04
3552.83389 13.87 0.049
3552.87867 13.629 0.049
3552.90871 14.953 0.053
3552.93959 14.624 0.054
3563.78784 13.547 0.039
3584.63556 13.347 0.037
3586.65173 13.721 0.04
3588.68142 13.417 0.045
3590.75273 13.909 0.042
3592.80287 14.013 0.038
3616.57595 13.717 0.038
3620.66268 14.439 0.044
3622.72309 14.668 0.037
3647.57036 14.077 0.031
3651.63134 14.585 0.041
3656.49307 13.433 0.057
3658.56131 13.259 0.047
3677.53608 14.201 0.037
3809.90691 13.627 0.063
3813.89846 13.785 0.05
3829.88534 15.154 0.045
3849.86946 13.466 0.036
3852.90531 13.494 0.054
3874.86623 14.241 0.044
3877.81016 13.622 0.036
3882.82227 13.188 0.041
3886.83472 13.285 0.04
3886.85806 13.786 0.038
3903.8043 14.297 0.039
3904.83263 14.923 0.043
3908.74076 14.026 0.037
4167.9016 13.49 0.05
4189.91536 14.874 0.041
4204.87216 13.564 0.04
4208.89554 13.322 0.054
4208.92196 13.537 0.052
4215.92362 13.994 0.065
4230.9112 14.177 0.042
4247.80262 13.329 0.042
4273.77578 14.085 0.038
4278.72542 13.623 0.044
4278.75051 13.753 0.038
4285.76563 13.072 0.065
4289.75886 13.84 0.039
4291.7602 14.445 0.054
4293.74294 14.265 0.043
4295.75218 13.937 0.037
4297.74586 14.812 0.062
4299.73432 14.087 0.038
4307.68048 14.108 0.04
4312.69247 13.494 0.065
4315.68636 14.527 0.036
4329.61846 16.578 0.045
4329.64148 13.747 0.047
4331.63801 14.479 0.033
4334.77523 14.916 0.037
4340.61386 13.561 0.049
4342.60798 13.461 0.076
4343.60275 13.593 0.039
4345.60866 13.814 0.037
4346.60756 13.358 0.05
4348.6108 13.376 0.035
4349.6091 13.473 0.049
4350.61388 12.874 0.042
4351.60858 14.06 0.053
4353.56676 13.688 0.036
4355.65262 12.965 0.037
4357.67033 13.409 0.038
4359.69386 13.098 0.05
4362.52435 14.74 0.035
4371.59607 13.954 0.05
4373.59733 13.663 0.042
4373.60917 15.079 0.041
4376.59959 17.34 0.038
4378.60389 14.607 0.051
4380.64948 13.986 0.051
4382.65921 13.607 0.036
4385.53926 13.34 0.037
4385.54766 13.307 0.035
4387.54145 13.526 0.035
4387.55066 13.459 0.041
4389.5317 13.84 0.043
4389.5375 13.822 0.052
4402.57942 14.859 0.045
4413.52674 13.95 0.043
4422.52623 13.369 0.06
4426.52593 13.742 0.057
4429.52455 13.735 0.055
4432.52089 14.329 0.042
4538.90298 13.285 0.054
4538.90489 13.514 0.053
4559.87954 14.743 0.04
4563.87947 13.801 0.042
4567.87263 13.188 0.04
4571.8717 13.264 0.04
4573.90802 13.892 0.039
