1966.88819 13.695 0.031
1980.8766 12.65 0.039
1984.85295 12.515 0.037
1996.85504 11.843 0.044
1998.84738 11.698 0.042
2000.84957 11.608 0.039
2026.77931 11.221 0.025
2027.83721 11.244 0.028
2030.86274 11.277 0.026
2031.84915 11.355 0.031
2032.90093 11.378 0.031
2033.84497 11.443 0.025
2037.79788 11.554 0.033
2052.77571 12.315 0.025
2053.79384 12.354 0.027
2054.79249 12.364 0.03
2055.7743 12.496 0.029
2056.77556 12.538 0.029
2057.77863 12.583 0.029
2058.76827 12.665 0.031
2061.80314 12.803 0.027
2064.81193 12.718 0.04
2065.75271 12.978 0.032
2080.6645 13.797 0.027
2081.7164 13.922 0.025
2082.72778 13.754 0.03
2083.72308 14.017 0.039
2085.71001 14.037 0.028
2086.72514 14.446 0.028
2087.69734 13.996 0.031
2088.69864 14.531 0.025
2094.61558 14.693 0.031
2104.67085 14.597 0.029
2106.66147 14.902 0.03
2131.60018 14.898 0.028
2198.54833 14.555 0.029
2207.49686 14.093 0.036
2212.54906 13.581 0.034
2216.49599 13.312 0.033
2219.52391 13.092 0.032
2224.50954 12.935 0.032
2228.50271 12.898 0.038
2497.60681 13.411 0.023
2498.59717 13.378 0.025
2499.60199 13.362 0.022
2501.59904 13.118 0.024
2502.60582 13.083 0.029
2508.61167 12.618 0.031
2510.60665 12.22 0.024
2511.6499 12.258 0.047
2526.49975 10.959 0.021
2529.54663 10.87 0.042
2535.5545 10.699 0.025
2543.64994 10.759 0.033
2545.63346 10.779 0.021
2551.55883 10.934 0.05
2552.61897 10.872 0.054
2553.63667 10.92 0.026
2556.55759 11.027 0.05
2562.49953 11.304 0.024
2563.5625 11.404 0.025
2564.58289 11.425 0.024
2578.55791 12.413 0.025
2579.56195 12.466 0.029
2738.87697 14.714 0.022
2743.88054 14.397 0.023
2744.89674 14.085 0.032
2756.8598 14.012 0.024
2758.89701 14.038 0.023
2764.82718 13.71 0.019
2782.88771 12.025 0.019
2784.79881 11.846 0.03
2786.77265 11.694 0.03
2790.79004 11.38 0.025
2804.72428 10.654 0.038
2808.82086 10.621 0.025
2812.69506 10.656 0.031
2814.86581 10.686 0.028
2818.92216 10.756 0.024
2821.6995 10.886 0.025
2829.68573 11.231 0.039
2830.78565 11.269 0.026
2835.71705 11.535 0.028
2838.70804 11.693 0.021
2851.67491 12.558 0.019
2853.79612 12.757 0.022
2855.70966 12.871 0.041
2858.72817 13.082 0.024
2867.57518 13.77 0.021
2872.61494 13.855 0.019
2874.79308 14.143 0.033
2876.67298 14.049 0.021
2878.65092 14.113 0.022
2883.60025 14.489 0.019
3071.89731 11.573 0.038
3075.89548 11.509 0.028
3082.88712 11.643 0.032
3088.87646 11.842 0.053
3092.87191 12.065 0.025
3097.9064 12.426 0.042
3101.89155 12.512 0.029
3102.88746 12.639 0.028
3109.86053 12.816 0.04
3113.84551 13.107 0.028
3125.85776 13.516 0.03
3128.8387 13.466 0.03
3275.64067 13.333 0.036
3293.60509 12.32 0.038
3520.82978 15.515 0.038
3522.81038 15.674 0.043
3550.76988 14.471 0.029
3553.71286 14.1 0.05
3555.83691 13.587 0.03
3559.68888 13.156 0.026
3561.73128 13.097 0.04
3563.78266 13.078 0.032
3570.61871 12.357 0.031
3573.69999 12.125 0.035
3575.71301 11.964 0.026
3577.73815 11.818 0.033
3582.82443 11.485 0.037
3584.84066 11.413 0.029
3587.60231 11.355 0.026
3589.63986 11.315 0.027
3590.47318 11.357 0.033
3590.47653 11.294 0.03
3590.47979 11.303 0.028
3590.48303 11.294 0.029
3590.48541 11.308 0.03
3590.48877 11.296 0.03
3590.49203 11.312 0.029
3590.4944 11.322 0.031
3590.49779 11.302 0.029
3590.50017 11.334 0.029
3590.50267 11.313 0.029
3590.50768 11.344 0.028
3590.51102 11.293 0.027
3590.51792 11.343 0.041
3590.52502 11.337 0.034
3590.532 11.296 0.034
3590.53861 11.314 0.04
3590.5529 11.314 0.037
3590.59754 11.308 0.029
3590.62874 11.336 0.035
3590.65706 11.363 0.027
3590.68602 11.291 0.033
3590.71625 11.289 0.037
3590.74422 11.29 0.033
3590.77484 11.755 0.033
3590.80425 11.346 0.033
3591.70371 11.291 0.041
3594.57605 11.271 0.032
3601.61773 11.251 0.033
3603.62086 11.238 0.027
3606.62261 11.24 0.026
3616.66849 11.396 0.037
3619.56758 11.458 0.027
3621.62142 11.544 0.044
3628.54306 11.838 0.03
3630.61987 11.971 0.033
3632.62634 12.058 0.032
3634.65905 12.225 0.03
3637.66211 12.42 0.037
3640.68603 12.532 0.028
3643.5188 12.88 0.041
3646.59312 13.026 0.026
3649.54439 13.143 0.028
3651.56488 13.41 0.031
3656.51084 13.811 0.035
3658.57756 13.575 0.032
3660.59585 13.385 0.033
3662.62411 14.272 0.053
3664.62884 13.946 0.031
3668.58258 14.829 0.025
3671.54614 14.382 0.025
3673.58619 14.631 0.025
3676.54448 14.621 0.026
3813.8871 13.712 0.033
3820.885 13.195 0.039
3824.8743 13.19 0.042
3827.89062 12.771 0.03
3831.88937 12.434 0.035
3835.86972 12.069 0.037
3849.83123 11.004 0.032
3852.86354 10.863 0.037
3855.85331 10.815 0.047
3858.85704 10.743 0.047
3861.84623 10.772 0.034
3863.84582 10.742 0.025
3865.89143 10.788 0.036
3867.83106 10.805 0.03
3869.84322 10.796 0.045
3874.86882 10.952 0.03
3877.79605 11.026 0.027
3880.8835 11.083 0.029
3883.86415 11.255 0.037
3887.81282 11.366 0.031
3892.75286 11.58 0.028
3894.75092 11.624 0.026
3901.8013 12.053 0.035
3903.81298 12.119 0.031
3905.84325 12.184 0.034
3908.72002 12.416 0.028
4166.89409 12.694 0.042
4176.87925 13.236 0.048
4176.90312 13.136 0.051
4192.88318 14.776 0.03
4331.63996 14.818 0.027
4341.60125 13.513 0.046
4343.60821 13.367 0.037
4345.61412 13.303 0.028
4347.61873 13.281 0.027
4349.61763 13.416 0.036
4351.61791 13.25 0.042
4353.72392 12.942 0.027
4356.52863 12.593 0.026
4358.54393 12.425 0.025
4360.55167 12.342 0.049
4369.57449 11.41 0.038
4371.59256 11.339 0.033
4373.60483 11.248 0.029
4376.59609 11.157 0.028
4378.61129 11.027 0.034
4380.64606 11.027 0.038
4382.65567 11.034 0.029
4385.54414 11.056 0.03
4387.54629 11.037 0.029
4400.57354 11.041 0.05
4403.58858 11.062 0.029
4407.58646 11.123 0.035
4410.56767 11.194 0.031
4422.53995 11.736 0.033
4427.52331 12.106 0.054
4430.52761 12.236 0.04
4433.52201 12.361 0.031
