1979.892 11.043 0.04
1981.89247 11.034 0.036
1982.90273 10.91 0.042
1984.89512 11.135 0.039
1994.89477 11.242 0.041
1996.88432 10.909 0.042
1998.87647 11.248 0.042
2000.87867 10.93 0.038
2008.86512 11.177 0.048
2009.87846 11.012 0.051
2011.83839 11.129 0.048
2018.80788 10.924 0.047
2026.80666 11.027 0.028
2030.84386 11.173 0.028
2031.87145 11.248 0.025
2032.91702 11.238 0.026
2033.86461 10.915 0.022
2034.90968 10.912 0.034
2039.79634 11.256 0.025
2052.79311 11.032 0.022
2053.81123 11.206 0.026
2054.80321 11.092 0.026
2055.79173 10.903 0.029
2056.79516 10.921 0.026
2057.78939 11.142 0.024
2058.78804 11.156 0.024
2061.81168 10.929 0.025
2065.76876 11.016 0.031
2067.70454 10.959 0.032
2080.68683 10.982 0.028
2081.75394 11.128 0.025
2082.74929 10.927 0.024
2083.74371 10.95 0.031
2085.77887 11.163 0.022
2086.75334 10.989 0.026
2087.72192 10.903 0.027
2088.72096 11.036 0.027
2093.6494 11.018 0.031
2094.64958 10.921 0.028
2102.67639 11.328 0.042
2103.68498 11.057 0.027
2104.69183 10.938 0.026
2105.68228 10.926 0.025
2106.68659 11.071 0.022
2114.70598 10.905 0.024
2115.68169 10.999 0.025
2116.65502 11.161 0.024
2117.65089 10.983 0.025
2128.60898 11.1 0.026
2129.6334 11.258 0.026
2130.63489 11.117 0.026
2131.62308 10.895 0.022
2132.62851 10.921 0.022
2133.6254 11.091 0.026
2134.62521 11.239 0.025
2135.61778 10.94 0.028
2136.61728 10.91 0.023
2140.57664 10.871 0.032
2141.61336 10.939 0.028
2143.60147 11.207 0.024
2144.5993 10.969 0.03
2145.59029 10.895 0.027
2156.59072 11.108 0.039
2167.53271 10.946 0.024
2169.54647 11.161 0.025
2171.56161 11.009 0.033
2173.5269 11.051 0.026
2183.49974 11.214 0.029
2185.52265 10.962 0.028
2190.49432 10.892 0.029
2192.52982 11.06 0.027
2192.55458 10.891 0.026
2194.53843 11.076 0.027
2194.55804 11.129 0.029
2196.54956 10.929 0.026
2197.50667 11.228 0.03
2198.54006 11.248 0.03
2201.53633 11.005 0.028
2202.56331 10.997 0.044
2212.53835 11.283 0.031
2212.55587 11.181 0.03
2216.5028 11.202 0.033
2224.5034 11.002 0.032
2443.73996 11.01 0.018
2444.74196 10.905 0.021
2445.72847 10.973 0.021
2446.74018 11.096 0.023
2464.69391 11.205 0.024
2465.69317 11.173 0.024
2466.69049 10.938 0.022
2470.64321 10.938 0.025
2473.66032 11.282 0.029
2482.55891 10.943 0.042
2486.64508 11.067 0.032
2487.65743 11.211 0.046
2487.65743 11.24 0.044
2490.58742 11.213 0.032
2490.58742 11.235 0.033
2491.63653 11.192 0.033
2493.63194 10.904 0.032
2494.63302 10.903 0.033
2495.63466 11.031 0.027
2499.62037 10.969 0.023
2501.62196 11.167 0.025
2502.6288 10.969 0.027
2503.62223 10.868 0.047
2508.63349 11.004 0.041
2510.62889 11.265 0.023
2520.58933 10.934 0.017
2521.59903 10.91 0.018
2526.52706 11.145 0.027
2529.55922 10.95 0.038
2540.664 11.028 0.028
2544.65771 11.153 0.02
2553.53541 10.934 0.026
2554.64787 10.958 0.037
2563.50134 11.159 0.025
2564.56517 11.009 0.029
2565.59972 11.095 0.026
2566.61204 11.282 0.023
2707.89475 10.885 0.045
2710.89844 11.013 0.029
2713.89959 11.126 0.024
2713.89959 11.144 0.034
2727.91146 11.069 0.037
2730.8782 10.906 0.023
2737.86156 11.06 0.025
2743.85412 10.89 0.024
2747.90946 11.189 0.045
2755.80998 10.993 0.019
2757.85738 10.922 0.022
2760.82355 11.051 0.038
2764.87134 11.115 0.026
2765.83763 10.993 0.022
2769.87966 11.085 0.044
2783.74533 10.908 0.024
2786.80215 11.121 0.02
2790.82746 10.909 0.021
2810.73513 10.996 0.019
2812.7245 11.044 0.022
2815.85533 11.035 0.023
2819.78128 11.288 0.023
2821.75812 10.899 0.02
2829.71126 10.897 0.022
2830.81523 11.096 0.024
2832.66898 10.964 0.025
2836.75407 10.995 0.031
2843.6814 10.921 0.024
2853.61161 11.238 0.024
2853.61161 11.259 0.025
2854.83475 11.028 0.021
2854.84518 11.146 0.02
2858.63519 11.236 0.019
2867.59898 11.222 0.026
2872.73568 10.903 0.02
2875.7416 11.186 0.02
2877.70986 10.933 0.021
2879.77936 11.026 0.02
2883.55995 10.962 0.02
2884.71476 11.118 0.024
2886.57607 10.997 0.02
2892.72485 11.013 0.031
2894.61941 10.963 0.027
2894.61941 10.993 0.029
2895.73965 10.927 0.025
2899.69988 10.94 0.021
2902.51185 11.227 0.025
2904.71598 10.92 0.051
2908.51655 11.082 0.017
2909.62105 11.107 0.023
2910.52679 10.945 0.021
2911.71135 11.189 0.026
2913.65888 10.919 0.033
2918.55928 11.15 0.043
2921.66142 11.014 0.039
2923.63864 11.021 0.025
2926.63447 10.9 0.024
2928.63423 11.131 0.03
2930.63169 10.966 0.021
2932.62437 11.029 0.022
2934.61881 11.025 0.024
2939.59238 10.883 0.023
2940.50987 11.256 0.023
2945.52446 11.236 0.031
2945.52742 11.257 0.033
2950.55837 11.194 0.035
2950.56155 11.195 0.03
2953.53737 10.947 0.036
2954.5817 10.973 0.031
2955.5517 11.229 0.024
2957.52353 10.92 0.025
2958.52124 11.023 0.024
2959.53531 11.196 0.04
2961.53413 10.942 0.039
2963.51993 11.101 0.028
2963.55679 10.952 0.027
2965.53557 10.999 0.027
2966.52586 10.992 0.024
2973.53221 11.25 0.027
3089.8955 11.124 0.045
3093.88935 11.002 0.028
3098.88172 11.074 0.056
3102.90005 10.928 0.033
3110.86587 10.929 0.047
3114.86754 10.966 0.024
3118.90721 11.275 0.028
3126.87489 11.084 0.035
3132.85172 11.039 0.034
3142.83234 10.937 0.023
3146.80675 10.957 0.031
3154.73513 10.908 0.029
3160.78573 10.883 0.046
3164.83565 11.228 0.026
3170.79562 10.921 0.027
3173.76041 10.961 0.036
3177.70846 10.911 0.038
3179.81551 10.943 0.023
3182.78373 11.09 0.041
3185.71761 11.125 0.029
3186.77316 11.158 0.034
3187.74324 10.907 0.028
3190.82811 10.933 0.038
3191.77278 11.135 0.036
3273.54393 10.942 0.043
3275.66675 10.891 0.033
3278.56971 10.906 0.027
3280.6092 11.111 0.031
3294.52099 11.015 0.023
3339.52686 11.029 0.035
3446.896 11.065 0.038
3449.9063 10.865 0.036
3449.9063 10.919 0.034
3453.89129 10.926 0.033
3454.88022 10.918 0.035
3457.90819 11.297 0.032
3465.87465 11.272 0.031
3469.8724 11.089 0.027
3473.86778 10.991 0.026
3477.86069 10.922 0.026
3480.88365 11.274 0.042
3483.89066 10.966 0.037
3496.89763 10.947 0.036
3500.88132 11.018 0.038
3509.83338 10.906 0.024
3512.80458 10.993 0.029
3520.90842 10.892 0.032
3523.79744 10.939 0.034
3528.79029 11.015 0.034
3538.80467 11.596 0.026
3540.79794 11.012 0.051
3550.78431 10.919 0.032
3553.76493 11.084 0.023
3556.71112 11.2 0.022
3559.7513 10.962 0.032
3561.78966 11.051 0.036
3563.82003 11.27 0.032
3569.76399 10.925 0.024
3574.71945 11.11 0.029
3576.73971 11.051 0.024
3578.7205 10.983 0.031
3579.81911 10.924 0.024
3583.7429 10.938 0.036
3585.77604 11.285 0.031
3587.80836 11.039 0.027
3590.63489 10.998 0.034
3592.65926 11.265 0.038
3596.65237 11.143 0.025
3601.63895 11.347 0.039
3603.64613 10.923 0.028
3606.64531 11.27 0.029
3617.64058 10.922 0.031
3619.72214 10.91 0.029
3622.54079 11.268 0.031
3629.57035 11.107 0.033
3631.56807 10.945 0.034
3638.67735 10.951 0.036
3641.65071 10.961 0.025
3643.68992 10.986 0.034
3647.58386 11.279 0.023
3651.64967 10.923 0.029
3656.52017 11.01 0.038
3658.59219 10.935 0.036
3660.618 10.908 0.038
3662.64347 11.245 0.043
3665.52816 11.098 0.034
3669.52896 11.266 0.021
3671.56702 11.037 0.023
3674.5527 11.196 0.024
3676.59956 11.144 0.029
3700.53237 10.926 0.033
3703.52304 11.027 0.029
3706.51806 11.213 0.037
3814.89919 11.251 0.035
3821.88174 10.954 0.032
3825.88406 10.935 0.045
3829.87367 10.907 0.034
3833.87125 10.997 0.04
3849.8618 10.99 0.026
3852.89879 11.141 0.038
3856.85359 11.023 0.034
3859.86536 11.02 0.04
3862.84549 10.866 0.03
3865.81349 10.952 0.029
3867.8726 10.892 0.037
3869.85103 11.299 0.041
3875.89012 11.216 0.037
3882.82001 11.166 0.029
3886.91317 10.941 0.028
3889.79766 10.887 0.031
3891.8229 11.048 0.027
3893.83884 11.024 0.024
3896.83546 11.022 0.031
3902.81998 11.11 0.031
3904.84344 10.862 0.04
3906.89765 10.937 0.033
3909.74165 11.265 0.031
4177.90483 11.03 0.046
4185.89111 11.207 0.041
4190.88253 11.102 0.038
4193.89549 10.967 0.029
4204.86075 11.005 0.034
4230.91871 10.904 0.032
4233.84633 10.961 0.037
4247.81685 10.911 0.04
4253.81505 11.082 0.041
4258.74711 11.04 0.027
4272.75331 11.103 0.027
4274.78207 10.921 0.045
4277.73322 10.935 0.026
4285.77133 11.089 0.037
4289.76376 11.065 0.042
4291.76508 11.116 0.027
4293.75141 10.94 0.043
4295.75999 11.253 0.028
4299.73999 11.251 0.032
4301.69281 10.942 0.031
4303.70918 11.286 0.031
4305.69378 10.885 0.029
4307.67065 11.254 0.039
4312.69733 11.254 0.039
4315.694 10.887 0.029
4330.63254 11.214 0.028
4332.63234 10.906 0.028
4339.64617 11.251 0.043
4341.64658 10.922 0.03
4345.64265 11.02 0.027
4347.64728 10.911 0.025
4351.64068 10.906 0.043
4354.59476 10.905 0.026
4356.61369 10.982 0.026
4358.61118 11.105 0.03
4360.5803 10.963 0.029
4362.61293 11.273 0.028
4367.56765 11.001 0.034
4369.59727 10.901 0.037
4371.61621 11.164 0.03
4373.6292 11.008 0.03
4376.6206 11.222 0.028
4378.63684 10.976 0.034
4382.6756 11.278 0.025
4385.56073 11.129 0.026
4387.56693 10.917 0.031
4389.55126 11.26 0.035
4404.60475 11.264 0.029
4408.54352 11.165 0.035
4411.56706 10.948 0.027
4422.5549 11.264 0.03
4428.528 10.92 0.039
4431.5336 11.247 0.032
4542.90293 11.177 0.035
4546.90098 11.036 0.036
4559.87457 10.952 0.031
4563.87438 10.898 0.03
4567.86392 10.995 0.034
4571.86031 10.994 0.03
4574.87157 11.132 0.028
