2026.82259 13.674 0.032
2030.8548 12.955 0.031
2031.90158 13.032 0.032
2033.86868 13.851 0.028
2039.81858 13.421 0.037
2040.77202 13.279 0.043
2040.79298 12.836 0.042
2052.80176 13.362 0.031
2053.81532 13.488 0.032
2054.80956 13.529 0.034
2055.79809 13.119 0.031
2056.79926 13.309 0.032
2057.79574 14.125 0.028
2058.79441 13.934 0.032
2061.81803 13.764 0.034
2065.77511 13.656 0.042
2067.72761 13.011 0.037
2081.7581 13.025 0.034
2082.75345 13.405 0.031
2083.76882 13.698 0.047
2086.75532 13.819 0.033
2087.72836 13.904 0.033
2088.72517 13.792 0.035
2093.66506 13.941 0.035
2094.66972 14.605 0.036
2102.68067 12.891 0.076
2103.68925 13.671 0.03
2104.69611 13.422 0.031
2105.69111 13.154 0.03
2106.69087 12.976 0.032
2115.68382 13.488 0.033
2117.65524 13.222 0.034
2128.61584 13.63 0.032
2129.63783 13.422 0.029
2130.63712 13.217 0.031
2131.62531 13.029 0.031
2132.63302 13.626 0.029
2133.62764 14.134 0.03
2134.63422 14.023 0.03
2135.6223 13.839 0.033
2136.61955 13.933 0.032
2144.60161 13.287 0.034
2145.59937 14.062 0.032
2167.5419 13.33 0.035
2192.55333 13.577 0.033
2194.54778 13.203 0.033
2197.50545 14.082 0.036
2216.50613 13.786 0.036
2443.74639 14.138 0.02
2444.74616 13.937 0.023
2446.74435 13.664 0.026
2464.69817 13.335 0.025
2464.71616 13.288 0.036
2464.71616 13.323 0.028
2465.69745 13.164 0.026
2466.69476 13.086 0.022
2467.69176 13.83 0.02
2489.58906 13.305 0.026
2490.65667 13.305 0.04
2490.65667 13.342 0.034
2491.64322 13.013 0.048
2543.64174 13.384 0.048
2545.6207 13.831 0.023
2548.64545 13.988 0.026
2553.63084 13.63 0.025
2558.53179 14.158 0.022
2564.5539 13.666 0.031
2578.55443 13.933 0.026
2712.89755 13.791 0.033
2728.8889 14.105 0.043
2730.88481 13.89 0.03
2734.87094 13.417 0.029
2740.87197 13.933 0.024
2743.86535 14.048 0.027
2744.88136 13.987 0.04
2755.83585 14.017 0.024
2757.8686 13.785 0.026
2760.84427 13.557 0.042
2764.88995 13.049 0.039
2765.85641 14.002 0.023
2784.82322 13.668 0.025
2786.80638 13.579 0.023
2790.82937 13.661 0.026
2802.82975 13.341 0.055
2810.73709 13.48 0.025
2812.72871 13.193 0.024
2815.86202 13.58 0.025
2819.77402 14.05 0.028
2821.75562 13.698 0.025
2826.78918 13.354 0.035
2830.68499 14.144 0.026
2831.90033 13.05 0.03
2851.69133 13.247 0.023
2860.64679 13.761 0.029
2867.6035 13.57 0.026
2872.63386 13.745 0.023
2875.64855 13.48 0.022
2877.63429 13.006 0.024
2879.64252 13.871 0.021
2884.62574 13.749 0.024
2886.57168 13.538 0.026
2892.57867 14.114 0.032
2893.68862 13.6 0.037
2895.64382 14.473 0.027
2904.66935 13.32 0.069
2906.66702 14.16 0.03
2909.66224 14.263 0.026
2911.62278 13.909 0.027
2913.60282 13.47 0.036
2921.6487 13.936 0.048
2923.62991 14.274 0.033
2926.62574 13.617 0.029
2928.6255 13.3 0.032
2930.62252 12.901 0.028
2934.61009 13.871 0.032
2940.50799 13.14 0.042
2953.53591 13.152 0.045
2955.55031 12.94 0.055
2958.51983 13.822 0.03
2965.53406 13.429 0.033
3077.89718 13.869 0.057
3099.87398 13.853 0.062
3114.87496 13.783 0.053
3126.89259 14.597 0.06
3132.8629 13.24 0.05
3142.84998 14.016 0.032
3156.78562 13.602 0.042
3163.86548 13.089 0.035
3166.78394 13.611 0.029
3169.75534 13.604 0.045
3176.76199 14.514 0.031
3179.76514 13.944 0.034
3182.77833 13.812 0.052
3185.72244 13.256 0.05
3187.75073 13.015 0.038
3266.55693 13.79 0.021
3273.53613 13.253 0.04
3278.56172 13.652 0.035
3280.58946 14.038 0.037
3294.50123 13.65 0.026
3296.57762 14.222 0.03
3447.9089 14.084 0.045
3457.88979 13.963 0.044
3465.88577 13.735 0.037
3469.88882 13.134 0.037
3473.88054 13.61 0.031
3477.87068 13.812 0.042
3483.90957 12.688 0.065
3496.91924 13.607 0.055
3500.90625 14.723 0.041
3508.88706 13.596 0.03
3520.85804 13.375 0.043
3522.8595 12.946 0.045
3528.78736 13.585 0.036
3538.80184 13.844 0.034
3543.74791 13.503 0.048
3550.82241 13.651 0.044
3553.78562 14.115 0.031
3556.71589 13.481 0.028
3559.75761 13.405 0.044
3561.79463 13.267 0.045
3563.82872 13.677 0.037
3568.86388 14.118 0.033
3570.70778 13.529 0.035
3576.73152 14.646 0.034
3578.71238 13.672 0.035
3582.80011 14.385 0.038
3584.80487 13.393 0.04
3587.62902 13.818 0.029
3589.67093 13.593 0.04
3591.77614 13.705 0.041
3597.67027 13.427 0.035
3603.66332 13.714 0.036
3606.66279 13.854 0.067
3621.53314 12.568 0.059
3624.5823 14.018 0.031
3629.56311 13.248 0.043
3631.56319 13.373 0.044
3633.57942 13.691 0.043
3638.67246 13.468 0.045
3641.64594 13.485 0.032
3644.5531 13.196 0.057
3647.65522 13.648 0.031
3650.52697 13.805 0.038
3652.53388 14.219 0.045
3656.52306 13.767 0.044
3658.59502 14.046 0.049
3660.62079 12.88 0.052
3663.52401 14.716 0.042
3665.56039 14.013 0.039
3669.55033 14.054 0.03
3671.58073 13.518 0.031
3674.56478 13.056 0.032
3677.54838 13.889 0.038
3703.51805 14.814 0.045
3822.89604 14.371 0.044
3830.88445 14.768 0.048
3834.88459 14.357 0.045
3849.87516 14.02 0.037
3852.91021 14.712 0.055
3856.86501 13.026 0.077
3859.87428 13.715 0.05
3862.85366 14.495 0.033
3865.83669 13.669 0.04
3867.87975 13.481 0.045
3869.86205 13.33 0.053
3882.82707 13.346 0.04
3886.8603 13.883 0.038
3889.80232 13.789 0.036
3893.84879 13.226 0.034
3902.81465 13.755 0.039
3904.83796 13.704 0.039
3906.89225 14.349 0.042
3909.75502 13.915 0.034
3913.77397 13.916 0.036
4185.9062 14.197 0.057
4190.90808 13.31 0.044
4216.89841 12.949 0.038
4230.91343 13.088 0.04
4247.82132 13.813 0.039
4278.75919 13.135 0.035
4291.76244 13.142 0.035
4293.74523 13.405 0.046
4299.73743 14.227 0.047
4301.69588 13.596 0.046
4303.70394 13.478 0.039
4305.69123 13.556 0.037
4307.67296 13.656 0.038
4329.64461 13.131 0.043
4331.63556 13.746 0.034
4342.61119 12.898 0.047
4344.61111 14.19 0.047
4346.61081 13.549 0.037
4348.61403 13.737 0.045
4350.61716 13.731 0.043
4353.56443 13.031 0.034
4355.65029 13.155 0.034
4357.6638 13.085 0.038
4362.531 13.89 0.039
4367.5518 12.923 0.049
4373.61259 13.804 0.043
4376.60225 13.804 0.036
4378.61835 13.724 0.051
4380.65218 13.779 0.049
4382.66185 13.158 0.036
4385.55031 13.958 0.035
4387.55399 14.724 0.034
4403.53562 13.516 0.036
4407.5357 12.988 0.036
4422.53757 13.587 0.049
4552.89518 13.345 0.038
4559.89004 13.66 0.041
4567.87872 13.865 0.04
4571.87486 14.244 0.04
4574.8864 13.402 0.039
