1870.53458 12.471 0.037
1873.5198 12.787 0.033
1873.53634 12.821 0.035
1876.52892 12.66 0.033
1877.51974 12.577 0.032
1878.57349 12.516 0.035
1880.52395 12.688 0.035
1880.55664 12.586 0.035
1885.57408 13.01 0.035
1886.51776 12.596 0.067
1888.54198 12.956 0.035
1907.52837 12.83 0.042
1920.52716 12.597 0.053
1963.89072 13.003 0.031
1965.89345 12.578 0.034
1967.89327 12.604 0.032
1979.85061 12.556 0.041
1980.9087 13.018 0.049
1982.84331 12.773 0.037
1982.91212 12.85 0.053
1984.91413 12.679 0.053
1985.85646 12.987 0.039
1993.91205 12.542 0.051
1993.91869 12.503 0.062
1995.8416 12.453 0.055
1997.85482 12.62 0.049
1997.89612 12.609 0.049
1999.85215 12.525 0.051
1999.89527 12.566 0.055
2008.91003 12.477 0.059
2009.82472 12.73 0.056
2011.77634 12.466 0.07
2014.81183 12.79 0.055
2016.85834 12.676 0.06
2019.85439 13.04 0.067
2025.78975 12.686 0.025
2025.84442 12.675 0.03
2026.86 12.871 0.028
2026.9291 12.552 0.037
2030.80338 12.564 0.03
2030.87823 12.808 0.033
2031.83996 12.543 0.031
2032.82214 12.593 0.027
2032.83528 12.837 0.033
2033.83791 12.712 0.028
2035.81867 12.877 0.058
2037.78828 12.567 0.041
2039.83673 12.631 0.041
2040.72733 12.528 0.043
2040.8024 12.936 0.039
2052.77011 12.557 0.033
2052.83917 12.862 0.032
2053.85767 13.08 0.033
2054.7778 12.646 0.031
2054.93555 12.672 0.039
2055.76632 12.805 0.031
2055.85565 12.676 0.041
2056.76977 12.848 0.029
2056.85328 12.595 0.036
2057.8614 12.615 0.034
2058.76239 12.647 0.027
2061.7881 12.373 0.034
2061.82604 12.65 0.039
2064.90306 12.765 0.036
2065.72756 12.567 0.039
2067.66307 12.987 0.035
2067.74231 12.602 0.043
2068.68335 12.98 0.04
2068.74118 12.729 0.045
2069.69943 12.869 0.037
2069.72999 12.705 0.044
2070.73122 13.094 0.051
2080.64643 12.526 0.028
2080.73671 12.768 0.034
2081.70751 12.395 0.024
2081.84614 13.011 0.032
2082.72328 12.59 0.03
2083.72961 12.551 0.044
2085.7008 12.863 0.029
2085.832 12.957 0.033
2086.72767 12.742 0.031
2086.8314 12.814 0.032
2087.69725 12.713 0.029
2087.79063 12.406 0.083
2088.69398 12.488 0.028
2093.61756 12.647 0.037
2093.69678 12.654 0.039
2094.62676 12.667 0.039
2094.70131 12.783 0.042
2095.69376 13.014 0.075
2096.62713 12.627 0.041
2096.67828 12.351 0.04
2102.64897 12.694 0.056
2103.66208 12.62 0.028
2103.77462 12.588 0.034
2104.7433 13.21 0.034
2105.65561 12.493 0.029
2106.66104 12.516 0.027
2113.78349 12.716 0.038
2114.69626 12.567 0.03
2114.80384 12.507 0.06
2115.65019 12.829 0.028
2115.72607 12.478 0.03
2116.62882 13.067 0.029
2116.70817 12.512 0.031
2117.62695 12.79 0.027
2117.69956 12.713 0.033
2124.59548 12.568 0.035
2125.60404 12.75 0.05
2128.63317 12.493 0.028
2128.66283 12.567 0.038
2129.61603 12.545 0.025
2129.67083 12.571 0.029
2130.62052 12.727 0.031
2130.6746 12.508 0.032
2131.60191 12.944 0.024
2131.66948 12.422 0.032
2132.61006 12.822 0.025
2132.67112 12.653 0.029
2133.60649 12.552 0.024
2133.6651 12.764 0.032
2134.61756 12.573 0.029
2135.60568 12.46 0.048
2135.66422 13.06 0.043
2136.60518 12.558 0.027
2136.65923 12.491 0.029
2140.56643 12.46 0.05
2141.59903 12.584 0.031
2141.65087 12.825 0.035
2143.58941 12.536 0.03
2143.64647 12.824 0.033
2144.58273 12.752 0.032
2144.64019 12.525 0.032
2145.58267 12.819 0.032
2156.57439 12.751 0.052
2156.63547 12.603 0.037
2167.52551 12.849 0.032
2167.58089 12.378 0.033
2168.61128 12.494 0.033
2169.53706 12.845 0.036
2169.6179 12.336 0.031
2171.56354 12.733 0.066
2171.58213 13.023 0.07
2172.58724 12.976 0.032
2173.51312 12.63 0.035
2173.59009 12.931 0.032
2174.59074 12.485 0.076
2175.51969 12.838 0.058
2177.51515 12.623 0.038
2178.54572 12.913 0.033
2178.55761 12.954 0.031
2179.54804 12.97 0.036
2179.55976 12.764 0.035
2180.56974 12.594 0.036
2183.555 12.275 0.035
2184.574 12.576 0.041
2185.54764 12.795 0.037
2185.58033 12.676 0.036
2189.54658 12.53 0.033
2192.5303 12.718 0.031
2192.56319 12.537 0.03
2194.53028 12.915 0.03
2194.53898 12.949 0.033
2196.54344 12.835 0.034
2197.53606 12.456 0.033
2198.53403 12.508 0.033
2198.55988 12.647 0.032
2201.5217 12.924 0.031
2201.52815 12.974 0.032
2203.52303 12.711 0.032
2203.54296 13.073 0.034
2205.50977 12.723 0.032
2205.52876 12.676 0.032
2206.54956 12.506 0.033
2207.52895 13.126 0.064
2207.54559 12.416 0.072
2211.51019 12.594 0.039
2212.51475 12.664 0.036
2213.56869 12.843 0.035
2215.50312 12.629 0.039
2215.55822 12.455 0.039
2217.56056 12.483 0.03
2217.56472 12.525 0.034
2221.50921 12.511 0.033
2221.52011 12.654 0.033
2225.51744 12.707 0.035
2226.56478 12.538 0.033
2228.56142 12.763 0.036
2230.5578 12.947 0.034
2232.5202 12.636 0.035
2233.55079 12.629 0.035
2234.54435 12.598 0.033
2235.53555 13.475 0.033
2237.5504 13.135 0.037
2240.55533 12.654 0.044
2241.53399 12.676 0.039
2243.51943 13.026 0.045
2243.51943 13.035 0.045
2248.51724 12.947 0.056
2248.59767 13.185 0.043
2252.53112 12.869 0.044
2255.54189 12.724 0.038
2262.53116 13.107 0.051
2265.5341 12.768 0.055
2439.79449 12.549 0.029
2440.79826 12.584 0.025
2442.71597 12.63 0.023
2442.78148 12.585 0.057
2443.79732 12.645 0.025
2444.71983 12.554 0.022
2445.70172 12.436 0.026
2445.7805 12.891 0.029
2446.71799 12.481 0.027
2446.78188 12.686 0.029
2452.65743 12.773 0.039
2453.68952 12.72 0.042
2453.71428 12.47 0.039
2454.69504 12.634 0.041
2460.93072 12.755 0.028
2464.66874 12.91 0.027
2464.73858 12.576 0.036
2465.67246 12.64 0.026
2466.67431 12.619 0.028
2467.6645 12.569 0.022
2467.73986 12.969 0.024
2468.66142 12.549 0.027
2468.73074 12.775 0.027
2470.62242 12.835 0.029
2470.69241 12.613 0.027
2471.79684 12.704 0.035
2473.6372 12.617 0.033
2473.71155 12.814 0.036
2482.6578 12.656 0.041
2486.62383 12.726 0.043
2486.68033 12.577 0.044
2487.6612 12.849 0.054
2487.71302 12.523 0.051
2489.65982 12.63 0.048
2490.68791 12.877 0.036
2493.60864 12.926 0.03
2493.67878 12.448 0.051
2494.67422 12.704 0.036
2495.61347 12.724 0.035
2495.67745 12.677 0.041
2497.61083 12.58 0.03
2497.67253 12.772 0.034
2498.66027 12.575 0.031
2499.606 12.65 0.027
2499.66162 12.545 0.03
2501.60752 12.876 0.032
2502.66649 12.586 0.044
2508.71104 13.228 0.031
2508.75087 12.586 0.038
2512.53382 12.713 0.029
2512.58636 12.685 0.054
2519.62215 12.943 0.03
2520.61249 12.885 0.021
2520.68976 12.444 0.033
2521.62213 12.682 0.044
2521.69907 12.615 0.034
2523.76705 12.581 0.025
2524.65224 12.661 0.037
2526.50531 12.55 0.038
2526.67833 12.554 0.037
2538.82191 12.623 0.059
2539.71789 12.763 0.05
2540.67394 12.822 0.029
2540.81751 12.933 0.039
2544.66257 12.549 0.024
2545.69686 12.589 0.025
2546.58722 12.615 0.044
2548.58592 12.668 0.042
2552.68456 12.813 0.066
2552.73063 12.769 0.041
2553.79998 12.678 0.047
2554.57324 12.753 0.051
2558.55153 13.02 0.037
2558.5535 12.961 0.029
2559.55999 13.022 0.042
2559.56194 12.836 0.028
2560.56978 12.693 0.036
2560.57172 12.77 0.029
2561.5725 12.589 0.041
2561.57443 12.554 0.031
2562.58763 12.63 0.042
2562.58954 12.6 0.038
2563.60394 12.562 0.043
2563.60586 12.645 0.035
2564.61077 12.724 0.039
2564.61266 12.553 0.031
2565.63642 12.68 0.036
2566.64677 12.643 0.037
2577.72276 12.585 0.036
2578.61888 12.862 0.025
2579.51064 12.85 0.036
2601.53635 12.618 0.028
2601.56677 12.968 0.039
2620.52534 12.598 0.033
2620.53952 12.585 0.03
2622.56689 12.419 0.036
2625.57412 12.588 0.035
2634.53814 12.782 0.031
2636.56717 12.766 0.039
2639.54414 12.567 0.032
2641.55153 13.006 0.032
2644.53057 12.465 0.047
2646.53299 12.422 0.036
2651.52628 12.87 0.064
2693.89936 12.666 0.04
2697.89523 12.743 0.03
2701.88868 12.609 0.031
2711.86866 12.824 0.026
2713.90897 12.803 0.035
2714.86176 12.516 0.028
2717.91204 12.431 0.051
2719.86409 12.764 0.041
2722.90401 12.836 0.038
2723.87342 12.554 0.029
2725.87328 12.595 0.036
2727.89016 13.002 0.051
2728.89639 12.615 0.043
2732.90025 12.589 0.038
2733.89951 12.572 0.035
2735.88805 12.73 0.037
2735.90064 12.637 0.042
2738.83737 12.507 0.028
2738.88457 12.781 0.038
2740.88807 12.644 0.029
2742.87821 12.613 0.052
2744.85571 12.889 0.044
2744.87638 12.965 0.042
2751.78637 12.532 0.035
2751.85847 12.788 0.039
2754.8842 12.719 0.023
2754.91159 12.604 0.034
2756.86223 12.497 0.041
2756.92028 12.859 0.033
2759.89288 12.502 0.043
2761.82604 12.593 0.03
2761.89541 13.017 0.044
2763.87733 12.938 0.034
2765.80667 12.82 0.032
2776.79824 12.988 0.047
2782.86374 12.535 0.041
2783.78896 12.772 0.03
2786.76687 12.518 0.026
2787.84445 12.692 0.032
2790.7963 12.968 0.042
2791.76689 12.687 0.031
2804.71092 12.541 0.036
2808.87542 12.635 0.051
2810.78719 12.684 0.032
2814.85664 12.678 0.045
2815.8977 12.863 0.059
2821.8492 12.735 0.046
2831.87362 12.725 0.031
2838.83238 12.534 0.04
2841.74668 12.722 0.043
2843.73815 12.502 0.067
2845.82415 12.606 0.024
2851.67438 12.916 0.04
2853.79866 12.65 0.028
2856.86368 12.656 0.037
2858.72766 12.489 0.039
2859.59704 12.451 0.036
2860.72752 12.669 0.034
2861.64907 12.455 0.036
2861.82247 12.7 0.037
2862.75006 12.783 0.041
2866.71578 12.627 0.049
2867.77095 12.56 0.053
2871.80745 12.491 0.031
2874.64828 12.989 0.038
2876.6086 12.57 0.039
2878.60571 12.747 0.073
2883.57837 12.6 0.042
2884.66705 12.843 0.044
2884.7324 12.598 0.033
2886.55488 12.977 0.042
2886.61506 12.553 0.047
2888.62653 12.894 0.046
2892.65279 12.9 0.055
2893.74802 12.507 0.039
2894.85653 12.799 0.042
2895.67619 12.605 0.035
2896.6621 12.536 0.056
2897.6877 12.486 0.031
2898.63584 12.743 0.05
2902.49553 12.582 0.038
2902.77799 12.519 0.042
2905.59122 12.809 0.032
2907.76238 12.814 0.03
2909.70358 12.494 0.036
2911.62954 12.476 0.033
2911.66665 12.675 0.034
2915.57056 12.7 0.034
2916.58008 12.566 0.044
2916.6272 13.019 0.035
2917.70756 12.614 0.044
2918.63835 12.834 0.037
2921.62357 12.608 0.045
2921.67545 12.477 0.049
2923.60932 12.839 0.04
2923.6608 12.617 0.041
2926.60502 12.527 0.031
2926.65676 12.932 0.038
2928.60524 12.648 0.039
2930.60143 12.799 0.038
2930.653 12.597 0.031
2932.59442 12.82 0.035
2932.64588 12.646 0.037
2934.59011 12.649 0.034
2939.59436 12.915 0.031
2939.66785 12.426 0.034
2942.72606 12.514 0.034
2943.5423 12.723 0.039
2944.56727 13.04 0.045
2945.54822 13.03 0.041
2945.60882 12.489 0.046
2947.6139 12.8 0.037
2949.62589 12.927 0.037
2951.65137 12.891 0.05
2960.57295 12.504 0.042
2961.67688 12.941 0.032
2963.6522 12.537 0.041
2965.52393 12.521 0.03
2966.54426 12.597 0.034
2970.55585 12.774 0.033
2972.56365 13.312 0.034
2974.55603 12.55 0.037
2974.57429 12.685 0.037
2978.61345 12.533 0.037
2982.5264 12.739 0.047
2985.59263 12.424 0.035
2987.60559 12.608 0.034
2993.56881 12.492 0.036
2996.56441 12.951 0.033
2998.57092 12.826 0.035
3001.55806 12.741 0.035
3010.53222 12.536 0.055
3053.89671 12.293 0.072
3066.90183 13.243 0.036
3086.91334 12.712 0.041
3090.86261 12.945 0.065
3101.85138 12.45 0.048
3110.91912 12.675 0.039
3122.92739 12.435 0.043
3131.82145 12.672 0.044
3133.90141 13.185 0.039
3141.82006 12.573 0.044
3163.7964 12.771 0.031
3168.83713 12.722 0.032
3177.80006 13.13 0.063
3179.89646 12.676 0.039
3182.85164 12.797 0.049
3187.73579 12.367 0.054
3190.7568 12.501 0.043
3194.84669 12.5 0.035
3211.90001 12.776 0.027
3356.54512 12.7 0.033
3359.56673 12.931 0.035
3363.55606 12.491 0.073
3367.55574 12.829 0.046
3372.5309 12.557 0.048
3372.5309 12.572 0.052
3418.89073 12.687 0.044
3426.90136 12.395 0.045
3430.90196 12.792 0.043
3442.90276 12.511 0.038
3446.87222 12.614 0.048
3446.91095 12.94 0.062
3450.85782 12.737 0.054
3450.85987 12.988 0.045
3450.85987 13.019 0.048
3453.85508 12.538 0.071
3456.88139 12.645 0.045
3457.90224 12.396 0.043
3459.89362 12.679 0.05
3463.91461 12.955 0.047
3467.84781 12.925 0.036
3471.85551 12.734 0.031
3471.89819 12.806 0.033
3474.87141 12.59 0.045
3475.89455 12.551 0.069
3477.87582 12.974 0.036
3479.8893 12.901 0.04
3483.84133 12.966 0.041
3483.8689 12.61 0.046
3487.88889 11.33 0.042
3489.89056 13.069 0.063
3492.89966 12.615 0.048
3497.86158 12.503 0.044
3502.83094 12.825 0.048
3509.87506 12.642 0.029
3509.88645 12.49 0.052
3512.77078 12.888 0.043
3512.83966 12.623 0.044
3516.82276 13.229 0.056
3517.83052 13.067 0.038
3520.84481 12.657 0.045
3522.80046 12.688 0.051
3524.85214 12.234 0.079
3525.77479 12.597 0.031
3530.75161 12.943 0.042
3541.79112 12.919 0.042
3542.79891 12.711 0.047
3544.86413 12.628 0.047
3547.72595 12.595 0.035
3547.90258 13.248 0.06
3551.76158 12.544 0.055
3551.87804 12.678 0.06
3554.83533 12.481 0.04
3556.68743 12.542 0.029
3558.79942 13.47 0.068
3560.81367 12.719 0.043
3561.76412 12.409 0.05
3563.75639 13.248 0.037
3563.80619 12.452 0.032
3568.79767 12.678 0.058
3568.82703 12.776 0.031
3570.68162 12.619 0.035
3570.74207 12.825 0.064
3573.72406 12.718 0.039
3573.75974 13.067 0.04
3575.73458 12.454 0.031
3575.79099 12.92 0.035
3577.75923 12.586 0.04
3577.83102 13.027 0.044
3581.81571 12.779 0.039
3581.83317 12.502 0.031
3584.64621 12.832 0.04
3586.6578 12.532 0.028
3586.73629 12.85 0.032
3588.85183 12.808 0.035
3590.81763 12.64 0.031
3591.67467 12.779 0.035
3593.57565 12.82 0.03
3596.74353 12.856 0.031
3597.70356 12.518 0.035
3599.78387 12.931 0.038
3601.78096 12.447 0.043
3602.73622 12.592 0.047
3603.77169 12.458 0.038
3608.76706 12.702 0.039
3615.77862 12.943 0.045
3615.80318 12.678 0.058
3618.5688 12.759 0.049
3618.60556 12.535 0.04
3620.58837 12.849 0.034
3620.64877 12.59 0.049
3622.65299 12.582 0.03
3622.7157 12.793 0.032
3625.68716 12.744 0.044
3625.73128 12.703 0.038
3628.63708 12.437 0.038
3628.66056 12.772 0.038
3630.69101 12.777 0.047
3630.70666 12.864 0.044
3632.7183 12.543 0.046
3632.73663 12.577 0.047
3634.75727 12.574 0.044
3634.79083 13.027 0.048
3637.73073 12.769 0.039
3637.76309 12.544 0.042
3640.71132 12.686 0.037
3640.73564 12.651 0.042
3643.52586 12.901 0.036
3643.5427 13.046 0.042
3646.60695 12.689 0.036
3646.61925 12.582 0.044
3649.55182 12.495 0.047
3651.51316 12.831 0.037
3653.55238 12.782 0.055
3653.56362 13.043 0.05
3655.57746 12.792 0.033
3657.61511 13.075 0.037
3657.62004 12.853 0.037
3659.64698 12.828 0.043
3659.64997 12.852 0.046
3661.66628 12.907 0.049
3661.67824 13.008 0.044
3663.67778 12.488 0.044
3664.52653 12.593 0.047
3665.72572 12.848 0.042
3666.62961 13.018 0.031
3669.6546 12.694 0.03
3670.53276 12.772 0.03
3672.53703 12.597 0.031
3672.58344 13.003 0.029
3674.63607 12.88 0.033
3675.53653 12.65 0.031
3676.66797 13.045 0.04
3678.52902 12.821 0.029
3680.51563 12.565 0.032
3699.64574 12.491 0.055
3700.55182 12.49 0.038
3702.57791 12.347 0.033
3703.54242 12.866 0.038
3705.57773 13.09 0.049
3706.53758 12.718 0.044
3708.56195 12.72 0.035
3711.52125 12.865 0.043
3712.55515 12.779 0.042
3714.5736 12.959 0.041
3715.52427 12.619 0.061
3716.60461 12.767 0.044
3720.54319 12.653 0.054
3726.52986 12.81 0.055
3730.53254 12.674 0.044
3734.53264 12.438 0.052
3737.53421 13.032 0.038
3783.89102 12.703 0.07
3789.89675 12.681 0.053
3793.90088 12.57 0.053
3797.90208 12.734 0.044
3802.90611 12.938 0.067
3806.87976 12.647 0.044
3813.91088 12.744 0.056
3814.87179 13.008 0.051
3817.89743 12.871 0.047
3817.91243 12.751 0.053
3821.86191 12.78 0.042
3821.91159 12.408 0.052
3825.85515 12.748 0.074
3829.85067 12.62 0.042
3829.90535 12.666 0.052
3832.8906 12.824 0.039
3833.90317 12.77 0.064
3835.90305 12.811 0.04
3847.92325 12.253 0.062
3849.89592 12.978 0.035
3850.86326 12.737 0.036
3853.8626 12.549 0.043
3853.87741 12.639 0.035
3857.89113 12.77 0.082
3861.8593 12.688 0.04
3862.82363 12.846 0.034
3864.8366 12.863 0.039
3864.85881 12.844 0.043
3866.84081 12.652 0.039
3867.85372 12.546 0.053
3868.86161 12.695 0.049
3870.79536 12.788 0.046
3870.82469 12.825 0.048
3872.83308 12.849 0.041
3874.89683 13.201 0.036
3877.88331 12.613 0.034
3880.79427 12.703 0.037
3882.85239 12.692 0.037
3883.84626 12.66 0.048
3887.81476 12.905 0.034
3889.85259 13.055 0.036
3892.74783 13.011 0.034
3892.78234 12.647 0.036
3894.74249 12.687 0.04
3894.86935 12.45 0.033
3898.80661 12.834 0.048
3901.81716 12.39 0.049
3903.87252 12.548 0.035
3904.72636 12.598 0.036
3906.77585 12.552 0.034
3906.81005 12.635 0.036
3909.80625 12.475 0.04
3912.78011 12.832 0.03
3913.85254 12.795 0.05
3981.60165 12.671 0.033
3981.6239 12.545 0.036
4087.57825 12.728 0.037
4090.56546 12.773 0.04
4105.54768 12.487 0.04
4150.89675 12.617 0.058
4154.89729 13.272 0.053
4158.90068 12.597 0.071
4162.89501 13.244 0.066
4166.88579 12.577 0.058
4174.90058 12.556 0.039
4182.87494 12.806 0.05
4183.91276 12.816 0.055
4187.89494 12.788 0.045
4194.84743 12.694 0.047
4194.89682 12.908 0.046
4202.92017 12.524 0.04
4203.92241 12.321 0.043
4205.89692 12.719 0.045
4212.92336 12.481 0.061
4216.87368 12.638 0.034
4227.88902 12.757 0.064
4228.83943 12.661 0.038
4230.87792 12.377 0.061
4230.88671 12.9 0.034
4233.91851 12.612 0.084
4247.78772 12.667 0.052
4250.88846 12.395 0.066
4253.78788 12.553 0.047
4255.80706 12.581 0.072
4256.78751 13.008 0.057
4258.83516 12.454 0.067
4268.7826 12.819 0.046
4273.74149 12.819 0.036
4277.83014 13.016 0.055
4278.74197 12.604 0.053
4283.84433 12.431 0.045
4283.87315 12.455 0.075
4285.83744 13.387 0.049
4285.84285 12.938 0.05
4289.83992 12.422 0.046
4289.84615 12.885 0.043
4291.83991 12.646 0.034
4291.84909 12.553 0.03
4293.84362 12.854 0.036
4293.84981 12.979 0.044
4296.65771 12.639 0.043
4296.73893 12.953 0.049
4298.7865 12.827 0.057
4300.77796 12.737 0.056
4302.73765 12.678 0.052
4302.80845 12.639 0.051
4304.67258 12.579 0.052
4304.73784 13.073 0.042
4306.68293 12.352 0.051
4306.74139 12.802 0.032
4308.6844 12.912 0.07
4308.74834 12.579 0.064
4310.71891 12.826 0.045
4310.76294 12.449 0.04
4312.74056 12.976 0.044
4312.77702 12.458 0.061
4315.73778 12.715 0.05
4316.63973 12.962 0.041
4319.73803 12.731 0.055
4329.71591 12.733 0.044
4331.62024 12.876 0.03
4331.69203 12.57 0.04
4333.56974 12.479 0.033
4333.65713 12.854 0.035
4334.74827 12.663 0.034
4336.65701 12.932 0.042
4338.65667 12.338 0.061
4338.74886 12.977 0.038
4340.70915 12.577 0.041
4340.73916 12.471 0.041
4344.71248 12.658 0.075
4344.74905 12.539 0.059
4346.74791 12.94 0.044
4348.71537 12.548 0.036
4348.7524 12.774 0.035
4350.77861 12.929 0.043
4350.82388 12.941 0.044
4353.55569 12.909 0.033
4353.60334 12.598 0.033
4355.64158 12.763 0.032
4355.67968 12.643 0.031
4357.64915 12.74 0.035
4357.72234 12.647 0.043
4359.68268 13.475 0.05
4362.51503 12.565 0.03
4362.56448 12.707 0.034
4364.54963 12.547 0.03
4364.60329 12.947 0.034
4367.61085 12.622 0.043
4368.65731 13.059 0.043
4369.63477 12.666 0.051
4371.65533 12.57 0.046
4372.67539 12.635 0.055
4373.66886 12.554 0.036
4375.6717 12.918 0.046
4376.65959 12.721 0.035
4377.73153 12.462 0.053
4378.68095 12.574 0.052
4379.78093 12.585 0.037
4381.55108 12.829 0.044
4382.56006 12.642 0.032
4384.59415 12.387 0.036
4385.62617 12.502 0.033
4386.62451 12.51 0.032
4388.60046 12.958 0.034
4392.56781 12.611 0.049
4393.5563 12.66 0.052
4398.71232 12.801 0.056
4399.52307 12.493 0.051
4403.69712 12.717 0.043
4404.61263 12.663 0.04
4407.69391 12.659 0.047
4408.55361 12.674 0.04
4410.59316 12.555 0.036
4411.57624 12.745 0.046
4413.63341 12.395 0.035
4419.58723 12.779 0.06
4419.60218 12.882 0.05
4422.57068 12.862 0.035
4422.58474 12.817 0.036
4426.57187 12.479 0.057
4426.58485 12.53 0.065
4428.62719 13.379 0.059
4429.55298 13.371 0.045
4431.54959 12.579 0.044
4432.55106 12.479 0.033
4433.62338 12.938 0.039
4435.54705 12.823 0.034
4435.6482 13.035 0.043
4438.54178 12.876 0.044
4438.61327 12.634 0.051
4441.53725 12.537 0.039
4444.58475 12.689 0.039
4453.56531 13.011 0.043
4456.58192 12.482 0.066
4459.57094 12.364 0.051
4463.52918 12.664 0.043
4469.53071 12.708 0.048
4473.53002 12.453 0.049
4517.89604 12.875 0.057
4521.90105 12.408 0.05
4525.90157 13.047 0.042
4529.89463 12.363 0.045
4533.90655 13.112 0.044
4537.90806 12.567 0.041
4540.90979 12.783 0.059
4541.89731 12.867 0.035
4545.89473 12.33 0.063
4552.91502 12.693 0.044
4559.88808 12.772 0.038
4560.91407 12.597 0.038
4563.84252 13.013 0.035
4564.90264 12.867 0.036
4567.84225 12.713 0.038
4568.89402 12.544 0.05
4571.83375 12.747 0.038
4572.88675 12.709 0.037
4574.82679 12.625 0.044
