1872.53139 14.071 0.029
1879.52281 13.831 0.028
1887.53648 13.194 0.03
1982.89206 11.471 0.037
1984.88916 11.639 0.04
1994.87836 12.179 0.045
1996.87128 12.347 0.042
1996.87128 12.376 0.042
1998.86332 12.58 0.042
2000.86549 12.572 0.045
2026.7951 13.877 0.024
2031.86696 13.816 0.027
2039.80981 13.964 0.032
2040.76968 14.776 0.034
2053.81978 15.133 0.027
2056.80143 15.588 0.028
2057.79789 14.757 0.027
2132.64084 14.614 0.027
2144.60717 14.638 0.036
2156.5854 13.743 0.037
2156.60611 13.686 0.032
2163.55215 13.186 0.046
2167.53635 13.355 0.031
2167.55263 13.159 0.026
2169.55012 13.221 0.028
2171.52983 12.935 0.032
2172.57077 13.091 0.026
2173.5238 12.934 0.027
2173.5687 13.182 0.027
2175.54998 13.108 0.037
2177.52124 12.84 0.03
2178.52602 13.081 0.026
2179.52844 13.022 0.028
2180.55759 12.994 0.029
2180.56166 12.88 0.028
2183.54522 12.817 0.029
2184.49715 12.672 0.03
2185.53832 12.605 0.027
2187.50133 12.799 0.028
2189.5253 13.319 0.028
2189.53149 12.494 0.028
2191.52421 12.223 0.027
2191.58041 12.258 0.028
2193.52225 12.13 0.028
2193.55311 12.04 0.028
2195.52094 11.883 0.024
2195.54527 11.912 0.025
2197.55682 11.67 0.025
2199.53151 11.585 0.024
2199.54873 11.494 0.027
2202.53706 11.363 0.042
2202.55214 11.295 0.03
2204.50894 11.126 0.027
2207.49261 10.812 0.028
2207.51594 10.805 0.029
2212.50004 10.401 0.03
2212.52879 10.382 0.028
2214.5408 10.308 0.033
2215.50562 10.208 0.029
2216.55015 10.162 0.029
2217.56714 10.122 0.032
2221.53409 9.994 0.029
2222.51197 9.994 0.032
2225.52678 9.935 0.03
2227.56529 9.927 0.031
2229.50843 9.904 0.032
2230.52356 9.928 0.032
2234.51117 9.931 0.032
2234.53045 9.944 0.034
2236.54071 9.975 0.035
2240.53656 10.071 0.036
2241.53097 10.055 0.037
2252.53241 10.415 0.041
2486.65288 13.138 0.032
2487.66978 13.479 0.048
2487.68332 13.145 0.045
2488.80958 12.649 0.083
2490.65998 12.969 0.038
2491.64666 12.581 0.05
2493.64205 12.402 0.031
2494.64312 12.211 0.041
2495.64251 12.079 0.033
2497.63991 11.845 0.029
2499.62824 11.562 0.026
2500.60285 11.476 0.03
2500.60285 11.488 0.037
2501.63658 11.335 0.028
2502.63447 11.305 0.031
2503.63244 11.173 0.064
2508.71986 10.932 0.025
2512.5459 10.858 0.034
2519.64827 10.87 0.019
2520.64355 10.86 0.018
2521.65036 10.868 0.02
2523.78531 10.89 0.024
2526.54039 10.956 0.033
2539.63823 11.057 0.055
2540.68494 11.036 0.023
2545.71484 11.111 0.022
2552.69523 11.261 0.03
2554.58646 11.334 0.037
2556.61128 11.427 0.04
2558.56161 11.417 0.025
2559.57002 11.481 0.023
2560.57977 11.482 0.03
2561.58244 11.518 0.025
2562.59754 11.552 0.02
2563.61384 11.542 0.024
2564.62059 11.604 0.023
2565.64623 11.706 0.03
2566.65654 11.695 0.028
2578.62411 12.286 0.025
2579.66037 12.376 0.036
2756.90145 14.459 0.029
2759.87895 14.147 0.029
2763.84843 13.957 0.025
2782.89602 12.139 0.03
2786.81321 11.794 0.027
2790.8383 11.686 0.034
2802.85059 11.198 0.045
2804.76207 11.256 0.04
2808.82656 11.152 0.024
2810.74336 11.213 0.025
2812.73043 11.122 0.032
2815.86618 11.083 0.021
2819.79666 11.088 0.036
2821.79486 11.06 0.025
2826.8217 11.074 0.021
2830.68867 11.072 0.023
2831.904 11.067 0.023
2838.8715 11.098 0.023
2843.69847 11.141 0.025
2851.70895 11.319 0.023
2853.83412 11.353 0.051
2855.71318 11.461 0.034
2858.75491 11.497 0.023
2860.65247 11.549 0.029
2861.77524 11.662 0.028
2866.66752 11.884 0.032
2867.72786 11.818 0.038
2872.65758 12.059 0.031
2874.83124 12.317 0.027
2878.67348 12.397 0.041
2883.6228 12.801 0.022
2884.77117 12.787 0.029
2884.78842 12.776 0.036
2886.59092 12.728 0.026
2888.64198 12.833 0.027
2892.64243 13.178 0.023
2895.69185 13.516 0.022
2897.7057 13.389 0.022
2899.67547 13.44 0.028
2908.74261 14.097 0.027
3079.89599 10.868 0.041
3088.89224 10.406 0.037
3092.88717 10.294 0.053
3098.86949 10.152 0.029
3102.90323 10.141 0.028
3105.88842 10.137 0.026
3108.88928 10.157 0.023
3112.85707 10.202 0.023
3126.86967 10.562 0.074
3129.88023 10.654 0.048
3132.86858 10.817 0.049
3142.86004 11.177 0.023
3146.82206 11.32 0.039
3153.88485 11.732 0.021
3156.84831 11.844 0.023
3159.77737 11.987 0.043
3162.84324 12.335 0.025
3165.77681 12.512 0.049
3167.88925 12.492 0.038
3167.88925 12.498 0.034
3168.84313 12.548 0.045
3171.79122 12.71 0.051
3175.83403 13.004 0.025
3178.76085 13.151 0.026
3183.78047 12.99 0.026
3186.759 13.33 0.028
3191.87537 13.485 0.034
3343.53644 12.903 0.035
3356.53478 12.12 0.027
3453.88368 12.234 0.04
3456.90514 12.363 0.033
3465.88254 12.851 0.032
3469.88645 12.968 0.027
3472.89571 13.481 0.033
3473.8754 13.361 0.024
3477.86834 13.697 0.032
3479.9178 13.95 0.038
3526.815 15.724 0.03
3617.63102 14.034 0.032
3619.72433 13.877 0.027
3621.54712 13.919 0.047
3622.53663 13.65 0.032
3622.55715 13.638 0.033
3625.64701 13.582 0.028
3628.61765 13.202 0.032
3630.65489 13.019 0.031
3630.67221 13.121 0.031
3632.65728 13.014 0.03
3632.67912 13.11 0.031
3634.6851 12.891 0.031
3634.7047 13.008 0.036
3637.68237 13.004 0.032
3637.69943 12.96 0.031
3639.73157 12.731 0.036
3640.69695 12.594 0.026
3642.66814 12.54 0.023
3643.53753 12.493 0.037
3644.7099 12.235 0.039
3646.61407 12.348 0.037
3649.55884 12.018 0.032
3650.6711 11.841 0.023
3651.60212 11.837 0.025
3653.59306 11.718 0.039
3655.51517 11.373 0.036
3655.59092 11.524 0.027
3657.59711 11.258 0.031
3657.60395 11.324 0.039
3657.63346 11.325 0.034
3659.63254 11.099 0.035
3659.63917 11.058 0.028
3661.65429 10.897 0.035
3661.65756 10.939 0.032
3663.66657 10.754 0.034
3663.66993 10.753 0.03
3664.53011 10.74 0.029
3666.57952 10.552 0.024
3666.58283 10.576 0.024
3666.63303 10.614 0.023
3669.6875 10.659 0.026
3670.52734 10.375 0.023
3670.53611 10.421 0.023
3672.55043 10.363 0.022
3672.58126 10.353 0.024
3672.58688 10.346 0.026
3674.6478 10.348 0.03
3675.53334 10.349 0.026
3675.54353 10.388 0.03
3677.56477 10.381 0.023
3678.52553 10.365 0.026
3678.53573 10.395 0.032
3699.55981 10.399 0.03
3701.55553 10.369 0.043
3702.55116 10.431 0.023
3702.55356 10.412 0.024
3704.54869 10.391 0.032
3705.54884 10.471 0.026
3705.55134 10.471 0.026
3708.53645 10.538 0.027
3711.55383 10.65 0.028
3712.53708 10.668 0.031
3713.5618 10.734 0.03
3716.54284 10.791 0.03
3717.54188 10.8 0.033
3720.52395 10.987 0.039
3721.53206 11.008 0.03
3725.52597 11.12 0.049
3983.59003 11.04 0.034
4190.89814 14.135 0.03
4204.86316 13.439 0.036
4216.89347 12.405 0.027
4227.86899 11.434 0.041
4230.85947 11.152 0.044
4247.85724 10.026 0.025
4256.8437 9.875 0.027
4256.8739 9.909 0.033
4259.78258 9.946 0.046
4272.79271 10.102 0.027
4274.80431 10.137 0.043
4277.74219 10.195 0.025
4283.85828 10.377 0.033
4289.8954 11.244 0.034
4292.70679 10.721 0.024
4296.77079 10.93 0.039
4298.76794 11.009 0.034
4300.74654 11.119 0.041
4302.78189 11.196 0.046
4304.71079 11.333 0.028
4306.71354 11.496 0.026
4308.71443 11.581 0.042
4311.72509 11.715 0.031
4314.76442 11.913 0.027
4317.65217 12.127 0.023
4330.65239 13.094 0.054
4332.65464 12.92 0.027
4334.65103 13.192 0.044
4338.65059 13.706 0.03
4340.70505 13.832 0.053
4342.70657 14.215 0.034
4344.71245 14.382 0.041
4346.70787 14.126 0.058
4350.77309 13.875 0.035
4355.67203 14.519 0.026
4357.7034 14.4 0.028
4359.74091 14.422 0.039
4547.89906 11.239 0.039
4555.88274 11.291 0.034
4558.90286 11.311 0.029
4562.89118 11.373 0.034
4566.89156 11.412 0.04
4570.87938 11.516 0.029
4574.85214 11.65 0.029
