1872.53857 12.533 0.03
1873.51035 12.603 0.035
1876.51909 12.529 0.031
1980.89873 12.725 0.045
1982.89768 12.591 0.043
1984.90913 12.509 0.052
1994.90806 12.729 0.044
1996.89969 12.594 0.047
1998.89192 12.354 0.046
2000.89484 12.692 0.046
2008.88725 12.796 0.053
2011.84444 12.476 0.056
2018.8209 12.78 0.054
2025.82243 12.479 0.027
2026.88894 12.347 0.036
2026.90241 12.612 0.029
2030.86358 12.566 0.03
2031.93201 12.441 0.031
2032.82317 12.673 0.026
2033.81213 12.499 0.026
2034.90003 12.202 0.057
2039.80061 12.455 0.039
2040.78597 12.63 0.043
2052.80634 12.318 0.029
2053.82214 12.527 0.034
2054.81188 12.785 0.036
2055.80267 12.4 0.037
2055.81599 12.427 0.032
2056.80383 12.64 0.033
2056.81691 12.55 0.029
2057.80031 12.641 0.032
2058.79897 12.451 0.032
2061.82031 12.336 0.031
2064.84985 12.591 0.044
2065.77738 12.757 0.04
2067.71348 12.574 0.037
2080.69322 12.778 0.033
2081.78426 12.651 0.029
2081.82031 12.412 0.026
2082.75785 12.511 0.032
2082.77116 12.453 0.032
2083.77097 12.715 0.048
2085.71603 12.35 0.031
2085.80568 12.504 0.03
2086.7623 12.623 0.028
2086.76442 12.503 0.029
2087.73274 12.471 0.034
2088.73177 12.628 0.032
2088.74747 12.451 0.028
2093.65577 12.848 0.036
2094.65599 12.566 0.035
2094.67863 13.105 0.033
2103.70315 12.525 0.031
2103.72639 12.938 0.029
2104.69819 12.368 0.029
2105.68863 12.666 0.03
2106.69519 12.414 0.029
2114.71454 12.636 0.03
2115.69049 12.405 0.029
2116.66136 12.512 0.029
2117.65947 12.381 0.034
2128.62227 12.37 0.029
2129.64205 12.704 0.033
2131.63171 12.401 0.028
2132.63945 12.617 0.029
2133.63184 12.428 0.027
2134.63613 12.477 0.029
2135.6287 12.629 0.031
2136.64205 12.38 0.027
2140.6087 12.734 0.042
2141.61761 12.409 0.033
2142.6316 12.433 0.05
2143.61315 12.855 0.034
2144.60578 12.468 0.029
2145.60126 12.675 0.031
2156.62043 12.474 0.041
2168.58472 12.616 0.03
2171.53952 12.343 0.039
2172.56703 12.419 0.031
2173.56721 12.936 0.03
2175.54617 12.66 0.037
2183.51373 12.837 0.035
2185.5152 12.494 0.033
2187.5341 12.397 0.031
2189.5282 12.93 0.03
2189.58283 12.545 0.034
2191.58556 12.317 0.033
2193.52972 12.379 0.033
2193.5515 12.439 0.03
2195.51476 12.361 0.032
2195.54138 12.824 0.034
2197.55291 12.584 0.032
2199.52762 12.527 0.03
2199.55155 12.441 0.032
2202.53539 12.461 0.035
2202.55722 12.404 0.039
2212.50725 12.551 0.033
2212.52465 12.579 0.036
2214.54575 12.74 0.035
2215.51055 12.565 0.036
2216.56192 12.433 0.033
2219.51618 12.626 0.035
2222.55512 12.627 0.035
2222.56723 12.395 0.035
2225.57332 12.484 0.034
2226.50953 12.393 0.035
2229.52016 12.444 0.036
2235.51418 12.417 0.032
2439.7776 12.72 0.019
2443.75307 12.352 0.018
2443.76419 12.403 0.022
2445.7505 12.915 0.021
2446.74879 12.369 0.023
2460.89513 12.754 0.027
2460.89513 12.788 0.027
2464.71848 12.745 0.032
2465.704 12.358 0.021
2465.71748 12.42 0.021
2466.71484 12.796 0.021
2467.69607 12.449 0.019
2467.70973 12.584 0.018
2468.71005 12.422 0.025
2468.71005 12.434 0.026
2470.67005 12.442 0.023
2473.67118 12.359 0.026
2473.68487 12.333 0.031
2473.70268 12.374 0.031
2474.70222 12.795 0.03
2482.72691 12.392 0.034
2486.66741 12.634 0.032
2487.6799 12.626 0.05
2487.6799 12.631 0.05
2487.68189 12.442 0.045
2489.69495 12.437 0.023
2490.65434 12.703 0.032
2490.67016 12.425 0.033
2493.6499 12.915 0.029
2494.64172 12.492 0.035
2495.64111 12.565 0.025
2497.63849 12.366 0.023
2497.65009 12.392 0.021
2498.64298 12.595 0.022
2499.62682 12.676 0.021
2500.61983 12.5 0.022
2500.61983 12.515 0.032
2501.62842 12.642 0.023
2501.64007 12.778 0.026
2508.64779 12.686 0.033
2510.55912 13.018 0.064
2510.63826 12.893 0.032
2511.63932 12.974 0.069
2520.59602 12.697 0.021
2520.72549 12.547 0.02
2521.60568 12.755 0.02
2523.75907 12.658 0.023
2524.65976 12.836 0.019
2526.53894 12.536 0.026
2526.693 12.479 0.025
2529.57545 12.785 0.043
2535.5715 12.489 0.026
2543.65966 12.88 0.067
2545.64339 12.519 0.023
2545.65099 12.514 0.018
2549.71767 12.529 0.036
2549.71767 12.535 0.036
2552.62653 12.796 0.048
2553.6506 12.38 0.022
2558.49106 12.918 0.024
2558.63242 12.572 0.021
2559.51471 12.884 0.05
2563.49419 12.61 0.026
2563.53398 12.793 0.025
2564.56053 12.739 0.03
2564.57267 12.679 0.027
2565.5975 12.669 0.029
2565.60986 12.902 0.027
2566.60984 12.353 0.027
2578.60803 12.479 0.025
2578.61091 12.517 0.024
2579.61977 13.003 0.027
2621.52517 12.396 0.036
2622.53036 12.907 0.032
2709.90357 12.437 0.039
2711.90623 12.968 0.044
2712.89294 12.415 0.028
2722.89734 12.533 0.034
2728.88022 12.509 0.032
2728.88705 12.603 0.031
2730.87137 12.593 0.029
2732.89346 12.801 0.023
2734.84988 12.597 0.033
2735.87907 12.679 0.029
2737.85468 12.588 0.024
2738.87089 12.886 0.026
2742.90748 12.387 0.035
2744.86537 12.42 0.032
2744.86758 12.6 0.031
2744.89893 12.72 0.034
2755.80535 12.543 0.022
2755.82863 12.53 0.021
2757.85274 13.068 0.028
2757.86369 13.198 0.026
2760.8281 12.883 0.03
2760.84621 12.921 0.033
2764.89522 12.378 0.039
2765.7827 12.601 0.029
2765.83974 12.821 0.022
2769.8885 12.827 0.036
2769.91992 12.887 0.053
2782.88453 12.86 0.027
2782.90704 12.61 0.023
2784.81855 12.834 0.022
2784.85101 12.589 0.023
2786.81106 12.498 0.023
2786.82681 12.519 0.022
2790.83623 13.098 0.024
2790.85173 12.934 0.024
2804.7602 12.612 0.034
2804.77379 12.3 0.033
2808.82273 12.509 0.03
2808.82474 12.492 0.028
2809.83677 12.801 0.024
2810.74156 12.603 0.024
2811.75797 13.256 0.03
2812.73319 12.563 0.025
2815.86896 12.715 0.024
2816.87165 12.715 0.028
2819.79016 12.455 0.03
2820.72292 12.721 0.022
2821.7835 12.475 0.029
2826.7751 12.657 0.024
2830.68708 12.836 0.027
2831.69579 12.606 0.027
2831.90242 12.624 0.032
2843.69237 12.616 0.029
2843.71296 12.499 0.02
2851.69816 12.65 0.024
2853.82279 12.914 0.057
2860.65105 12.76 0.029
2864.74489 12.828 0.064
2867.60998 12.494 0.027
2867.61939 12.57 0.024
2871.82882 12.782 0.03
2872.66584 12.578 0.019
2874.63274 12.663 0.026
2876.6279 12.894 0.021
2878.62776 12.479 0.032
2880.67247 12.61 0.057
2883.60738 12.442 0.023
2884.61655 12.576 0.022
2884.77467 12.808 0.028
2886.58489 12.613 0.022
2890.78412 12.209 0.062
2893.58737 12.644 0.029
2896.64108 13.083 0.028
2898.62399 12.718 0.025
2900.61864 12.425 0.022
2905.67011 12.674 0.024
2908.59588 12.571 0.024
2910.61882 12.488 0.024
2911.50873 12.943 0.022
2913.67959 12.651 0.049
2921.64588 12.929 0.042
2923.62734 12.727 0.032
2926.62318 12.862 0.027
2928.62295 12.529 0.031
2930.61987 12.625 0.029
2932.61314 12.853 0.031
2934.60757 12.924 0.031
2939.61462 12.496 0.028
2945.50699 12.647 0.04
2947.5635 12.867 0.037
2954.56475 12.602 0.034
2956.56838 13.004 0.041
2958.56704 12.795 0.028
2960.57064 12.474 0.034
2962.58395 12.739 0.03
2965.52137 12.603 0.029
2972.51727 12.89 0.033
2974.5481 12.472 0.033
2979.53368 12.431 0.046
2982.52803 12.19 0.046
2986.52442 13.11 0.037
3071.90246 12.627 0.064
3075.90291 12.611 0.049
3088.90748 12.956 0.045
3090.90549 12.29 0.046
3092.89991 12.469 0.034
3098.87653 12.754 0.047
3098.91169 12.574 0.035
3102.89479 12.757 0.037
3103.89467 12.38 0.045
3110.86322 12.759 0.03
3110.88798 12.892 0.029
3114.8772 12.574 0.039
3118.89924 12.454 0.059
3126.88759 12.584 0.033
3130.85269 12.572 0.042
3133.77945 12.604 0.049
3133.87775 12.554 0.034
3142.84754 12.562 0.028
3146.81689 12.767 0.039
3152.8756 12.838 0.071
3156.78309 13.04 0.031
3159.77239 12.891 0.056
3163.85252 12.557 0.033
3166.79434 12.618 0.027
3169.76606 12.724 0.03
3172.80959 12.78 0.058
3176.77281 12.652 0.03
3177.77772 12.419 0.047
3179.77994 12.605 0.031
3182.78593 12.631 0.051
3185.73021 12.675 0.036
3187.76866 12.595 0.033
3191.7778 12.386 0.044
3266.59062 12.439 0.02
3274.56643 12.352 0.043
3280.61794 12.729 0.045
3281.70958 12.623 0.04
3292.57104 13.242 0.053
3294.49829 13.043 0.024
3356.52483 12.526 0.049
3450.90402 12.612 0.052
3450.90402 12.622 0.046
3454.89134 12.476 0.074
3458.88878 12.592 0.04
3470.89213 12.626 0.037
3474.88441 13.263 0.045
3478.86918 12.642 0.046
3481.88926 12.614 0.046
3497.84669 12.725 0.045
3508.917 12.705 0.027
3511.86678 12.614 0.031
3516.85089 12.633 0.044
3520.88681 12.693 0.051
3523.82623 13.09 0.055
3526.80807 12.692 0.034
3528.87217 12.593 0.047
3538.83509 12.573 0.028
3547.8152 12.964 0.066
3551.80561 12.957 0.053
3554.7911 12.476 0.039
3558.75181 13.359 0.043
3560.77399 12.616 0.044
3562.87403 12.707 0.028
3564.76613 13.066 0.028
3569.75583 12.797 0.028
3574.7429 12.551 0.039
3576.76092 12.588 0.034
3579.82513 12.737 0.029
3580.67941 12.889 0.05
3580.67941 12.904 0.041
3585.80331 12.484 0.034
3587.82519 12.799 0.035
3590.64851 12.888 0.032
3592.69355 12.539 0.036
3596.68553 12.726 0.033
3602.66466 12.427 0.043
3616.67815 12.536 0.033
3619.58225 12.66 0.038
3621.64113 12.782 0.059
3624.65129 12.811 0.029
3629.5903 12.691 0.044
3631.588 13.263 0.045
3641.66423 12.756 0.031
3643.71074 12.814 0.044
3646.71043 12.771 0.028
3649.59018 12.453 0.037
3651.61818 12.91 0.032
3657.52397 12.762 0.043
3659.57414 12.719 0.038
3661.59455 12.732 0.041
3663.60061 12.478 0.037
3665.62936 12.949 0.034
3669.59037 12.464 0.028
3671.63022 12.81 0.027
3673.63893 12.766 0.028
3676.56947 12.8 0.027
3679.52634 12.515 0.051
3701.54588 12.783 0.044
3704.53854 12.58 0.038
3711.54487 12.834 0.036
3714.54356 12.766 0.04
3718.52526 12.511 0.05
3816.9055 12.907 0.049
3821.9007 13.256 0.047
3825.902 12.637 0.071
3829.891 12.796 0.047
3833.88982 12.575 0.063
3849.87229 12.743 0.035
3852.90724 12.709 0.048
3859.90041 12.53 0.039
3862.88637 12.518 0.032
3865.87913 12.8 0.033
3868.85163 12.803 0.045
3870.88648 13.023 0.042
3875.91485 12.668 0.047
3882.88758 13.132 0.042
3886.88879 12.598 0.033
3889.82614 12.641 0.033
3892.76193 12.733 0.032
3894.79945 12.554 0.031
3897.86063 12.225 0.061
3902.84167 12.524 0.037
3905.77947 12.558 0.039
3907.8846 12.961 0.033
4191.88063 12.43 0.043
4194.8988 12.719 0.041
4204.88091 12.814 0.04
4231.83628 12.504 0.036
4234.86399 12.563 0.04
4247.85133 12.491 0.045
4253.84646 12.448 0.043
4258.86915 12.339 0.036
4272.78228 12.922 0.032
4274.80693 12.418 0.036
4277.75455 12.517 0.03
4281.78751 12.795 0.068
4285.7963 12.607 0.062
4289.78795 12.922 0.043
4291.78927 12.558 0.032
4293.77642 12.444 0.031
4295.79245 12.838 0.033
4299.76754 12.608 0.053
4303.73625 12.456 0.034
4305.72064 12.919 0.05
4307.70237 12.643 0.05
4312.72364 12.52 0.051
4315.72106 12.661 0.05
4329.70299 12.607 0.043
4331.66196 12.477 0.041
4333.63261 12.673 0.036
4336.60579 12.532 0.065
4340.64507 12.812 0.052
4341.82444 13.098 0.045
4343.79101 12.547 0.045
4345.79416 13.121 0.04
4348.56723 12.714 0.048
4350.60529 12.567 0.045
4352.6153 12.428 0.034
4354.71209 12.604 0.031
4356.75165 12.619 0.037
4359.52958 12.515 0.043
4361.58012 12.77 0.029
4363.57776 12.404 0.031
4367.57733 12.82 0.048
4369.61305 12.476 0.049
4371.63513 12.99 0.044
4373.64807 12.659 0.042
4376.63958 12.76 0.033
4378.65904 12.464 0.043
4380.69861 12.565 0.044
4382.7224 12.54 0.037
4385.57634 12.47 0.029
4387.58189 12.622 0.037
4389.56786 12.713 0.038
4400.58016 12.746 0.056
4403.59883 12.7 0.033
4407.59302 12.664 0.04
4409.60974 12.714 0.034
4413.56627 12.461 0.029
4422.54714 13.467 0.035
4426.59072 13.004 0.07
4429.5583 12.594 0.045
4432.55767 12.463 0.032
4435.55268 12.601 0.034
4438.54809 12.564 0.042
4441.5418 12.867 0.042
4449.52666 12.544 0.042
4559.89833 12.37 0.037
4563.89612 12.608 0.035
4567.88358 12.679 0.042
4571.88059 13.112 0.035
4574.89907 13.062 0.038
