1872.50985 11.09 0.035
1874.51576 10.935 0.027
1878.52257 11.035 0.032
1886.52984 10.928 0.026
1907.52552 11.063 0.036
1978.91032 11.025 0.05
1984.89912 11.115 0.038
1994.89848 11.003 0.043
1996.89256 11.176 0.043
1998.88467 10.996 0.041
2000.88754 11.011 0.047
2008.87057 11.037 0.05
2009.89083 11.794 0.048
2016.84598 11.877 0.044
2025.85111 10.936 0.022
2026.90791 11.061 0.028
2030.8507 11.041 0.023
2033.81453 10.929 0.023
2034.90242 11.124 0.049
2039.81415 10.912 0.032
2040.76248 11.029 0.038
2052.8126 10.94 0.023
2053.83064 11.032 0.024
2054.82708 11.698 0.028
2055.83284 11.165 0.031
2056.81895 11.038 0.024
2057.81342 10.947 0.024
2058.83171 10.944 0.025
2061.85236 11.331 0.028
2064.8693 10.926 0.034
2067.69172 10.937 0.036
2068.70827 11.047 0.036
2069.71898 11.153 0.028
2080.70993 11.009 0.023
2081.82853 11.042 0.027
2085.7056 10.98 0.025
2086.76533 11.057 0.026
2087.754 11.471 0.033
2088.74833 11.15 0.02
2093.66557 10.95 0.03
2094.6702 11.01 0.027
2096.6582 11.85 0.037
2103.72903 10.971 0.025
2104.71658 10.925 0.021
2105.71152 10.946 0.022
2106.71364 11.06 0.022
2114.72838 11.1 0.025
2115.70651 11.203 0.025
2116.68186 11.014 0.022
2117.6778 10.956 0.024
2128.65454 11.145 0.027
2129.65795 11.058 0.023
2130.6573 10.93 0.02
2131.64773 10.933 0.021
2132.65608 10.987 0.022
2133.64782 11.057 0.018
2134.65216 11.836 0.02
2135.64473 11.096 0.023
2136.64415 11.013 0.021
2140.62464 11.037 0.034
2141.63359 11.803 0.023
2143.62915 10.996 0.025
2145.61732 10.941 0.022
2151.60235 10.919 0.039
2156.60279 11.002 0.036
2167.54711 11.358 0.03
2168.58522 11.151 0.028
2171.52662 11.039 0.037
2172.56757 11.055 0.028
2173.56325 11.129 0.029
2175.5468 11.192 0.036
2177.51364 10.936 0.036
2178.52287 11.032 0.03
2178.54418 10.923 0.028
2179.5447 11.067 0.029
2180.5471 11.188 0.031
2183.54211 11.035 0.034
2185.53525 11.023 0.031
2185.53924 10.943 0.029
2189.52228 11.069 0.029
2189.5837 10.946 0.029
2191.5887 11.038 0.028
2193.52383 11.39 0.03
2193.55692 11.845 0.03
2195.5157 11.246 0.03
2195.54689 10.99 0.026
2197.5275 11.043 0.032
2197.56068 10.951 0.031
2199.52862 11.12 0.029
2199.54369 11.071 0.031
2202.53195 11.043 0.043
2204.5061 11.043 0.029
2204.51448 10.93 0.028
2206.51569 11.224 0.031
2206.5218 11.113 0.031
2212.49734 11.113 0.032
2212.517 11.248 0.03
2214.55335 10.978 0.034
2216.54522 11.036 0.03
2217.51472 10.934 0.042
2221.52215 10.968 0.032
2222.50262 11.005 0.033
2225.51038 11.038 0.032
2225.55235 11.239 0.033
2227.56057 11.03 0.032
2229.50372 10.896 0.033
2233.52019 11.099 0.033
2233.55966 11.047 0.031
2235.54415 11.018 0.033
2236.52162 10.941 0.034
2237.5663 11.223 0.035
2240.57335 11.055 0.035
2242.51127 10.917 0.047
2245.52252 11.826 0.038
2250.54805 11.679 0.04
2254.53161 10.993 0.035
2443.76089 11.862 0.023
2445.7539 10.982 0.021
2446.7688 10.901 0.025
2452.69176 11.083 0.033
2460.89147 11.542 0.026
2464.72117 11.205 0.028
2465.71799 10.99 0.03
2466.71763 10.906 0.029
2467.71473 10.956 0.026
2470.66364 11.115 0.029
2473.67838 10.967 0.033
2482.67653 11.087 0.039
2486.62908 10.991 0.036
2486.67201 10.95 0.04
2487.6664 10.955 0.046
2489.61206 11.03 0.052
2490.66365 11.527 0.038
2494.65908 11.032 0.031
2498.64513 10.996 0.03
2501.64899 11.036 0.03
2502.64915 11.76 0.035
2508.72325 11.088 0.027
2512.56487 11.041 0.043
2520.65689 11.04 0.019
2521.65885 11.852 0.028
2523.78881 11.038 0.025
2526.5635 10.931 0.029
2540.68189 11.862 0.024
2544.67051 10.955 0.024
2545.70471 11.367 0.019
2552.69237 11.751 0.026
2554.57862 11.549 0.043
2556.60606 11.033 0.041
2558.55885 10.944 0.03
2559.56729 10.965 0.023
2560.57706 11.026 0.026
2561.57975 11.862 0.024
2563.61116 10.972 0.025
2564.61794 10.979 0.024
2565.64361 11.087 0.024
2566.65394 11.952 0.029
2577.68771 11.064 0.046
2579.50844 10.874 0.038
2620.52713 11.293 0.025
2620.52993 11.301 0.024
2622.56181 10.962 0.03
2627.52388 11.055 0.034
2629.54297 10.955 0.026
2634.53297 10.995 0.035
2637.53124 11.143 0.023
2641.52747 10.951 0.047
2704.9014 10.969 0.028
2711.90617 11.001 0.031
2714.90054 11.3 0.027
2723.87721 10.925 0.023
2727.90822 11.055 0.039
2730.88404 10.956 0.023
2734.86512 11.065 0.024
2737.86715 10.97 0.038
2740.85941 11.541 0.023
2743.85949 10.947 0.024
2747.90777 10.962 0.051
2751.82455 10.994 0.033
2754.89969 10.958 0.021
2756.91322 11.019 0.023
2759.88581 11.233 0.03
2761.87396 10.905 0.034
2763.85522 10.968 0.024
2769.89996 11.206 0.042
2769.89996 11.299 0.042
2776.77592 10.969 0.034
2782.92166 11.147 0.035
2784.85323 11.14 0.031
2786.82206 11.075 0.031
2808.84472 10.975 0.036
2810.7575 10.995 0.03
2814.85945 11.021 0.022
2815.87935 11.176 0.036
2818.87737 10.98 0.023
2819.80515 10.986 0.034
2821.82288 10.973 0.032
2826.80187 10.941 0.029
2831.88877 10.976 0.029
2832.68632 11.759 0.031
2838.84303 10.946 0.029
2838.87265 10.923 0.035
2840.89428 11.812 0.031
2841.69298 10.94 0.029
2843.71317 11.017 0.043
2845.83641 10.899 0.021
2853.80406 10.974 0.038
2854.58715 11.024 0.022
2856.8276 11.029 0.025
2859.86251 11.448 0.021
2860.70402 10.917 0.037
2861.8039 11.814 0.034
2862.75297 11.127 0.028
2866.69266 10.956 0.036
2867.75019 10.956 0.035
2871.79274 10.956 0.03
2874.63531 10.989 0.03
2876.6496 11.016 0.032
2878.65384 11.122 0.053
2883.58586 10.981 0.026
2883.63787 11.136 0.029
2884.74303 10.967 0.024
2884.80443 10.95 0.027
2886.60658 10.991 0.036
2888.62932 10.981 0.023
2888.64787 10.958 0.035
2892.62953 10.986 0.027
2892.6486 10.967 0.042
2895.67895 11.08 0.023
2895.69549 11.139 0.032
2896.81742 10.924 0.045
2897.69282 10.991 0.025
2898.65719 10.929 0.032
2899.66257 10.922 0.028
2900.62876 10.923 0.029
2902.7998 10.944 0.025
2905.57805 11.18 0.031
2906.75207 11.399 0.026
2907.74922 11.132 0.026
2909.67155 11.094 0.025
2909.69043 11.069 0.032
2911.63212 10.982 0.023
2911.65347 10.923 0.03
2912.79226 11.109 0.035
2913.6147 10.955 0.039
2915.56642 10.997 0.044
2916.58262 11.132 0.023
2916.62304 11.174 0.041
2917.71008 10.91 0.028
2917.7207 10.917 0.027
2921.62628 11.073 0.032
2921.63975 11.085 0.045
2923.61178 11.059 0.028
2923.62177 11.088 0.032
2926.6177 10.928 0.029
2928.60762 11.115 0.024
2928.61753 11.144 0.022
2930.6039 11.032 0.022
2930.61428 11.029 0.024
2932.60785 10.93 0.024
2934.59242 11.076 0.021
2934.60235 11.149 0.024
2939.59661 10.947 0.025
2939.60655 10.967 0.021
2943.54456 11.692 0.025
2943.56355 11.314 0.04
2945.55041 10.945 0.027
2945.56025 10.98 0.041
2947.59439 11.069 0.024
2949.6283 11.064 0.028
2949.63654 11.009 0.03
2951.64649 10.959 0.031
2953.65816 11.786 0.034
2956.57273 11.011 0.024
2957.6559 10.966 0.024
2958.57149 10.952 0.022
2960.57515 11.174 0.023
2964.55683 10.942 0.021
2965.52604 10.941 0.025
2969.55108 11.156 0.023
2972.53239 10.915 0.038
2972.58828 11.024 0.024
2975.54319 11.112 0.032
2975.5486 11.071 0.027
2977.58187 10.95 0.024
2979.54451 11.02 0.031
2982.53383 11.102 0.032
2982.57669 10.933 0.04
2984.58242 10.953 0.027
2987.52536 11.111 0.028
2990.5493 10.896 0.024
2993.5408 11.568 0.025
2996.54174 10.995 0.025
3000.53289 11.973 0.025
3070.90267 11.094 0.037
3074.90394 11.02 0.037
3082.90105 11.569 0.031
3087.90965 11.396 0.031
3091.90049 10.963 0.028
3098.89327 10.943 0.031
3106.90594 11.27 0.037
3109.89599 10.971 0.026
3113.87547 11.392 0.026
3118.92038 11.153 0.024
3126.87762 11.148 0.04
3130.84763 11.021 0.058
3133.85729 11.157 0.029
3151.85712 11.131 0.04
3152.90434 11.099 0.048
3159.80969 11.183 0.045
3162.8685 10.965 0.048
3165.80644 11.151 0.04
3175.84903 10.935 0.037
3182.75339 10.947 0.047
3183.76944 10.927 0.029
3185.81889 11.116 0.028
3187.80561 10.952 0.027
3190.75995 10.97 0.038
3194.84986 10.934 0.033
3194.85227 10.925 0.028
3357.54431 11.055 0.028
3357.54759 11.003 0.025
3434.9002 10.965 0.029
3444.90748 11.113 0.04
3450.90316 11.928 0.04
3454.8905 11.077 0.038
3455.89382 11.157 0.034
3458.87061 11.13 0.036
3459.88451 10.95 0.03
3463.89106 11.248 0.035
3463.89381 11.146 0.034
3467.87531 11.036 0.03
3467.88194 10.968 0.028
3471.87595 11.08 0.027
3471.87876 11.013 0.03
3475.86717 11.11 0.049
3475.86987 11.101 0.046
3478.89737 10.994 0.053
3481.86419 11.191 0.037
3481.87617 11.217 0.041
3489.87002 11.233 0.045
3491.84648 10.962 0.049
3492.87293 11.007 0.035
3497.83459 11.123 0.031
3500.91877 11.806 0.03
3504.8351 10.944 0.039
3508.93256 11.074 0.025
3509.86794 11.073 0.023
3511.85135 11.018 0.025
3512.82455 10.921 0.029
3516.86345 11.092 0.051
3517.80807 10.973 0.028
3521.83815 11.854 0.034
3523.83028 11.03 0.045
3524.81598 10.976 0.035
3526.81144 11.08 0.028
3528.86339 11.184 0.036
3530.878 10.932 0.05
3538.83793 11.055 0.024
3540.85475 11.787 0.047
3543.76532 11.127 0.033
3544.80102 10.97 0.033
3547.86531 11.075 0.037
3550.83436 11.003 0.029
3551.83314 10.997 0.03
3551.8523 11.047 0.03
3554.80145 11.632 0.029
3556.84311 10.932 0.026
3558.75371 10.941 0.035
3560.79252 11.143 0.039
3563.71648 11.04 0.024
3564.74146 11.031 0.024
3568.80812 10.967 0.026
3570.72356 10.953 0.027
3573.74644 11.561 0.03
3575.76995 10.977 0.023
3577.79337 11.0 0.031
3581.81902 10.972 0.033
3581.82246 10.95 0.036
3584.65909 10.953 0.027
3586.70335 11.065 0.025
3588.74635 11.011 0.031
3590.82531 11.282 0.038
3591.63882 10.934 0.026
3596.74665 10.942 0.027
3597.68396 10.958 0.024
3599.78796 11.219 0.029
3600.84384 11.002 0.041
3601.79123 10.946 0.034
3602.72164 10.91 0.032
3603.80303 11.068 0.028
3615.78161 10.958 0.042
3615.78542 10.943 0.041
3618.57896 10.963 0.033
3620.61794 11.56 0.025
3622.66185 10.979 0.024
3622.69806 10.936 0.024
3625.69008 11.735 0.032
3625.70755 11.837 0.044
3628.64006 11.013 0.029
3628.65772 10.999 0.028
3630.69391 11.009 0.038
3630.70377 11.04 0.03
3632.72122 11.364 0.036
3634.76015 10.922 0.033
3634.77981 10.93 0.031
3637.74023 11.892 0.031
3637.76105 11.904 0.03
3640.71412 10.935 0.026
3640.73349 11.03 0.026
3642.73219 11.089 0.026
3642.78966 11.685 0.034
3643.53324 10.985 0.032
3646.57864 11.377 0.022
3646.60965 11.849 0.037
3649.55449 10.983 0.03
3651.49717 10.93 0.036
3651.58796 10.987 0.044
3653.53352 11.173 0.032
3653.56631 11.867 0.046
3655.5582 11.024 0.026
3655.5801 10.981 0.036
3657.61197 11.01 0.025
3657.62271 10.996 0.031
3659.64389 11.085 0.03
3659.65977 11.058 0.031
3661.66309 10.989 0.033
3662.52335 11.15 0.037
3663.67528 11.308 0.035
3664.54688 10.95 0.026
3665.72332 10.952 0.029
3666.6375 11.015 0.024
3668.65896 11.026 0.025
3669.64831 11.071 0.022
3670.54216 10.961 0.024
3672.53379 11.226 0.024
3672.59579 11.896 0.028
3674.63183 10.923 0.03
3675.54648 10.977 0.025
3676.66546 11.118 0.031
3678.53793 11.039 0.024
3680.5131 11.136 0.022
3700.55481 11.017 0.031
3700.56339 10.976 0.029
3703.54541 11.047 0.029
3703.55405 11.074 0.026
3706.53988 11.079 0.038
3706.5486 11.042 0.038
3711.52336 11.163 0.026
3711.52669 11.156 0.025
3713.54878 10.942 0.028
3715.52724 10.925 0.036
3716.55511 11.103 0.029
3719.55726 11.016 0.044
3722.54086 11.009 0.033
3725.54904 11.007 0.045
3728.54554 11.005 0.036
3733.52847 10.961 0.032
3800.89949 11.134 0.036
3804.90539 11.105 0.05
3808.90573 10.969 0.04
3812.91067 11.125 0.038
3813.90176 11.145 0.038
3816.90416 10.955 0.035
3817.8878 11.088 0.038
3820.90614 11.008 0.036
3821.89069 10.977 0.039
3824.8953 11.141 0.041
3825.89362 11.555 0.054
3828.89305 10.928 0.038
3829.88043 11.008 0.044
3832.8757 11.268 0.032
3833.8778 11.147 0.044
3836.87663 10.954 0.039
3848.92317 10.941 0.05
3849.84214 11.037 0.045
3851.89108 11.277 0.046
3852.88553 11.086 0.038
3856.8453 11.216 0.037
3859.88861 11.023 0.037
3861.90856 11.067 0.028
3864.82668 11.158 0.033
3865.87051 11.074 0.032
3867.82659 10.924 0.032
3868.84551 11.075 0.037
3870.8104 11.406 0.033
3870.87301 11.622 0.034
3872.86489 11.039 0.039
3872.87073 11.031 0.029
3880.85256 11.021 0.028
3886.8945 10.974 0.028
3887.83054 11.053 0.027
3889.82907 11.765 0.028
3892.76473 11.015 0.028
3892.81405 11.052 0.028
3894.78361 11.022 0.026
3894.80221 10.981 0.027
3900.78177 11.006 0.035
3900.79101 10.929 0.038
3902.84781 11.206 0.028
3902.85405 11.118 0.026
3905.78173 11.0 0.028
3907.83379 11.098 0.025
3908.76498 10.997 0.025
3912.80845 10.937 0.022
3981.62207 11.051 0.025
4091.53206 10.996 0.039
4177.90099 10.985 0.054
4185.88429 11.067 0.04
4189.90816 11.027 0.031
4192.90833 11.346 0.032
4203.90687 11.046 0.035
4207.92276 10.968 0.035
4208.91607 11.018 0.051
4215.91028 11.002 0.054
4227.86687 11.04 0.029
4230.85284 11.042 0.043
4247.83997 11.028 0.039
4250.85611 11.451 0.035
4253.86522 11.044 0.035
4254.74038 11.283 0.041
4256.83225 11.109 0.028
4258.76686 11.096 0.028
4272.78564 11.162 0.031
4274.79385 11.029 0.028
4277.7384 11.065 0.028
4277.75725 11.049 0.048
4281.7742 10.93 0.047
4283.80919 11.701 0.033
4285.80108 11.103 0.033
4285.81485 11.015 0.035
4289.79262 11.136 0.033
4291.79389 11.122 0.032
4291.81136 11.036 0.025
4293.78098 11.014 0.033
4293.79595 10.94 0.026
4295.79694 11.144 0.037
4295.8128 11.19 0.043
4297.83808 10.983 0.035
4299.772 11.082 0.035
4299.78845 10.927 0.026
4301.7403 10.981 0.029
4303.73158 11.132 0.038
4303.74409 11.053 0.035
4305.72244 11.15 0.033
4305.73099 11.044 0.038
4307.6821 11.041 0.029
4307.70354 10.96 0.027
4311.71482 11.864 0.053
4311.72672 11.555 0.042
4314.75829 11.005 0.03
4314.76892 11.035 0.04
4317.64874 11.103 0.026
4317.65379 11.048 0.047
4329.68915 11.063 0.039
4330.64471 11.171 0.046
4331.67288 11.062 0.038
4332.65115 11.329 0.025
4333.63344 11.027 0.041
4334.64401 11.037 0.03
4336.60667 10.955 0.031
4338.73403 10.999 0.028
4339.81269 11.029 0.042
4344.73793 11.008 0.044
4350.81263 10.936 0.031
4351.74502 10.988 0.049
4353.5967 11.022 0.025
4354.62276 11.025 0.039
4355.67378 11.083 0.027
4356.64994 11.725 0.031
4357.70795 11.012 0.032
4358.67966 11.047 0.03
4359.74269 10.994 0.042
4362.5497 10.915 0.027
4362.79206 11.04 0.03
4364.57552 11.121 0.029
4364.65944 11.096 0.026
4368.65451 11.173 0.032
4369.67886 11.214 0.039
4372.66235 10.981 0.035
4373.70994 11.124 0.03
4375.65942 11.746 0.03
4376.70194 11.087 0.031
4377.70111 10.946 0.045
4379.72638 11.011 0.032
4382.55792 11.014 0.026
4384.59198 11.214 0.027
4386.62146 10.969 0.024
4388.59748 11.02 0.026
4389.64372 11.55 0.037
4392.56117 11.031 0.035
4398.70398 10.966 0.046
4403.67514 10.928 0.036
4407.67332 11.152 0.035
4410.58379 11.083 0.024
4413.62413 11.184 0.027
4419.59353 11.007 0.037
4422.57689 11.562 0.027
4426.57807 10.993 0.042
4428.62126 11.016 0.042
4431.54596 10.984 0.03
4433.60767 11.05 0.028
4436.57312 10.966 0.034
4439.56336 11.012 0.05
4443.55149 10.997 0.032
4449.5591 10.998 0.029
4457.52794 10.95 0.036
4540.89937 11.059 0.046
4552.8878 10.979 0.037
4560.87275 11.138 0.035
4561.87322 11.54 0.028
4564.86828 11.039 0.029
4568.86806 11.914 0.044
4569.88982 10.982 0.03
4572.85166 11.011 0.036
