1873.52438 13.603 0.034
1981.90114 12.978 0.039
2025.82469 13.713 0.028
2026.90468 14.372 0.029
2030.86586 13.647 0.029
2032.82545 13.445 0.026
2033.87285 14.006 0.026
2039.82276 14.326 0.037
2040.78379 13.626 0.042
2052.81047 14.117 0.028
2053.82853 13.748 0.031
2054.82503 13.811 0.03
2055.80914 13.743 0.03
2056.81254 14.182 0.029
2057.8115 13.607 0.03
2058.81832 13.844 0.032
2061.83366 13.631 0.028
2064.85412 14.022 0.039
2067.70856 13.887 0.038
2080.70671 13.732 0.028
2081.79558 13.625 0.028
2082.76456 13.925 0.028
2083.79647 13.868 0.071
2087.74204 13.808 0.034
2088.73635 13.947 0.031
2093.67186 14.138 0.038
2103.71263 13.26 0.029
2104.70738 13.279 0.029
2105.7024 13.349 0.03
2106.69993 13.268 0.027
2114.71939 13.006 0.026
2115.69754 13.096 0.027
2116.67297 12.817 0.027
2117.66434 12.913 0.03
2128.63187 13.101 0.03
2129.64923 13.273 0.026
2129.64923 13.29 0.026
2130.64852 13.108 0.03
2131.64569 13.311 0.028
2134.6434 13.297 0.027
2135.63373 13.173 0.034
2136.6355 13.18 0.027
2140.62254 13.252 0.04
2141.62489 13.289 0.031
2143.62043 13.397 0.03
2144.61308 13.195 0.03
2145.6086 13.398 0.028
2167.55121 13.48 0.034
2168.57802 13.419 0.033
2172.56261 13.554 0.033
2173.56051 13.751 0.033
2173.56051 13.809 0.033
2183.50709 13.842 0.035
2185.52782 13.437 0.036
2187.5319 14.002 0.034
2189.51928 13.855 0.035
2191.57508 13.776 0.033
2193.54553 14.117 0.034
2197.54915 14.147 0.032
2212.52082 13.741 0.036
2217.51839 13.895 0.033
2236.5178 14.126 0.035
2242.51401 13.421 0.045
2443.75753 13.643 0.02
2446.75553 13.495 0.026
2464.73192 13.429 0.027
2464.73192 13.452 0.025
2467.70309 13.583 0.02
2468.72198 13.789 0.029
2468.72198 13.808 0.026
2490.64775 13.874 0.034
2490.67524 13.677 0.033
2490.67524 13.699 0.031
2499.63407 13.555 0.024
2501.63342 13.778 0.021
2520.69056 13.098 0.02
2521.69984 13.087 0.019
2524.64372 12.831 0.023
2526.66023 13.071 0.027
2529.59676 12.722 0.051
2540.67205 13.153 0.028
2544.6606 13.503 0.021
2545.69475 13.5 0.024
2558.55116 13.35 0.019
2578.54545 13.754 0.024
2579.5517 13.508 0.024
2732.88885 14.092 0.026
2755.83322 13.889 0.022
2757.86598 14.095 0.025
2765.78502 13.956 0.024
2769.89719 12.881 0.08
2783.76466 14.283 0.029
2783.78405 13.949 0.028
2786.82917 12.987 0.023
2790.84277 12.914 0.028
2809.83465 13.462 0.025
2811.75133 13.186 0.03
2812.85683 14.01 0.038
2816.84578 13.73 0.026
2831.69368 13.476 0.027
2840.76648 13.671 0.042
2840.76648 13.684 0.041
2843.7018 13.444 0.024
2853.62158 13.735 0.029
2853.63919 13.658 0.027
2853.63919 13.669 0.026
2858.64974 13.882 0.024
2859.71705 13.619 0.024
2865.76485 14.998 0.043
2875.75583 14.06 0.02
2877.71475 13.922 0.023
2884.74357 13.934 0.028
2895.74471 13.257 0.029
2897.74835 12.853 0.026
2899.705 13.499 0.022
2902.53488 13.565 0.022
2907.74447 13.015 0.025
2909.68563 12.99 0.023
2911.64862 13.723 0.021
2913.63158 13.792 0.036
2922.64228 12.972 0.035
2924.64843 13.582 0.038
2927.64161 13.031 0.031
2929.64749 13.06 0.025
2931.65235 13.197 0.027
2933.64311 13.224 0.027
2933.64311 13.299 0.027
2935.63787 13.267 0.028
2940.64024 13.17 0.026
2946.52436 13.037 0.027
2948.59374 12.926 0.058
2951.53364 13.301 0.033
2955.58298 13.566 0.03
2957.58195 13.169 0.034
2961.57688 13.545 0.03
2964.53488 13.313 0.03
2966.55395 13.566 0.028
2968.56418 13.223 0.03
2973.53524 13.486 0.033
2977.54637 13.594 0.037
3091.90622 13.334 0.046
3099.87618 13.51 0.057
3126.91537 13.751 0.045
3130.86493 13.865 0.04
3154.75494 14.137 0.036
3164.8655 13.912 0.03
3170.80025 13.699 0.036
3179.82768 12.906 0.034
3182.79883 13.66 0.05
3266.59317 13.486 0.021
3279.54072 14.032 0.032
3454.89378 13.76 0.056
3458.89119 13.626 0.04
3470.887 12.815 0.038
3474.8786 13.358 0.045
3478.86322 12.911 0.052
3497.84431 13.184 0.057
3509.85331 13.567 0.049
3512.80725 13.489 0.042
3516.72203 13.447 0.058
3520.9199 13.456 0.045
3523.81614 13.764 0.042
3526.8184 13.769 0.032
3529.80364 13.714 0.067
3539.73602 14.019 0.033
3551.80844 14.615 0.039
3558.74154 14.0 0.045
3560.75995 13.702 0.039
3562.86179 13.981 0.035
3564.75873 13.846 0.029
3569.78317 13.515 0.031
3576.75854 13.867 0.03
3579.82266 13.113 0.028
3583.74549 14.148 0.043
3585.78278 13.429 0.037
3587.811 12.827 0.034
3590.63757 13.924 0.03
3590.87785 13.601 0.032
3592.68507 13.869 0.039
3596.66135 13.797 0.035
3617.65 12.761 0.042
3619.73066 12.909 0.037
3622.54808 13.604 0.042
3629.59295 13.105 0.047
3631.59063 12.886 0.046
3633.62718 13.213 0.036
3638.7135 13.564 0.031
3641.66682 13.716 0.03
3643.71327 13.627 0.046
3646.71299 13.521 0.032
3649.59356 13.051 0.041
3651.62154 13.389 0.035
3657.53431 13.429 0.04
3659.58512 13.532 0.045
3661.60541 13.461 0.042
3663.61461 14.004 0.04
3665.65138 13.676 0.036
3669.60096 13.75 0.029
3671.64247 13.911 0.03
3674.58993 13.916 0.031
3676.61362 14.119 0.031
3704.54388 13.905 0.038
3815.90634 13.071 0.061
3821.9066 13.65 0.046
3829.89694 13.5 0.042
3833.89228 13.782 0.05
3849.87738 13.929 0.036
3853.85514 13.598 0.039
3853.85514 13.651 0.039
3861.85 13.612 0.037
3864.83907 13.982 0.039
3866.89965 12.905 0.04
3871.88987 12.816 0.047
3875.91244 12.989 0.043
3879.86463 12.925 0.078
3882.86974 13.06 0.044
3887.83412 13.321 0.032
3892.80831 13.208 0.042
3894.79715 12.988 0.033
3902.8393 13.643 0.042
3904.86397 13.809 0.041
3907.75987 13.369 0.037
3909.86933 14.034 0.042
3913.82144 13.151 0.04
3981.60083 13.662 0.039
4181.90107 12.953 0.073
4185.90263 13.245 0.052
4191.88307 13.075 0.06
4194.90199 13.382 0.043
4235.85365 13.543 0.034
4247.84328 13.778 0.054
4272.77177 14.317 0.035
4274.78819 13.48 0.032
4285.79153 13.172 0.047
4289.7832 13.203 0.043
4291.78452 12.886 0.032
4293.77165 12.725 0.048
4295.78168 13.023 0.041
4297.80263 14.596 0.063
4299.76525 13.153 0.039
4301.7107 13.098 0.045
4303.71402 12.92 0.043
4305.70438 12.722 0.03
4307.687 13.089 0.034
4312.74936 13.667 0.06
4315.74665 13.334 0.052
4330.6408 13.043 0.03
4332.64979 13.331 0.037
4334.63988 13.259 0.037
4340.65091 13.348 0.078
4342.64366 13.35 0.047
4344.64411 13.775 0.051
4346.64126 13.358 0.045
4348.64749 13.539 0.034
4350.6545 13.537 0.042
4353.5795 13.242 0.032
4355.66038 13.439 0.033
4357.68819 13.784 0.043
4362.53796 13.176 0.032
4367.57497 14.071 0.045
4369.61056 14.34 0.051
4371.63277 13.872 0.044
4373.64556 13.741 0.042
4376.63709 14.155 0.033
4378.65664 14.047 0.051
4383.57305 13.713 0.031
4385.61289 13.513 0.033
4387.6261 14.264 0.031
4404.60794 13.409 0.036
4408.54678 14.18 0.05
4411.57032 13.886 0.035
4422.55817 14.42 0.039
4427.56203 13.685 0.057
4431.52563 14.305 0.048
4437.5269 13.103 0.049
4440.53138 12.865 0.033
4559.89568 13.613 0.037
4563.89346 13.055 0.035
4567.88101 12.829 0.038
4571.87798 13.28 0.038
4574.88851 12.938 0.039
