1874.51894 13.04 0.033
1995.90919 12.957 0.057
1997.90877 12.752 0.052
2019.84955 13.135 0.055
2025.87203 12.998 0.026
2030.89936 12.8 0.028
2040.82638 13.833 0.039
2052.83606 13.171 0.029
2053.85465 12.866 0.03
2056.83877 13.065 0.03
2057.84232 12.942 0.028
2058.84922 12.916 0.034
2067.75388 13.167 0.036
2068.7528 13.027 0.034
2080.74443 13.116 0.033
2082.7889 12.825 0.032
2088.76718 13.053 0.028
2093.70525 12.687 0.035
2094.71276 12.593 0.031
2103.75155 12.743 0.029
2104.72945 12.97 0.032
2105.72442 13.001 0.03
2106.72662 12.818 0.031
2114.73264 12.911 0.028
2115.71525 12.716 0.03
2116.69744 13.198 0.029
2117.69113 12.885 0.033
2129.67176 12.86 0.03
2130.67107 13.028 0.03
2131.66156 12.816 0.03
2132.66763 13.196 0.029
2133.65941 12.91 0.03
2134.66373 12.789 0.029
2135.65643 12.791 0.032
2135.65862 12.699 0.03
2136.65586 13.236 0.031
2140.64007 13.137 0.037
2141.64311 13.137 0.03
2141.64537 12.754 0.034
2143.63874 12.721 0.027
2144.63249 12.954 0.029
2145.62691 12.722 0.032
2145.62914 13.202 0.031
2167.57106 12.63 0.033
2171.55164 12.848 0.045
2175.56062 12.589 0.037
2183.52869 12.656 0.036
2187.5199 12.697 0.034
2202.53199 12.945 0.045
2214.56768 12.909 0.037
2217.52183 13.331 0.032
2221.53149 13.142 0.028
2225.52661 12.926 0.035
2227.51584 12.814 0.036
2229.50819 13.324 0.035
2237.52361 13.137 0.036
2439.79267 12.989 0.021
2440.79175 12.99 0.021
2442.79125 12.867 0.041
2442.79125 13.053 0.041
2443.78893 13.114 0.017
2444.78354 12.944 0.021
2445.77458 12.832 0.022
2446.78732 13.09 0.023
2460.68464 12.906 0.02
2468.72854 13.176 0.027
2468.72854 13.183 0.031
2470.69696 12.909 0.025
2473.69602 12.979 0.033
2473.69602 12.983 0.035
2486.68783 12.731 0.041
2487.68894 12.807 0.052
2489.65137 13.022 0.03
2493.67072 12.767 0.032
2494.67058 12.705 0.029
2495.66936 12.957 0.032
2497.66907 12.641 0.024
2497.66907 13.073 0.024
2498.65901 12.647 0.025
2499.65818 12.806 0.023
2501.65619 12.898 0.026
2502.65861 12.546 0.037
2520.66217 13.114 0.021
2521.66411 12.962 0.021
2526.5834 12.826 0.023
2544.63081 13.452 0.024
2545.6701 13.246 0.023
2556.58564 12.749 0.042
2565.57377 12.927 0.028
2566.59068 12.81 0.029
2578.60043 12.841 0.028
2579.59982 12.517 0.03
2729.9092 13.328 0.032
2737.8987 13.073 0.029
2740.90096 12.955 0.031
2743.8943 13.039 0.027
2756.86178 12.934 0.029
2759.89977 13.115 0.028
2770.86166 13.316 0.03
2776.81652 12.594 0.034
2784.86623 12.834 0.023
2786.84638 13.239 0.022
2810.84963 13.878 0.024
2815.89654 13.066 0.024
2819.80827 13.019 0.026
2821.8337 12.897 0.026
2838.72876 13.21 0.027
2845.79177 12.62 0.022
2854.62912 13.001 0.02
2859.61814 12.882 0.026
2860.71135 12.996 0.027
2865.74603 12.297 0.057
2872.67828 12.817 0.022
2876.82311 13.176 0.023
2882.60814 12.932 0.025
2884.64067 13.075 0.024
2885.7945 12.965 0.027
2888.60909 13.096 0.028
2897.68932 12.929 0.024
2899.66146 13.195 0.023
2902.67687 12.807 0.039
2908.53742 12.914 0.028
2910.56947 13.269 0.022
2912.56441 12.976 0.022
2913.67435 12.993 0.029
2922.59709 12.99 0.033
2927.60169 12.93 0.032
2929.60758 12.869 0.028
2931.61038 13.139 0.031
2933.59996 12.915 0.029
2935.59799 13.202 0.028
2937.59868 12.859 0.03
2940.57869 13.059 0.025
2947.51683 12.96 0.038
2958.54357 12.586 0.033
2960.54982 13.067 0.051
2964.58483 13.15 0.032
2974.52213 12.825 0.034
2978.52501 12.722 0.043
2981.5347 13.012 0.04
2985.52494 13.178 0.037
3115.88036 12.619 0.068
3116.90101 13.283 0.061
3124.8744 13.496 0.039
3131.88981 12.798 0.05
3144.88872 12.653 0.037
3152.91693 12.555 0.078
3166.79058 12.963 0.035
3193.86122 12.924 0.034
3266.60136 13.083 0.02
3268.59737 12.648 0.023
3275.57561 13.324 0.045
3277.61715 12.841 0.035
3292.56249 13.362 0.059
3295.53385 12.99 0.024
3459.91409 12.873 0.049
3467.91224 12.907 0.037
3473.89531 13.368 0.033
3477.89053 12.712 0.059
3480.91866 13.222 0.058
3497.89268 13.112 0.043
3501.90805 14.486 0.076
3506.89803 13.066 0.034
3510.85214 13.089 0.028
3512.89074 13.319 0.037
3520.90392 13.189 0.042
3523.85323 12.785 0.039
3526.84202 13.083 0.033
3541.80046 13.043 0.045
3543.83883 12.414 0.061
3547.90724 12.677 0.055
3551.88215 13.069 0.04
3554.8337 13.158 0.059
3558.771 13.475 0.044
3560.79886 13.181 0.038
3563.73837 12.777 0.03
3568.87141 12.844 0.03
3570.73442 12.8 0.03
3575.75575 12.733 0.033
3577.77847 13.33 0.043
3581.84761 13.255 0.031
3584.67376 13.289 0.03
3586.71174 13.366 0.036
3591.6631 12.707 0.028
3595.66119 12.128 0.072
3597.69169 13.144 0.036
3602.68403 12.764 0.052
3616.64169 12.95 0.038
3618.7654 13.689 0.042
3621.57948 12.981 0.037
3624.61684 12.883 0.03
3630.60623 12.794 0.047
3632.61468 13.388 0.041
3634.64821 12.87 0.044
3637.65133 13.011 0.037
3639.69765 12.954 0.031
3642.64238 13.137 0.031
3644.66328 12.774 0.044
3650.65044 13.111 0.028
3652.6109 12.778 0.04
3657.53022 12.985 0.044
3659.58033 12.893 0.042
3661.60076 13.014 0.045
3663.61036 12.897 0.042
3665.64727 13.235 0.043
3669.59684 13.091 0.028
3671.64104 12.875 0.027
3674.5884 13.005 0.031
3676.61224 12.843 0.031
3680.50856 12.891 0.034
3702.54373 13.084 0.032
3705.54198 13.153 0.04
3712.52747 12.783 0.037
3824.90936 12.903 0.065
3828.91533 13.319 0.048
3832.91707 13.072 0.048
3836.90483 13.152 0.046
3850.88405 12.66 0.034
3862.86513 12.498 0.034
3865.89403 12.91 0.039
3868.89984 13.025 0.048
3871.85468 12.958 0.044
3877.84651 12.775 0.031
3882.84847 12.511 0.039
3886.89962 12.977 0.036
3892.79831 13.052 0.037
3894.82928 12.832 0.029
3898.79773 12.416 0.043
3905.87571 12.93 0.047
3908.79335 12.904 0.036
3912.81483 13.417 0.035
4192.91154 12.956 0.073
4205.91728 12.687 0.047
4232.86238 12.82 0.041
4235.90574 13.221 0.076
4246.82029 13.368 0.04
4250.86994 12.805 0.044
4255.79724 12.78 0.053
4272.8184 12.85 0.036
4274.82142 12.876 0.039
4277.78945 12.503 0.057
4290.79814 12.585 0.037
4292.78182 13.2 0.036
4296.80401 12.878 0.054
4300.76356 13.177 0.051
4302.79956 12.504 0.051
4304.72586 12.74 0.036
4306.72291 13.091 0.046
4316.77576 12.968 0.035
4319.71326 13.389 0.041
4329.69756 12.735 0.038
4331.68135 12.957 0.04
4333.64759 12.952 0.03
4336.64737 13.156 0.077
4341.66017 12.836 0.04
4345.66021 13.018 0.039
4347.66105 12.992 0.048
4349.65547 12.693 0.05
4351.65879 13.25 0.051
4353.78262 13.168 0.035
4356.57197 12.453 0.039
4358.60452 12.999 0.032
4362.64026 12.689 0.03
4368.58374 12.95 0.044
4372.60946 12.834 0.05
4375.61422 13.306 0.031
4377.63924 13.385 0.033
4379.67106 13.171 0.034
4381.6988 13.189 0.049
4384.55353 12.724 0.032
4386.58208 12.557 0.031
4388.56671 12.809 0.032
4399.60232 12.99 0.051
4402.6059 12.869 0.037
4406.60579 12.63 0.04
4409.5381 13.047 0.038
4413.53936 13.068 0.033
4423.57763 12.805 0.061
4427.57991 12.902 0.056
4431.52928 13.102 0.04
4437.53055 13.196 0.057
4440.53502 13.09 0.032
4561.91236 13.119 0.041
4565.9132 13.042 0.039
4569.91574 13.057 0.04
4573.89942 13.277 0.035
