1873.51386 13.227 0.033
1996.91022 13.507 0.054
2025.89058 13.474 0.028
2030.88572 13.297 0.028
2032.84761 13.329 0.029
2039.85365 13.792 0.039
2039.87106 14.092 0.034
2040.81465 13.465 0.043
2040.83736 13.21 0.041
2052.83409 13.294 0.03
2053.84817 13.096 0.03
2054.87265 13.117 0.031
2055.84623 13.273 0.031
2056.8319 13.184 0.029
2056.91075 13.412 0.033
2057.83807 13.278 0.027
2058.84725 13.353 0.031
2064.83512 13.846 0.065
2067.7472 13.92 0.035
2067.76025 13.922 0.039
2068.74847 13.179 0.036
2068.76377 13.543 0.036
2080.74013 13.343 0.029
2080.75987 13.154 0.03
2081.83819 13.636 0.03
2082.7869 13.876 0.026
2085.73595 13.159 0.031
2086.81709 13.397 0.029
2086.82785 13.533 0.028
2087.77367 12.884 0.038
2088.75834 13.323 0.031
2093.70091 12.94 0.035
2093.71169 13.191 0.035
2094.70551 13.427 0.033
2094.72388 13.028 0.033
2095.698 13.06 0.083
2096.69344 13.265 0.047
2103.7472 13.399 0.027
2103.78596 13.214 0.028
2104.72737 13.362 0.028
2105.72235 13.132 0.031
2106.72453 13.166 0.027
2114.73721 13.595 0.031
2115.71759 13.78 0.029
2116.69533 13.344 0.027
2117.68902 13.169 0.029
2128.66837 13.478 0.032
2129.66729 13.352 0.028
2130.6689 13.482 0.031
2131.65938 13.166 0.031
2132.66546 13.753 0.032
2133.65723 13.125 0.028
2134.66155 13.474 0.029
2135.65643 13.793 0.032
2136.65366 13.208 0.029
2141.64537 13.479 0.034
2143.63415 13.506 0.03
2143.63874 13.076 0.027
2144.6279 13.125 0.03
2144.63249 13.066 0.029
2145.62457 13.09 0.03
2145.62691 13.462 0.032
2167.57318 14.203 0.035
2168.599 12.91 0.032
2171.54929 13.12 0.043
2172.58169 13.39 0.03
2175.56271 13.652 0.045
2183.53076 12.888 0.035
2187.51492 13.467 0.032
2189.53137 12.887 0.029
2191.53393 13.361 0.035
2193.52838 13.284 0.032
2195.52023 12.998 0.033
2197.52744 13.506 0.032
2199.51938 13.394 0.032
2202.52956 13.066 0.039
2204.50358 13.539 0.032
2212.5127 13.114 0.035
2214.55122 13.717 0.038
2216.56965 13.114 0.035
2219.52162 13.01 0.036
2222.56587 13.139 0.035
2225.57644 13.643 0.035
2228.53762 13.298 0.036
2237.50983 13.059 0.041
2439.79066 13.342 0.019
2440.78748 13.487 0.02
2442.78695 13.046 0.054
2442.78695 13.072 0.054
2443.7844 13.088 0.018
2445.76807 13.198 0.024
2446.7785 13.637 0.023
2460.6776 13.27 0.02
2464.75408 13.225 0.026
2464.75408 13.239 0.03
2465.73311 13.39 0.024
2467.72768 13.678 0.043
2468.74648 13.226 0.026
2468.74648 13.237 0.034
2470.69028 13.451 0.024
2473.72066 13.529 0.032
2473.72066 13.538 0.036
2487.70697 13.321 0.055
2487.70697 13.333 0.052
2489.64696 13.383 0.039
2490.70004 13.83 0.033
2493.66857 13.328 0.032
2494.66841 13.227 0.025
2497.66686 13.633 0.021
2498.65683 13.501 0.023
2499.656 13.318 0.022
2501.64942 13.094 0.024
2502.65639 13.241 0.032
2519.57753 13.792 0.031
2520.63046 13.179 0.021
2521.64009 13.329 0.018
2540.71543 12.916 0.03
2546.58328 13.304 0.023
2548.57742 13.639 0.021
2554.65643 13.243 0.039
2556.65561 13.595 0.023
2560.51532 13.166 0.025
2564.51989 13.149 0.032
2565.57133 13.51 0.027
2566.58825 13.242 0.028
2578.59548 13.501 0.025
2601.54437 13.872 0.027
2620.53213 13.859 0.031
2729.90003 13.412 0.03
2733.91023 12.9 0.032
2733.91452 13.117 0.039
2739.89235 13.26 0.03
2739.90169 13.629 0.029
2742.89389 13.101 0.04
2756.85266 13.257 0.024
2760.8863 13.889 0.026
2765.80737 13.333 0.024
2776.80967 13.242 0.034
2784.86424 13.681 0.025
2786.84209 13.307 0.023
2786.87034 13.465 0.025
2810.84759 13.482 0.023
2812.76664 13.332 0.027
2815.8945 13.043 0.025
2819.81072 13.094 0.035
2819.82916 13.233 0.026
2821.8414 13.23 0.027
2821.8414 13.237 0.027
2826.79824 13.667 0.023
2826.82641 13.804 0.024
2830.70278 13.695 0.034
2838.73115 13.356 0.026
2845.79869 13.465 0.02
2854.62463 13.149 0.024
2856.87209 13.43 0.03
2859.60262 13.367 0.028
2867.65513 13.911 0.023
2874.6428 14.028 0.021
2874.6428 14.3 0.021
2876.65974 13.08 0.02
2878.66362 13.637 0.026
2883.64313 13.119 0.021
2884.80971 13.432 0.031
2886.63038 14.069 0.025
2892.62328 13.425 0.034
2895.67547 13.623 0.027
2897.68697 13.319 0.025
2899.6591 13.193 0.032
2906.69457 13.276 0.026
2908.7319 13.098 0.027
2911.51916 13.274 0.025
2927.59927 13.618 0.03
2929.60516 13.314 0.028
2931.60784 13.261 0.038
2933.59753 13.466 0.027
2935.59555 13.212 0.028
2937.59613 13.17 0.038
2940.57126 13.724 0.03
2947.50298 13.082 0.042
2949.58009 13.069 0.037
2955.61132 13.086 0.036
2955.61132 13.103 0.043
2964.54826 13.332 0.034
2966.56475 13.282 0.032
2968.57492 13.179 0.031
2974.51708 13.202 0.04
3089.88065 13.559 0.059
3090.87654 13.166 0.06
3099.90938 13.759 0.058
3112.8977 13.356 0.05
3116.89069 12.923 0.055
3127.8597 14.127 0.08
3131.89981 12.937 0.066
3144.89644 12.597 0.043
3156.83457 13.148 0.029
3166.78558 13.223 0.038
3169.79717 13.19 0.035
3177.81857 12.915 0.044
3177.81857 12.927 0.049
3182.82715 14.414 0.051
3187.81955 13.033 0.033
3193.85092 13.455 0.033
3211.89221 13.63 0.027
3266.5988 13.224 0.021
3266.62406 13.582 0.032
3268.58194 13.289 0.026
3268.622 14.003 0.039
3270.60254 13.533 0.038
3279.66246 13.533 0.032
3292.56722 14.59 0.06
3294.68077 13.733 0.026
3294.68077 13.852 0.026
3453.90836 13.109 0.048
3457.90936 13.891 0.058
3459.9086 12.833 0.05
3467.90478 13.409 0.046
3475.9017 13.9 0.074
3479.89037 13.276 0.039
3483.87555 12.825 0.041
3489.92657 13.38 0.059
3497.87762 13.395 0.04
3497.90603 13.419 0.044
3506.9007 13.268 0.035
3509.90551 13.502 0.03
3512.84167 13.981 0.042
3512.89678 12.976 0.064
3517.8448 13.295 0.033
3520.90151 13.166 0.042
3523.85107 13.522 0.042
3526.83975 13.131 0.073
3538.8503 13.208 0.048
3541.79815 13.083 0.045
3544.77656 13.132 0.038
3551.83976 13.417 0.055
3554.81466 13.453 0.038
3559.78239 13.455 0.043
3560.6092 12.973 0.036
3560.64013 13.382 0.035
3560.67123 13.308 0.033
3560.70194 12.98 0.041
3560.73033 13.257 0.041
3560.7623 13.346 0.04
3560.7854 13.402 0.036
3563.73026 13.691 0.029
3564.80081 13.396 0.027
3568.82359 13.171 0.029
3570.73214 13.415 0.029
3570.74773 13.307 0.032
3575.75261 13.256 0.032
3575.77515 12.984 0.035
3577.79867 13.533 0.038
3581.83004 13.369 0.031
3584.67142 13.114 0.031
3586.71426 13.577 0.036
3588.75389 12.982 0.031
3591.66074 13.031 0.032
3597.69425 13.227 0.032
3602.68076 12.878 0.052
3615.79419 13.401 0.049
3618.59977 13.371 0.042
3620.62677 13.259 0.045
3622.7136 13.598 0.031
3634.64563 13.007 0.04
3637.64875 13.259 0.039
3639.69506 13.384 0.034
3642.63978 13.525 0.027
3644.66059 13.193 0.047
3644.69983 13.789 0.043
3650.64513 13.191 0.027
3650.6586 13.098 0.025
3652.59115 13.14 0.033
3657.52746 13.792 0.042
3659.57762 13.158 0.042
3663.60759 13.061 0.042
3665.64465 13.612 0.04
3666.66088 13.272 0.033
3669.59392 13.241 0.027
3671.63831 13.464 0.032
3673.64233 13.311 0.031
3676.57293 13.052 0.033
3699.54142 13.648 0.043
3705.53242 13.532 0.038
3712.52196 13.179 0.05
3816.90803 13.578 0.069
3822.90889 13.737 0.053
3824.90637 13.119 0.059
3826.91176 13.646 0.05
3828.91204 13.889 0.046
3830.9049 13.249 0.049
3832.91335 13.868 0.045
3834.89953 13.033 0.043
3836.90954 12.92 0.05
3849.91658 13.511 0.035
3850.90098 13.519 0.033
3853.89753 13.167 0.036
3856.88542 13.537 0.065
3857.91503 12.992 0.046
3860.87233 13.623 0.038
3861.88388 13.505 0.038
3865.85144 13.367 0.036
3871.84732 13.129 0.043
3872.85683 13.129 0.041
3877.8443 13.13 0.031
3877.86296 13.071 0.031
3882.83784 13.217 0.045
3882.87155 12.847 0.04
3886.89746 13.07 0.033
3886.91441 13.021 0.035
3889.83848 13.362 0.034
3889.86436 13.215 0.032
3892.79267 12.962 0.03
3892.82365 13.38 0.04
3894.82712 13.317 0.031
3898.786 13.057 0.043
3903.85337 13.424 0.034
3903.87618 13.909 0.037
3905.87257 13.316 0.042
3906.81972 13.598 0.05
3908.78776 13.031 0.033
3912.82011 13.489 0.035
4205.89723 13.348 0.046
4227.92348 13.09 0.04
4235.90359 12.823 0.062
4246.81558 13.755 0.034
4246.87602 13.062 0.052
4272.80556 13.22 0.037
4274.86327 13.241 0.067
4277.78237 13.613 0.03
4277.78237 13.843 0.03
4277.82773 13.112 0.031
4281.83455 13.161 0.065
4290.79589 12.969 0.035
4290.80851 13.124 0.036
4292.7894 13.057 0.031
4292.82256 13.759 0.056
4297.74849 13.381 0.061
4298.81268 13.783 0.053
4299.78418 14.116 0.036
4301.75594 13.566 0.041
4302.80213 12.969 0.048
4303.75915 13.179 0.048
4304.72841 13.168 0.04
4305.74922 13.259 0.031
4306.72544 13.248 0.03
4307.72264 13.638 0.034
4309.72742 13.105 0.04
4314.75167 12.971 0.059
4316.78401 13.406 0.049
4317.68863 13.276 0.05
4319.72577 13.402 0.034
4329.69519 12.753 0.039
4329.71115 13.13 0.04
4331.6674 13.039 0.044
4331.70373 13.475 0.04
4333.64274 13.618 0.052
4333.66645 13.568 0.047
4336.62181 13.159 0.036
4336.66397 13.232 0.076
4341.65771 13.553 0.057
4341.67871 13.309 0.044
4343.65861 12.996 0.065
4343.68121 13.034 0.057
4345.65772 13.81 0.042
4345.67772 13.392 0.049
4347.65856 13.117 0.03
4347.67776 13.225 0.037
4349.65297 13.113 0.043
4351.65548 13.649 0.05
4351.68312 13.096 0.053
4353.77307 13.238 0.033
4356.56944 13.289 0.033
4356.66142 13.585 0.035
4358.60971 13.377 0.034
4358.70405 13.118 0.033
4361.56711 13.424 0.033
4362.63412 13.619 0.029
4363.60912 13.027 0.032
4368.58117 12.858 0.048
4368.7367 13.25 0.056
4372.606 12.817 0.047
4372.7159 15.076 0.053
4375.61073 13.287 0.029
4375.71858 12.91 0.047
4377.6316 13.239 0.031
4378.52748 13.395 0.036
4379.66142 13.558 0.033
4381.69306 13.291 0.056
4382.62972 13.727 0.029
4384.55078 13.687 0.03
4384.63961 13.058 0.037
4386.5795 12.976 0.031
4386.65741 13.754 0.03
4388.56398 13.47 0.033
4388.63732 13.338 0.031
4399.55035 13.505 0.059
4402.58592 13.025 0.041
4404.62103 13.684 0.034
4406.59449 13.525 0.039
4408.56177 13.354 0.048
4408.63236 13.173 0.045
4411.58422 13.435 0.051
4423.57548 13.699 0.059
4427.57695 12.709 0.057
4430.57461 13.491 0.05
4433.54304 13.613 0.037
4433.5462 13.124 0.035
4436.5475 13.413 0.04
4436.55065 13.782 0.033
4439.54356 13.303 0.032
4439.54674 13.278 0.031
4443.53528 13.644 0.039
4443.53851 13.825 0.048
4458.52704 12.87 0.061
4560.90773 12.846 0.038
4561.9092 13.316 0.039
4565.91542 12.989 0.039
4568.90229 13.172 0.071
4569.91782 13.18 0.041
4572.89585 13.409 0.035
4573.90238 13.248 0.034
