1873.58865 12.276 0.031
1874.5137 11.864 0.029
1876.54039 11.997 0.024
1879.52124 11.972 0.026
1886.5247 11.969 0.03
1886.53211 11.943 0.025
1908.52511 12.001 0.039
1996.90269 12.164 0.05
1997.89621 12.296 0.05
1999.89539 11.97 0.053
2000.89779 11.898 0.051
2008.91733 11.847 0.06
2025.83417 12.075 0.025
2025.87976 11.946 0.025
2026.90939 11.986 0.034
2027.84467 12.297 0.027
2030.86825 11.99 0.026
2032.82781 12.218 0.024
2032.92281 12.148 0.028
2033.87747 11.961 0.024
2039.82718 12.303 0.037
2054.85005 12.348 0.028
2055.84894 12.029 0.029
2056.82563 11.956 0.028
2056.88098 12.103 0.027
2057.82921 11.975 0.029
2057.85688 11.889 0.027
2058.84312 12.062 0.03
2067.74948 12.052 0.033
2068.72967 12.426 0.031
2069.72598 12.012 0.033
2070.89465 12.071 0.03
2080.72175 12.325 0.026
2081.84035 11.926 0.029
2081.84486 11.991 0.025
2082.78435 12.335 0.033
2083.72393 12.083 0.052
2085.72886 12.085 0.03
2085.83087 12.506 0.027
2086.81897 12.037 0.029
2086.82359 12.029 0.029
2087.76858 12.158 0.033
2088.76015 12.508 0.029
2088.77152 12.258 0.026
2093.68215 12.005 0.029
2094.68902 12.094 0.039
2094.69377 12.057 0.03
2096.67505 12.109 0.033
2096.68206 11.99 0.033
2103.74861 11.935 0.029
2103.75562 12.038 0.028
2104.72423 11.939 0.028
2105.71919 12.188 0.028
2106.72136 12.475 0.026
2114.74065 12.257 0.026
2115.71876 11.947 0.025
2116.68967 11.978 0.026
2117.68336 12.398 0.029
2128.66249 12.077 0.027
2129.66817 12.296 0.03
2130.66525 12.348 0.03
2131.65572 12.002 0.027
2132.66855 12.005 0.028
2133.66028 11.954 0.029
2134.6646 11.965 0.031
2135.65271 12.327 0.03
2136.66395 12.489 0.024
2140.63405 12.237 0.043
2141.64609 12.353 0.028
2143.64168 11.988 0.028
2144.63541 11.896 0.028
2145.62985 11.953 0.029
2151.61506 11.962 0.052
2156.62901 11.968 0.038
2167.57888 11.892 0.032
2168.60464 11.949 0.027
2171.57758 12.436 0.033
2173.58795 12.028 0.03
2178.55545 12.03 0.029
2179.55756 11.869 0.04
2180.58907 12.006 0.031
2183.55945 12.414 0.032
2184.57388 12.405 0.032
2185.57118 12.105 0.033
2189.53732 12.304 0.031
2191.53989 11.949 0.029
2193.5342 11.921 0.029
2194.6024 11.825 0.028
2196.53622 12.248 0.031
2198.52706 11.929 0.028
2201.51662 12.373 0.029
2203.51565 11.919 0.036
2205.50942 12.023 0.029
2207.52397 12.341 0.038
2214.51838 12.406 0.033
2216.53508 12.074 0.03
2221.55845 12.197 0.031
2225.50722 12.142 0.031
2227.54547 12.183 0.035
2229.56913 12.431 0.034
2235.51079 11.912 0.035
2237.55292 11.934 0.04
2240.57168 11.992 0.04
2243.53306 11.907 0.043
2250.53689 11.903 0.04
2253.53651 12.434 0.041
2257.53049 12.007 0.055
2439.78153 12.505 0.021
2439.79971 12.359 0.02
2440.79415 12.244 0.021
2442.78907 11.961 0.035
2443.77277 12.041 0.02
2443.80267 11.945 0.018
2444.78585 11.998 0.02
2445.77234 12.423 0.02
2446.78052 12.294 0.025
2446.78961 12.391 0.023
2453.72417 11.88 0.041
2453.72417 11.901 0.042
2454.74089 12.037 0.053
2460.65579 12.279 0.022
2460.66096 12.353 0.037
2464.74256 12.124 0.034
2464.76231 12.475 0.031
2465.7301 11.956 0.031
2465.74198 12.055 0.032
2466.72295 11.978 0.026
2466.73334 11.915 0.023
2467.72239 12.028 0.022
2467.73472 12.054 0.019
2468.7546 12.037 0.028
2470.68515 11.995 0.029
2471.7848 12.378 0.035
2471.7873 12.365 0.034
2473.70902 12.058 0.041
2473.72642 12.001 0.039
2473.7335 12.07 0.039
2482.67983 12.025 0.044
2482.68244 11.971 0.046
2486.69381 12.179 0.038
2489.63636 12.015 0.028
2489.64384 12.086 0.024
2490.68798 11.96 0.037
2490.71003 11.94 0.039
2490.71494 11.942 0.04
2493.6766 12.322 0.043
2494.67157 12.107 0.034
2494.67884 12.013 0.034
2495.67527 11.925 0.037
2497.67269 12.045 0.028
2498.65313 12.532 0.032
2498.66494 12.401 0.032
2499.65227 12.216 0.03
2499.66177 12.266 0.027
2500.62548 11.974 0.041
2500.62548 12.008 0.034
2500.63502 11.863 0.038
2500.63502 11.938 0.03
2501.65707 11.892 0.033
2508.69305 12.038 0.026
2508.7319 12.523 0.028
2510.678 12.014 0.044
2512.57607 11.951 0.044
2519.66979 12.19 0.026
2520.6677 11.974 0.026
2520.67541 12.03 0.023
2521.67952 11.976 0.022
2521.685 11.982 0.019
2523.80216 12.207 0.02
2523.805 12.26 0.02
2526.5794 12.187 0.028
2526.58675 12.102 0.025
2539.71799 12.3 0.051
2540.6877 12.009 0.023
2543.549 11.947 0.033
2544.68343 12.356 0.021
2545.66214 12.008 0.019
2545.71762 12.203 0.022
2551.58079 11.996 0.042
2552.64079 11.91 0.051
2552.69806 12.449 0.028
2554.58932 12.512 0.038
2554.70209 11.949 0.044
2556.61684 12.14 0.045
2557.72941 11.934 0.045
2558.5693 12.23 0.025
2559.57288 12.43 0.022
2559.69196 12.178 0.02
2560.58264 12.32 0.021
2561.58532 12.085 0.026
2562.54283 11.967 0.03
2562.60044 12.062 0.023
2563.58463 11.962 0.022
2563.61673 12.086 0.027
2564.59817 12.053 0.026
2564.62348 11.896 0.023
2565.64913 11.922 0.025
2566.63678 11.917 0.029
2566.65944 11.897 0.033
2578.61786 12.0 0.025
2578.651 11.952 0.026
2579.63965 12.025 0.036
2621.5377 12.144 0.027
2623.56133 12.476 0.031
2625.55683 12.022 0.03
2627.55402 11.933 0.035
2635.53748 12.343 0.027
2636.54499 12.189 0.026
2638.53325 11.921 0.03
2640.52884 12.176 0.034
2642.52671 12.17 0.041
2714.90632 11.944 0.027
2721.89367 12.161 0.052
2721.90701 12.055 0.051
2724.89281 12.061 0.028
2726.90411 12.027 0.031
2727.89224 12.073 0.039
2728.91277 12.001 0.033
2729.89214 12.294 0.025
2730.89851 12.118 0.023
2733.89027 12.023 0.025
2734.88331 12.391 0.028
2736.87059 12.142 0.033
2737.88285 11.964 0.024
2739.87262 12.049 0.025
2740.88336 12.182 0.021
2742.86232 11.997 0.031
2743.87418 12.01 0.026
2747.91613 11.792 0.049
2751.87556 11.951 0.029
2754.90356 12.035 0.031
2755.8399 11.998 0.02
2756.91712 12.407 0.028
2757.88909 11.989 0.03
2759.88736 12.009 0.032
2760.86478 12.515 0.028
2761.87801 12.328 0.026
2763.86736 11.965 0.027
2765.79445 12.057 0.023
2765.80338 11.996 0.021
2769.92872 12.263 0.057
2770.85985 11.926 0.026
2776.78798 12.45 0.029
2776.79539 12.435 0.026
2782.93277 12.464 0.039
2783.79096 12.206 0.031
2783.80581 12.476 0.025
2784.86248 12.033 0.029
2785.84051 12.486 0.049
2786.83799 12.037 0.027
2787.83739 11.879 0.03
2790.86953 11.913 0.031
2791.75681 11.971 0.027
2802.8759 12.054 0.061
2804.72951 12.1 0.031
2804.81302 12.062 0.032
2808.85516 11.912 0.039
2810.76791 11.986 0.028
2810.77565 11.977 0.029
2812.74862 12.332 0.022
2812.77325 11.93 0.029
2815.88698 11.933 0.035
2815.90377 12.004 0.025
2819.81517 11.932 0.035
2819.81752 11.923 0.025
2821.84317 11.93 0.035
2826.83809 11.986 0.024
2830.69749 12.491 0.036
2831.72174 12.367 0.026
2832.69915 11.877 0.034
2832.79974 12.076 0.024
2834.71721 11.822 0.037
2838.87862 12.378 0.027
2838.88354 12.509 0.029
2843.7233 12.082 0.03
2843.73089 12.131 0.03
2854.6063 12.015 0.022
2858.687 11.96 0.021
2859.59667 12.11 0.029
2860.71231 11.899 0.031
2861.66068 12.393 0.036
2866.70583 12.022 0.034
2867.661 12.426 0.024
2867.76603 12.059 0.03
2871.88459 12.417 0.025
2872.76078 12.387 0.018
2872.87322 12.008 0.019
2872.87543 11.985 0.02
2872.87764 12.012 0.021
2872.87985 12.058 0.021
2872.88206 11.995 0.021
2872.88427 12.083 0.021
2872.8865 12.055 0.02
2872.88871 12.125 0.02
2872.89092 12.14 0.021
2872.89313 12.167 0.021
2872.89756 12.11 0.024
2872.89977 12.206 0.023
2872.90504 12.308 0.024
2872.91039 12.428 0.023
2872.92064 12.442 0.025
2874.648 12.22 0.02
2876.66527 11.964 0.027
2878.66675 11.959 0.038
2883.60971 12.076 0.018
2883.68336 12.007 0.024
2885.55606 11.959 0.027
2886.64001 12.372 0.031
2886.68843 11.941 0.032
2888.70303 12.316 0.033
2892.70995 11.893 0.033
2895.74867 11.975 0.027
2897.75235 12.426 0.026
2899.71118 11.958 0.033
2902.689 12.154 0.033
2905.58158 11.92 0.022
2907.75275 11.924 0.022
2909.69392 12.044 0.024
2911.65695 12.177 0.022
2917.71956 12.08 0.031
2921.63835 11.951 0.04
2923.62059 12.311 0.028
2926.61648 11.971 0.028
2930.61289 12.483 0.027
2932.60654 11.902 0.032
2934.601 12.082 0.028
2936.60004 12.462 0.035
2939.60511 11.915 0.022
2943.55049 11.895 0.028
2945.55627 12.014 0.032
2947.59269 12.059 0.029
2947.61756 11.943 0.028
2949.63465 12.09 0.031
2951.64465 12.692 0.036
2953.64831 12.024 0.053
2957.64602 12.344 0.029
2964.55475 11.905 0.029
2966.57428 12.302 0.029
2968.5845 12.313 0.053
2970.57591 11.998 0.028
2972.58601 12.042 0.031
2974.60695 12.251 0.031
2977.55954 11.912 0.032
2979.58951 12.013 0.034
2982.55272 11.853 0.038
2984.56405 11.89 0.031
2986.57018 12.331 0.028
2989.57385 12.001 0.028
2996.53397 12.039 0.034
3000.52983 11.839 0.034
3090.90367 12.125 0.039
3099.88476 12.06 0.042
3100.8994 12.055 0.046
3103.90048 12.103 0.041
3104.90133 12.223 0.052
3107.8828 11.988 0.045
3110.89304 12.298 0.031
3111.87424 12.027 0.05
3114.9091 11.896 0.033
3126.90589 11.971 0.031
3127.84741 12.29 0.051
3130.85754 12.07 0.033
3131.84625 12.025 0.035
3133.87244 11.967 0.03
3144.89966 12.331 0.052
3153.91552 11.962 0.041
3154.77972 11.948 0.025
3156.89297 12.462 0.025
3163.80433 11.969 0.026
3166.82086 12.486 0.026
3169.80505 11.981 0.026
3176.82393 11.921 0.058
3177.83668 11.977 0.049
3179.79161 12.053 0.025
3182.83159 11.763 0.035
3185.78239 12.011 0.032
3187.82416 11.819 0.029
3190.80208 12.173 0.035
3194.90955 12.04 0.036
3266.61519 12.34 0.029
3274.67153 12.046 0.036
3294.54193 12.05 0.023
3296.59232 11.969 0.023
3355.53121 12.116 0.027
3358.55497 11.938 0.031
3459.90241 11.948 0.036
3465.89357 12.03 0.034
3469.89892 11.88 0.041
3473.88819 12.443 0.026
3477.8855 11.997 0.035
3484.87732 11.918 0.055
3489.87977 11.799 0.044
3492.88883 12.524 0.038
3506.90529 12.326 0.043
3517.83467 12.105 0.052
3521.86036 11.976 0.035
3524.85561 12.363 0.051
3530.88741 12.231 0.035
3542.79651 11.918 0.057
3544.81333 11.969 0.041
3547.86918 11.86 0.04
3551.85814 12.067 0.032
3554.82431 12.344 0.033
3560.81198 12.524 0.041
3563.74895 12.228 0.025
3569.82193 11.964 0.025
3571.80573 11.97 0.033
3573.8648 11.99 0.035
3576.69928 12.033 0.027
3578.84233 11.921 0.027
3582.90725 12.028 0.033
3585.6864 12.083 0.027
3587.7262 12.081 0.028
3589.87576 12.498 0.033
3592.67238 12.368 0.028
3596.70233 12.056 0.025
3600.8767 12.034 0.046
3603.63714 12.149 0.028
3617.65539 12.198 0.036
3619.73526 12.016 0.038
3621.85192 12.257 0.044
3625.63466 12.14 0.03
3628.62383 12.1 0.032
3630.67828 11.931 0.037
3632.6973 12.293 0.036
3634.72216 12.454 0.036
3637.70553 11.863 0.029
3639.80034 12.064 0.028
3642.68002 11.923 0.025
3644.74778 11.88 0.042
3648.62215 12.227 0.029
3650.6851 12.083 0.027
3652.67709 12.415 0.043
3655.65539 12.068 0.034
3657.67755 12.039 0.043
3659.71198 12.339 0.038
3661.74079 12.313 0.042
3664.53696 12.315 0.031
3666.63678 12.03 0.026
3670.54064 12.112 0.025
3672.5906 12.003 0.026
3674.68848 11.993 0.03
3677.57674 12.225 0.033
3680.61782 12.206 0.026
3699.56309 12.128 0.031
3701.62742 12.45 0.059
3704.61407 11.909 0.035
3707.59234 12.137 0.025
3711.59414 12.095 0.033
3713.59365 12.373 0.034
3716.56863 12.048 0.035
3720.53374 12.015 0.037
3724.52813 11.939 0.054
3727.52995 11.916 0.037
3731.52902 11.902 0.049
3735.52905 12.422 0.039
3823.90183 12.72 0.049
3827.90215 11.926 0.03
3831.90387 12.123 0.036
3835.89201 12.284 0.042
3849.89783 12.545 0.028
3853.88281 12.083 0.028
3857.89851 12.162 0.039
3861.86749 12.331 0.034
3864.91973 12.121 0.037
3867.86634 12.299 0.036
3870.83557 12.019 0.038
3875.89492 12.419 0.035
3883.86586 11.921 0.038
3887.85951 11.933 0.029
3894.8664 12.067 0.029
3898.79186 11.91 0.043
3904.80669 12.308 0.03
3906.85752 12.288 0.029
3909.78804 12.442 0.032
3913.83543 11.999 0.04
4204.9051 12.182 0.035
4227.90357 11.931 0.049
4230.8828 12.346 0.047
4233.92915 12.27 0.036
4250.89174 12.243 0.039
4255.81053 11.948 0.041
4258.84486 11.967 0.032
4268.77619 11.902 0.048
4272.83886 12.091 0.034
4277.8221 12.032 0.026
4283.83838 11.946 0.06
4285.82458 12.298 0.042
4289.8244 12.0 0.053
4291.82697 12.105 0.028
4293.8171 12.115 0.03
4297.86968 11.994 0.039
4302.77835 12.2 0.046
4304.73343 11.965 0.041
4306.74023 11.931 0.059
4308.73454 12.142 0.049
4310.75541 12.113 0.031
4312.76873 11.979 0.038
4316.64526 12.398 0.048
4319.72813 12.129 0.047
4332.68218 12.267 0.029
4334.66275 11.996 0.049
4336.87786 11.95 0.031
4339.67254 12.068 0.033
4341.67153 11.966 0.041
4343.67318 12.211 0.051
4345.67314 12.135 0.049
4347.67321 11.905 0.04
4349.67291 12.141 0.04
4351.67932 12.399 0.047
4353.81464 11.896 0.031
4356.57784 12.0 0.026
4358.61814 11.948 0.03
4362.69113 11.996 0.026
4364.609 11.855 0.03
4367.63995 12.188 0.037
4369.67138 12.477 0.044
4371.6978 12.489 0.04
4373.70795 11.929 0.033
4376.70081 12.122 0.035
4379.52733 11.954 0.026
4381.58662 11.952 0.037
4383.63549 11.979 0.027
4385.66476 11.905 0.027
4387.68803 11.956 0.035
4389.66342 12.541 0.049
4393.60738 12.318 0.049
4400.63729 12.254 0.063
4403.653 12.016 0.028
4407.63863 12.473 0.037
4409.65488 12.144 0.037
4413.59457 12.095 0.032
4420.64517 12.791 0.049
4423.60454 12.023 0.043
4427.60486 11.958 0.043
4429.62634 11.799 0.04
4432.59338 12.169 0.026
4435.56849 12.254 0.028
4438.56226 12.036 0.032
4440.60601 11.937 0.027
4444.54414 12.0 0.049
4453.56119 12.004 0.035
4457.54796 11.92 0.046
4466.5284 12.238 0.045
4560.9028 12.206 0.031
4564.90413 11.943 0.03
4568.89727 12.373 0.045
4572.89075 11.958 0.032
