2783.91137 12.744 0.048
2783.91137 12.755 0.038
2786.9245 12.677 0.026
2802.92096 13.567 0.077
2808.88956 12.838 0.031
2809.86338 12.813 0.03
2811.87278 13.167 0.027
2813.87292 12.981 0.028
2816.88977 13.253 0.03
2818.88399 12.832 0.028
2821.85709 13.136 0.032
2829.85459 13.027 0.035
2831.80087 12.638 0.033
2831.82099 12.553 0.03
2833.86316 13.168 0.052
2833.87857 12.859 0.035
2839.81626 12.704 0.06
2839.82559 12.581 0.077
2841.77557 13.018 0.044
2841.80272 12.857 0.031
2843.76604 12.842 0.04
2844.8015 12.621 0.026
2851.79559 12.648 0.026
2854.74557 12.906 0.028
2856.79439 12.673 0.023
2858.76578 12.678 0.026
2858.83365 12.951 0.022
2860.71666 12.794 0.031
2860.7359 12.835 0.03
2861.81715 12.774 0.052
2866.75645 12.577 0.033
2871.78048 12.48 0.044
2872.80013 12.835 0.03
2874.72195 13.131 0.026
2876.67077 13.407 0.023
2876.72618 12.687 0.024
2878.6978 12.856 0.037
2879.69762 13.096 0.023
2882.67801 13.208 0.08
2883.68904 12.789 0.024
2884.68399 12.909 0.032
2885.67669 12.596 0.03
2886.73371 12.813 0.031
2888.69241 13.027 0.028
2892.68753 12.42 0.039
2893.61277 13.098 0.041
2894.6571 12.815 0.043
2894.6571 12.825 0.044
2896.6497 12.998 0.033
2896.67995 13.198 0.029
2898.66967 12.883 0.028
2900.63664 12.624 0.026
2900.66525 12.658 0.025
2904.61744 12.594 0.034
2904.63735 12.567 0.052
2906.63034 12.685 0.024
2906.64771 12.855 0.025
2909.638 12.654 0.026
2911.6082 12.628 0.024
2911.61801 12.779 0.024
2913.62626 13.015 0.037
2916.59858 12.727 0.026
2916.6176 12.7 0.029
2918.62744 12.937 0.037
2918.63802 13.266 0.036
2922.57995 12.83 0.038
2923.66097 12.884 0.063
2924.58905 12.853 0.038
2926.65697 12.802 0.074
2927.58699 12.894 0.029
2929.58816 12.607 0.028
2931.59269 12.631 0.028
2933.58664 12.752 0.028
2935.58359 12.847 0.032
2937.58354 12.85 0.035
2940.5472 12.836 0.025
2940.55948 12.883 0.025
2942.54591 13.976 0.047
2942.55013 13.462 0.049
2943.60068 12.735 0.033
2945.57899 13.121 0.034
2950.58623 12.832 0.072
2951.52713 12.538 0.041
2955.54255 13.057 0.03
2956.53732 12.68 0.031
2959.55273 13.007 0.048
2961.54901 12.61 0.067
2966.52262 12.887 0.067
3142.93096 12.749 0.075
3146.93445 13.006 0.064
3156.92206 12.792 0.038
3163.92086 12.98 0.035
3166.8832 12.791 0.057
3166.8832 12.804 0.057
3170.90969 13.22 0.043
3180.8633 13.074 0.03
3180.87921 13.454 0.031
3183.85711 12.544 0.041
3183.88236 13.0 0.039
3186.84454 12.477 0.057
3186.85457 12.576 0.047
3189.89039 12.55 0.044
3193.89155 13.474 0.065
3272.59075 12.82 0.073
3278.54661 12.885 0.043
3292.52703 12.466 0.053
3295.49515 12.791 0.033
3295.51812 12.679 0.027
3344.5574 12.935 0.047
3344.5574 12.938 0.054
3345.54955 12.714 0.05
3345.54955 12.964 0.054
3348.54093 13.191 0.054
3348.54093 13.448 0.062
3351.53741 13.155 0.055
3352.55371 12.728 0.054
3353.53397 12.967 0.043
3353.53397 13.0 0.048
3353.53926 13.089 0.051
3353.53926 13.095 0.046
3353.56636 13.026 0.066
3510.89989 12.87 0.043
3510.92069 12.874 0.032
3512.90605 13.081 0.042
3517.91384 12.896 0.049
3521.87096 12.497 0.044
3524.89128 12.87 0.07
3538.85343 12.7 0.036
3541.8415 12.552 0.047
3542.81447 12.398 0.049
3544.81413 13.052 0.044
3544.83246 12.88 0.049
3550.79559 13.189 0.065
3552.81794 12.752 0.038
3553.78653 13.517 0.04
3555.80558 12.957 0.04
3556.78328 12.689 0.046
3562.78654 12.682 0.037
3563.76626 12.809 0.036
3564.78516 12.767 0.036
3569.76359 12.64 0.037
3570.73563 13.319 0.043
3571.77154 12.686 0.042
3574.74334 12.838 0.046
3574.75901 12.719 0.049
3577.74524 12.743 0.045
3583.7251 12.86 0.036
3586.69725 12.657 0.034
3586.72734 12.689 0.035
3589.69825 12.771 0.035
3589.71709 12.653 0.033
3592.68638 12.863 0.035
3592.70776 12.93 0.036
3596.68015 12.687 0.035
3596.69535 12.723 0.036
3603.65761 12.949 0.041
3603.67641 12.491 0.046
3616.63782 12.829 0.054
3618.61864 12.45 0.044
3619.63599 13.17 0.038
3620.61451 12.604 0.039
3622.62971 12.649 0.043
3624.59844 12.791 0.034
3626.61849 13.002 0.041
3628.59123 13.145 0.04
3630.61194 12.374 0.051
3631.57891 13.166 0.056
3633.59646 13.209 0.05
3634.56788 12.711 0.046
3637.58826 12.602 0.038
3641.54678 12.532 0.034
3641.57718 12.681 0.034
3644.546 13.015 0.054
3644.56763 12.667 0.054
3648.54434 12.83 0.035
3648.55602 12.943 0.038
3651.52629 12.621 0.038
3651.54715 12.685 0.036
3654.53978 12.514 0.047
3655.52443 12.802 0.038
3658.52678 12.777 0.046
3659.50606 12.83 0.051
3661.5204 12.672 0.05
3662.49652 14.722 0.072
3664.51418 12.704 0.042
3669.50188 12.574 0.034
3865.9284 12.79 0.048
3867.92099 12.808 0.044
3869.92815 12.751 0.068
3874.93048 12.921 0.044
3875.9003 12.747 0.045
3883.90037 12.627 0.038
3887.89091 13.03 0.038
3893.88088 13.084 0.036
3898.84346 14.346 0.045
3900.86085 12.671 0.052
3901.83295 12.507 0.053
3905.84116 12.658 0.044
3908.83376 13.026 0.037
3912.80304 12.912 0.036
3912.82525 12.695 0.038
3981.61795 12.579 0.037
3981.64874 13.087 0.04
4247.91006 12.769 0.041
4250.88212 13.048 0.048
4255.86221 12.635 0.055
4256.88073 12.708 0.042
4258.85139 12.868 0.042
4272.84136 13.243 0.038
4277.82225 13.077 0.053
4283.82027 12.144 0.053
4289.79291 12.769 0.049
4291.79513 12.809 0.036
4293.78518 12.772 0.034
4296.77325 12.708 0.054
4298.77448 12.702 0.055
4303.75415 12.898 0.046
4307.74483 12.605 0.05
4309.74824 12.619 0.068
4311.73848 12.723 0.07
4316.72665 13.009 0.066
4319.72121 12.509 0.037
4329.68704 12.727 0.044
4331.68513 12.509 0.057
4333.6759 12.735 0.036
4345.64656 13.022 0.051
4348.63858 12.582 0.041
4350.64415 13.012 0.042
4353.62687 12.592 0.035
4356.61774 12.788 0.038
4359.60704 12.942 0.042
4361.61052 12.725 0.036
4363.59654 12.729 0.037
4367.58768 13.12 0.053
4371.57758 12.754 0.054
4375.56814 12.572 0.037
4378.55837 12.847 0.046
4381.54726 13.074 0.051
4384.5385 12.701 0.044
4387.5266 12.471 0.033
4389.5277 12.655 0.051
4400.50173 12.899 0.053
