2783.93186 11.196 0.034
2783.93186 11.2 0.043
2786.9245 11.231 0.024
2802.92096 11.254 0.054
2809.86338 11.189 0.025
2811.87278 11.286 0.024
2813.87292 11.189 0.025
2818.88399 11.603 0.024
2821.85709 11.285 0.027
2829.85459 11.144 0.031
2831.82099 11.622 0.026
2833.87857 11.165 0.028
2839.82559 11.198 0.061
2841.80272 11.257 0.027
2844.8015 11.645 0.025
2851.79559 11.258 0.022
2854.74557 11.286 0.025
2858.76578 11.19 0.02
2860.7359 11.255 0.026
2866.75645 11.122 0.028
2871.78048 11.187 0.036
2874.72195 11.193 0.023
2876.72618 11.258 0.023
2879.69762 11.18 0.019
2883.68904 11.668 0.02
2885.67669 11.145 0.026
2886.7992 11.335 0.037
2892.68753 11.155 0.03
2896.67995 11.726 0.023
2898.66967 11.139 0.024
2900.66525 11.188 0.028
2904.63735 11.117 0.046
2906.64771 11.255 0.027
2911.61801 11.086 0.025
2913.62626 11.225 0.031
2916.6176 11.242 0.03
2918.63802 11.213 0.026
2923.66097 11.237 0.054
2926.65697 11.192 0.069
2940.5472 11.189 0.022
2942.54591 11.235 0.036
2943.60068 11.148 0.031
2945.57899 11.259 0.027
2950.58623 11.164 0.057
2951.57042 11.29 0.032
2955.54255 11.251 0.023
2959.55273 11.13 0.037
2961.54901 11.635 0.051
3142.93096 11.255 0.064
3146.93445 11.222 0.047
3163.92086 11.1 0.027
3170.90969 11.168 0.032
3180.87921 11.183 0.025
3183.88236 11.165 0.029
3186.85457 11.178 0.035
3189.89039 11.118 0.032
3193.89155 11.202 0.047
3272.59075 11.211 0.049
3292.52703 11.633 0.037
3295.51812 11.253 0.021
3323.62775 11.181 0.059
3327.55522 11.146 0.034
3327.55522 11.152 0.036
3328.58802 11.271 0.046
3328.58802 11.286 0.042
3328.62262 11.271 0.047
3329.52501 11.252 0.047
3330.53112 11.277 0.046
3330.54131 11.159 0.047
3330.54131 11.181 0.044
3330.60652 11.146 0.045
3330.60652 11.167 0.042
3330.62527 11.213 0.051
3334.60118 11.697 0.053
3334.60118 11.709 0.058
3334.62322 11.303 0.037
3334.62322 11.323 0.046
3335.56205 11.225 0.041
3335.56205 11.233 0.038
3335.57018 11.178 0.051
3335.57018 11.224 0.041
3335.59377 11.195 0.044
3335.59377 11.196 0.044
3337.56913 11.275 0.055
3337.56913 11.296 0.052
3337.58257 11.254 0.04
3337.58257 11.263 0.039
3337.59048 11.237 0.056
3337.59048 11.286 0.054
3337.60343 11.249 0.042
3337.60343 11.275 0.041
3338.55661 11.283 0.047
3338.55661 11.288 0.039
3339.553 11.17 0.045
3339.553 11.184 0.053
3339.55781 11.25 0.048
3339.56348 11.152 0.044
3339.56348 11.165 0.048
3339.59787 11.168 0.056
3339.59787 11.188 0.038
3339.60838 11.141 0.042
3340.56746 11.221 0.05
3341.54477 11.282 0.045
3341.5482 11.246 0.034
3341.5482 11.26 0.038
3341.55015 11.284 0.041
3341.61997 11.286 0.047
3345.54955 11.225 0.041
3345.54955 11.225 0.046
3345.55313 11.196 0.051
3348.54657 11.23 0.048
3348.54657 11.261 0.055
3351.53741 11.232 0.047
3352.55371 11.139 0.043
3352.55732 11.164 0.042
3352.55732 11.164 0.045
3353.53397 11.191 0.048
3353.53397 11.216 0.034
3353.5376 11.167 0.061
3353.5376 11.174 0.048
3353.55636 11.156 0.046
3353.55636 11.162 0.041
3353.56462 11.217 0.045
3353.56636 11.169 0.051
3510.92069 11.19 0.025
3517.91384 11.087 0.035
3524.89128 11.085 0.057
3538.85343 11.307 0.03
3541.8415 11.239 0.032
3544.83246 11.161 0.033
3552.81794 11.272 0.03
3555.80558 11.22 0.03
3562.78654 11.191 0.028
3564.78516 11.262 0.03
3569.76359 11.123 0.028
3571.77154 11.631 0.031
3574.75901 11.312 0.035
3577.74524 11.244 0.033
3583.7251 11.188 0.028
3586.72734 11.21 0.026
3589.71709 11.148 0.026
3592.70776 11.189 0.028
3596.69535 11.211 0.027
3603.67641 11.301 0.031
3616.63782 11.292 0.039
3619.63599 11.21 0.029
3622.62971 11.191 0.034
3626.61849 11.265 0.031
3630.61194 11.176 0.035
3633.59646 11.237 0.034
3637.58826 11.23 0.028
3641.57718 11.228 0.028
3644.56763 11.219 0.04
3648.55602 11.206 0.03
3651.54715 11.17 0.027
3654.53978 11.121 0.037
3658.52678 11.192 0.034
3661.5204 11.273 0.035
3664.51418 11.182 0.032
3669.50188 11.289 0.026
3865.9284 11.198 0.036
3869.92815 11.319 0.046
3874.93048 11.158 0.032
3883.90037 11.186 0.03
3887.89091 11.156 0.03
3893.88088 11.202 0.028
3900.86085 11.161 0.037
3905.84116 11.318 0.032
3908.83376 11.482 0.028
3912.82525 11.261 0.029
3981.64874 11.179 0.03
4247.91006 11.094 0.031
4256.88073 11.247 0.03
4272.84136 11.488 0.032
4277.82225 11.15 0.046
4283.82027 11.131 0.038
4289.79291 11.153 0.039
4291.79513 11.257 0.03
4293.78518 11.133 0.029
4296.77325 11.147 0.041
4298.77448 11.54 0.04
4303.75415 11.163 0.042
4307.74483 11.162 0.043
4309.74824 11.152 0.052
4311.73848 11.482 0.058
4316.72665 11.135 0.053
4319.72121 11.134 0.031
4329.68704 11.162 0.035
4331.68513 11.108 0.05
4333.6759 11.175 0.028
4345.64656 11.164 0.041
4348.63858 11.168 0.033
4350.64415 11.593 0.033
4353.62687 11.316 0.028
4356.61774 11.187 0.031
4359.60704 11.236 0.032
4361.61052 11.151 0.03
4363.59654 11.609 0.029
4367.58768 11.252 0.039
4371.57758 11.118 0.04
4375.56814 11.189 0.029
4378.55837 11.213 0.035
4381.54726 11.138 0.041
4384.5385 11.173 0.036
4387.5266 11.149 0.027
4389.5277 11.64 0.042
4400.50173 11.122 0.037
