1869.54075 11.657 0.022
1872.555 11.719 0.026
1872.59179 11.66 0.022
1874.56836 11.725 0.026
1876.57933 11.97 0.025
1878.56687 11.657 0.027
1884.54398 11.598 0.028
1887.53216 11.69 0.026
1903.5324 11.673 0.023
2016.90892 11.682 0.054
2025.91167 12.341 0.025
2026.89733 11.902 0.026
2031.88196 11.636 0.028
2033.88611 11.736 0.022
2039.93908 11.623 0.043
2040.86546 11.715 0.048
2052.89335 11.68 0.026
2054.85219 11.7 0.03
2055.91943 11.684 0.028
2056.8574 11.673 0.029
2057.85224 11.663 0.022
2064.91478 11.657 0.029
2067.81579 11.738 0.031
2067.82908 11.71 0.033
2068.81248 11.724 0.037
2068.82587 11.785 0.042
2069.80802 11.706 0.033
2069.8213 11.686 0.032
2080.80413 11.666 0.024
2082.85867 12.203 0.029
2085.85218 11.66 0.023
2087.77856 11.64 0.032
2088.82185 11.672 0.027
2088.82834 11.708 0.026
2093.76931 11.677 0.028
2094.77498 11.613 0.028
2094.78608 11.658 0.031
2095.76215 11.717 0.055
2095.76416 11.989 0.057
2096.74482 12.458 0.053
2096.75838 12.434 0.044
2103.71969 11.654 0.027
2103.85425 11.634 0.026
2104.81004 11.651 0.026
2105.79344 11.67 0.023
2106.79147 11.853 0.023
2113.81856 11.646 0.022
2114.821 11.664 0.025
2115.81961 11.727 0.021
2116.76162 11.647 0.021
2117.75355 11.64 0.023
2128.85774 11.724 0.026
2129.79828 11.701 0.022
2130.73102 11.634 0.022
2131.72131 11.614 0.024
2132.73064 11.733 0.026
2133.72378 11.656 0.023
2134.72379 12.24 0.025
2135.7223 11.666 0.028
2136.72055 11.615 0.026
2140.70574 11.66 0.041
2141.708 11.704 0.027
2143.70235 11.694 0.028
2144.69729 11.653 0.025
2145.69516 11.691 0.024
2164.65786 11.701 0.027
2167.63711 12.125 0.03
2168.65817 11.707 0.028
2169.66956 11.607 0.03
2171.63601 11.673 0.032
2173.63948 11.693 0.029
2174.63783 11.711 0.046
2175.62489 11.644 0.03
2177.60542 11.642 0.034
2178.61249 11.688 0.03
2180.60509 11.717 0.034
2184.60758 11.728 0.032
2184.6529 11.628 0.035
2185.60712 11.65 0.032
2185.62082 11.641 0.034
2186.64899 11.898 0.033
2188.64055 11.61 0.032
2190.56185 11.729 0.032
2191.61104 12.11 0.031
2191.61585 12.196 0.03
2192.58776 11.698 0.027
2192.60391 11.68 0.029
2193.59114 11.644 0.032
2193.60726 11.676 0.029
2194.58427 11.634 0.037
2194.60033 11.679 0.03
2195.5843 11.657 0.029
2195.60033 11.67 0.03
2196.60164 11.77 0.031
2197.58756 11.652 0.03
2197.60137 11.606 0.033
2198.57967 11.641 0.029
2198.59801 11.672 0.031
2199.57563 11.63 0.032
2199.59404 11.655 0.03
2201.56447 11.644 0.03
2201.58057 11.622 0.031
2202.57632 11.824 0.048
2202.59242 11.581 0.037
2203.56598 11.716 0.029
2203.57983 11.641 0.033
2204.55708 11.675 0.029
2204.57328 11.636 0.032
2205.55064 12.18 0.045
2206.55575 11.656 0.03
2207.56839 11.615 0.045
2211.5547 11.8 0.043
2211.57555 11.689 0.047
2213.53602 11.679 0.033
2213.54996 11.66 0.035
2214.56724 11.655 0.035
2215.53675 11.618 0.035
2215.57409 11.757 0.037
2217.53241 11.696 0.034
2217.54864 11.661 0.036
2219.5327 11.965 0.037
2219.54454 11.881 0.042
2222.53861 11.63 0.044
2222.54925 11.652 0.037
2225.53353 11.646 0.034
2225.54638 11.693 0.033
2227.52575 11.679 0.035
2227.53636 11.727 0.036
2229.52882 11.877 0.04
2229.55986 12.097 0.041
2232.55311 11.682 0.041
2239.5237 11.686 0.044
2242.52141 11.644 0.04
2248.57462 12.244 0.038
2251.55595 11.686 0.044
2254.54809 11.668 0.05
2257.54655 11.73 0.046
2440.9064 12.031 0.03
2444.80224 11.665 0.021
2444.89922 11.64 0.02
2445.8321 11.778 0.02
2445.93119 12.322 0.018
2446.87176 11.629 0.021
2464.79791 11.765 0.03
2464.80228 11.794 0.032
2464.80228 11.808 0.029
2465.79947 11.72 0.032
2465.80157 11.732 0.035
2466.79322 11.699 0.022
2466.7953 11.644 0.023
2467.79692 11.725 0.029
2468.79043 11.799 0.025
2468.79043 11.811 0.022
2468.79487 11.792 0.026
2468.79487 11.81 0.024
2470.75694 11.677 0.027
2471.83155 11.666 0.033
2471.83365 11.643 0.029
2473.7677 12.239 0.034
2473.76984 12.304 0.036
2473.76984 12.309 0.034
2474.85301 11.705 0.028
2486.75224 11.688 0.043
2486.75224 11.732 0.041
2487.74906 11.939 0.05
2487.75357 11.926 0.048
2487.75357 11.935 0.05
2489.72153 11.725 0.021
2489.7284 11.682 0.026
2490.74205 11.76 0.041
2490.74891 11.733 0.041
2490.74891 11.763 0.039
2495.7756 11.623 0.033
2498.7237 11.68 0.028
2499.72081 11.699 0.024
2499.72322 11.603 0.028
2500.69608 11.654 0.025
2500.69608 11.657 0.03
2501.72109 11.66 0.026
2501.72342 11.644 0.028
2502.72111 11.65 0.032
2502.72346 11.666 0.035
2503.71914 11.767 0.05
2503.72149 11.679 0.06
2511.7544 12.044 0.047
2511.7544 12.262 0.047
2511.75682 11.848 0.041
2519.64771 11.677 0.023
2520.64279 11.925 0.029
2520.72147 11.679 0.019
2521.78043 11.955 0.022
2521.78043 11.956 0.025
2526.75936 11.667 0.019
2529.65652 11.679 0.038
2529.6591 11.674 0.04
2535.58816 11.692 0.023
2539.6807 11.677 0.052
2539.71723 11.687 0.048
2540.81912 12.295 0.028
2544.76279 11.693 0.02
2546.62008 11.627 0.027
2548.64269 11.64 0.021
2549.77072 11.791 0.035
2553.5685 11.764 0.026
2554.66702 11.928 0.036
2556.6662 11.622 0.026
2558.63267 11.723 0.018
2559.6317 11.682 0.019
2560.63492 11.672 0.02
2561.62152 11.703 0.024
2565.60515 11.789 0.032
2566.61752 11.672 0.023
2578.57388 11.727 0.028
2578.61876 11.739 0.033
2579.57553 11.697 0.029
2601.56016 12.273 0.021
2621.55362 11.731 0.032
2623.57257 11.659 0.027
2625.61247 12.056 0.026
2635.56683 11.656 0.02
2637.58564 11.741 0.02
2640.54407 11.728 0.021
2642.54667 11.677 0.019
2647.53034 11.629 0.029
2650.54358 11.711 0.023
2654.54564 11.62 0.027
2757.89359 11.683 0.024
2758.90885 11.691 0.025
2760.9084 12.133 0.022
2763.89492 11.726 0.023
2764.90533 11.736 0.027
2765.8866 11.718 0.028
2770.91339 11.637 0.06
2776.88446 11.776 0.029
2784.85522 11.675 0.02
2785.84805 11.712 0.026
2787.85662 11.668 0.019
2811.92855 11.665 0.022
2813.84847 11.646 0.026
2818.92161 11.615 0.024
2821.8344 11.7 0.026
2831.80405 12.334 0.024
2833.86632 11.685 0.028
2838.85552 11.696 0.035
2841.78085 11.639 0.029
2851.8265 11.649 0.018
2854.68861 11.696 0.019
2859.71364 11.846 0.021
2860.87329 12.274 0.021
2866.78096 11.61 0.025
2872.76357 11.645 0.021
2875.77209 11.661 0.02
2877.74444 11.721 0.02
2883.71908 11.975 0.017
2885.63775 11.656 0.018
2886.72038 11.632 0.023
2888.75613 12.194 0.02
2894.85283 11.641 0.028
2896.6868 11.675 0.02
2898.67192 11.625 0.023
2900.66283 11.726 0.026
2903.74864 11.627 0.034
2905.71204 11.66 0.017
2910.60632 11.734 0.025
2912.6248 11.728 0.018
2915.60714 11.688 0.026
2922.66028 11.737 0.027
2924.7273 11.697 0.026
2927.66221 11.628 0.019
2929.66812 11.681 0.02
2931.67398 11.968 0.026
2933.66399 11.625 0.024
2935.6587 11.7 0.02
2937.66521 11.699 0.025
2940.69156 11.753 0.024
2942.60249 11.671 0.03
2943.64005 11.789 0.021
2943.64005 11.874 0.021
2947.6949 11.628 0.027
2949.69863 11.717 0.029
2951.70925 11.798 0.032
2954.51696 12.298 0.053
2954.51696 12.314 0.036
2956.54893 11.78 0.025
2958.5526 11.664 0.042
2960.5589 11.661 0.024
2962.57716 11.645 0.024
2964.59658 12.139 0.024
2968.61628 11.685 0.024
2970.60759 11.606 0.023
2975.53616 11.723 0.029
2977.57675 11.632 0.026
2979.59919 11.768 0.026
2981.61649 11.588 0.032
2983.62922 12.273 0.034
2985.63523 11.74 0.032
2989.56014 11.684 0.023
2991.6005 11.66 0.026
2997.53821 12.138 0.029
3006.58295 11.618 0.03
3010.56985 11.628 0.037
3013.54694 11.754 0.036
3125.91857 11.643 0.047
3130.90759 11.607 0.048
3146.92236 11.643 0.033
3158.90416 11.663 0.029
3163.82288 11.645 0.029
3170.88989 11.902 0.031
3182.86672 11.721 0.035
3193.89554 11.634 0.031
3275.6632 11.7 0.038
3276.6613 11.597 0.04
3277.74818 11.537 0.032
3280.81109 11.857 0.066
3292.6072 11.636 0.044
3293.60619 12.107 0.042
3295.60153 11.672 0.022
3296.55792 11.671 0.025
3298.58914 12.122 0.039
3299.59558 11.609 0.045
3326.60176 11.683 0.029
3343.59163 11.675 0.033
3358.55381 11.648 0.03
3365.57526 11.738 0.047
3385.53411 11.616 0.042
3510.91631 11.654 0.028
3523.87334 11.974 0.038
3530.91243 11.656 0.039
3542.87419 11.775 0.044
3551.90723 11.568 0.034
3554.87916 11.615 0.034
3558.84786 11.64 0.042
3561.81987 11.958 0.03
3564.80283 11.655 0.025
3569.86297 11.622 0.03
3571.87597 12.309 0.03
3576.8378 11.777 0.03
3579.8868 11.666 0.03
3583.80871 11.7 0.03
3589.74752 11.638 0.03
3591.84238 11.657 0.033
3595.75584 11.664 0.039
3597.7768 11.648 0.029
3617.71103 11.684 0.035
3619.83825 11.744 0.04
3622.66267 11.707 0.028
3625.70487 11.682 0.037
3628.69393 11.676 0.029
3631.69147 11.679 0.041
3638.79521 11.732 0.028
3641.70824 11.692 0.033
3647.63382 11.672 0.024
3650.57732 11.662 0.025
3652.62013 11.633 0.035
3654.62333 11.641 0.042
3659.6134 11.657 0.039
3661.63298 11.829 0.039
3663.64569 11.694 0.033
3665.70012 11.729 0.029
3669.62754 11.686 0.024
3671.67301 11.717 0.026
3673.67968 11.666 0.028
3675.74712 11.695 0.033
3678.58791 11.678 0.027
3699.59858 11.784 0.044
3702.57289 11.712 0.025
3705.57233 11.625 0.04
3708.55644 12.063 0.029
3713.54835 12.147 0.029
3718.55871 11.848 0.037
3721.57479 11.657 0.037
3724.56999 11.669 0.034
3727.56148 11.884 0.038
3730.59762 11.693 0.039
3734.54979 11.689 0.039
3853.91606 11.746 0.038
3859.91008 11.703 0.042
3863.89819 11.649 0.027
3866.9041 11.665 0.03
3869.92658 11.688 0.049
3872.91788 11.881 0.045
3880.92724 11.65 0.038
3891.90282 11.952 0.029
3894.90682 11.674 0.03
3898.88196 11.63 0.035
3901.89528 11.607 0.04
3905.84489 12.095 0.033
3912.90897 11.638 0.035
3981.64302 11.612 0.027
4089.59384 11.634 0.032
4103.55777 11.659 0.038
4106.55522 11.744 0.035
4229.91241 11.68 0.035
4247.90788 11.667 0.035
4255.88649 11.651 0.041
4268.87992 11.878 0.046
4273.83351 11.728 0.04
4277.85499 12.111 0.035
4283.88186 11.722 0.039
4292.81843 11.694 0.028
4299.86348 11.656 0.033
4303.83161 11.675 0.041
4305.80985 11.615 0.037
4309.78283 11.697 0.03
4311.78239 12.336 0.032
4314.82093 11.677 0.06
4332.7142 11.653 0.033
4334.70103 12.037 0.046
4338.67115 11.672 0.032
4346.74251 11.655 0.043
4348.74781 11.764 0.058
4350.81863 11.742 0.038
4353.6609 11.922 0.026
4355.71972 11.654 0.037
4358.63961 11.742 0.029
4361.62892 11.734 0.027
4363.66076 11.699 0.028
4365.6553 11.655 0.03
4371.69472 11.696 0.037
4373.70493 11.689 0.032
4376.6971 11.696 0.033
4378.81017 11.545 0.055
4381.58642 12.134 0.038
4383.63534 11.645 0.026
4385.66471 11.636 0.029
4387.68485 11.646 0.028
4389.65371 11.651 0.039
4393.59872 11.596 0.048
4399.75112 11.665 0.052
4403.56233 11.669 0.036
4406.73242 11.618 0.06
4409.56461 11.682 0.033
4411.71239 11.691 0.051
4420.66219 11.713 0.053
4425.643 11.649 0.042
4428.56288 11.548 0.048
4430.62195 11.757 0.04
4433.58811 11.718 0.03
4435.61921 11.674 0.028
4438.60167 11.692 0.032
4440.62643 11.682 0.026
4443.61771 11.973 0.037
4453.61623 12.068 0.046
4456.58912 11.729 0.062
4459.57444 11.707 0.045
4462.5706 11.885 0.029
4465.56556 11.627 0.039
4468.55925 11.642 0.032
4479.53465 11.641 0.038
