2622.5467 13.292 0.032
2786.9097 13.186 0.021
2809.86773 13.057 0.028
2812.93518 13.196 0.027
2816.9367 13.126 0.026
2820.85323 13.213 0.029
2829.8912 13.263 0.021
2831.8345 13.0 0.023
2840.85956 12.721 0.03
2851.90226 13.202 0.025
2854.75256 12.835 0.018
2859.75898 13.074 0.024
2862.85131 13.179 0.038
2867.79152 13.273 0.026
2872.75838 12.737 0.019
2875.767 12.849 0.019
2880.71236 13.035 0.024
2883.72809 12.933 0.023
2885.6886 13.219 0.025
2886.73629 13.023 0.029
2895.71044 12.846 0.029
2897.71312 13.294 0.025
2899.68759 13.392 0.04
2902.68695 13.265 0.032
2905.64656 13.033 0.023
2908.63623 13.106 0.02
2910.70396 12.36 0.021
2912.64209 13.029 0.021
2915.62166 12.766 0.024
2916.71343 12.668 0.026
2918.66036 12.984 0.037
2922.63845 12.851 0.039
2924.64472 13.708 0.04
2927.63809 12.774 0.031
2929.64408 13.049 0.022
2931.6487 12.984 0.025
2935.63477 13.199 0.023
2937.64006 13.299 0.033
2940.63738 13.313 0.023
2942.58958 12.841 0.035
2943.62265 13.278 0.032
2945.58862 12.765 0.031
2949.56495 13.206 0.035
2951.57275 12.398 0.041
2953.60407 13.053 0.049
2955.60929 13.369 0.028
2955.60929 13.377 0.041
2957.60834 12.615 0.033
2961.60128 13.295 0.027
2963.61335 12.56 0.031
2966.5363 13.311 0.026
2968.54889 12.954 0.027
2972.5551 13.215 0.029
2977.54852 12.93 0.039
2980.55532 12.682 0.039
2982.56977 13.823 0.057
2985.54168 13.246 0.03
2989.54131 12.563 0.03
2992.53854 12.521 0.029
3164.90902 12.848 0.039
3168.93214 12.612 0.045
3171.92611 12.876 0.045
3175.90419 13.005 0.035
3182.88512 13.406 0.057
3185.89117 13.045 0.039
3189.86595 13.066 0.05
3271.63783 13.178 0.027
3273.70921 12.713 0.038
3279.70847 12.549 0.038
3295.54926 12.807 0.054
3298.5672 13.164 0.026
3323.57425 12.469 0.045
3354.5362 12.864 0.051
3524.92613 13.17 0.051
3551.86402 12.714 0.038
3554.85505 12.784 0.041
3558.83498 13.264 0.046
3561.81332 13.008 0.031
3563.83669 12.543 0.034
3569.81431 12.551 0.033
3571.81544 12.977 0.036
3574.78664 13.368 0.046
3577.87414 12.991 0.044
3581.91788 12.637 0.029
3584.75869 13.286 0.034
3586.85377 13.054 0.039
3589.75003 12.695 0.031
3591.84496 13.13 0.047
3595.73702 12.755 0.065
3600.83895 12.898 0.07
3617.68705 12.966 0.041
3619.75657 12.519 0.039
3622.66002 13.427 0.031
3625.74875 12.711 0.038
3628.74127 12.872 0.039
3632.72865 13.943 0.051
3634.77574 12.452 0.049
3637.74786 13.306 0.038
3640.72194 13.248 0.031
3643.59795 13.043 0.039
3646.69088 12.989 0.034
3649.60202 12.857 0.055
3651.67824 12.546 0.032
3653.67167 12.818 0.046
3655.66133 13.376 0.038
3660.64679 12.837 0.055
3662.66676 12.571 0.057
3664.70464 13.241 0.042
3668.62652 13.018 0.029
3670.66346 12.932 0.03
3673.6168 13.295 0.03
3676.60744 13.05 0.038
3680.51465 12.978 0.03
3699.54812 13.113 0.046
3702.54226 13.174 0.034
3705.53938 13.262 0.044
3708.53526 13.081 0.038
3715.55704 12.714 0.055
3718.54636 12.617 0.05
3722.53279 13.059 0.052
3889.93459 12.973 0.04
3892.91111 13.038 0.033
3897.9045 12.432 0.059
3900.9106 12.282 0.046
3907.86558 13.253 0.036
3912.8665 13.342 0.032
4089.53587 12.924 0.047
4092.52993 12.893 0.043
4246.91665 13.392 0.039
4255.92081 13.156 0.049
4268.88084 12.977 0.062
4283.86493 12.729 0.044
4285.85599 12.889 0.048
4292.81455 12.799 0.056
4299.82169 12.864 0.055
4301.80251 12.824 0.041
4303.79722 12.958 0.037
4305.80043 13.034 0.036
4307.77901 12.924 0.052
4309.78668 12.647 0.039
4311.77481 13.449 0.043
4330.70867 12.577 0.046
4332.71114 12.884 0.049
4334.70708 13.016 0.049
4345.78086 12.506 0.064
4347.79316 12.969 0.063
4350.6579 12.68 0.04
4352.79937 13.48 0.036
4354.76981 12.8 0.032
4357.64734 13.097 0.039
4359.74042 12.939 0.048
4362.62714 12.789 0.031
4364.64636 13.227 0.033
4371.69765 12.731 0.049
4373.70789 12.985 0.039
4376.70017 13.052 0.039
4379.58866 12.717 0.038
4381.68129 13.623 0.044
4383.73389 12.916 0.043
4385.71934 12.999 0.035
4388.55829 12.449 0.033
4392.56972 13.405 0.047
4400.62654 12.385 0.069
4403.64844 12.971 0.035
4407.63141 13.206 0.047
4409.64947 12.863 0.043
4413.58907 12.927 0.04
4420.60388 12.89 0.057
4427.56056 13.3 0.056
4429.60915 12.954 0.049
4432.58527 12.724 0.037
4435.56912 12.867 0.04
4438.56367 12.879 0.044
4441.55539 12.792 0.042
4444.56146 12.808 0.037
