1869.51927 11.777 0.021
1874.55849 11.813 0.023
1876.57171 11.805 0.023
1878.55664 12.018 0.023
1884.53878 11.884 0.034
1886.58637 11.971 0.024
1889.53631 11.74 0.029
1902.54309 11.84 0.022
1906.53012 11.784 0.025
1921.53444 11.8 0.024
2016.89805 12.306 0.053
2026.87989 11.812 0.026
2030.92416 11.718 0.022
2032.89084 11.931 0.024
2039.88908 11.858 0.032
2040.88725 11.788 0.037
2052.88288 12.198 0.026
2054.83438 11.964 0.024
2055.88125 11.908 0.03
2057.83215 11.753 0.022
2064.89735 11.679 0.026
2067.79601 11.844 0.032
2068.79725 11.742 0.035
2069.7875 11.775 0.031
2070.77925 11.817 0.037
2082.78074 11.77 0.025
2085.83642 11.986 0.024
2088.80865 11.761 0.027
2093.7514 12.066 0.029
2094.75665 11.983 0.031
2095.74883 11.895 0.05
2096.7337 11.745 0.031
2103.84986 12.158 0.025
2104.79848 11.72 0.027
2105.7777 11.824 0.027
2106.78703 11.749 0.024
2113.814 11.883 0.026
2114.81641 11.882 0.04
2115.80325 12.051 0.024
2116.7502 11.82 0.025
2117.7489 11.726 0.026
2128.69388 11.746 0.028
2129.71324 11.834 0.025
2130.71703 11.744 0.026
2131.71411 11.795 0.026
2132.7234 11.686 0.025
2133.71882 11.773 0.022
2134.71881 11.706 0.028
2135.71497 11.77 0.03
2136.71084 11.826 0.026
2141.70291 12.032 0.025
2143.69493 11.826 0.03
2143.71941 12.044 0.03
2144.69215 11.849 0.028
2145.69001 11.75 0.026
2151.60885 11.822 0.054
2156.66335 11.965 0.033
2164.65263 11.798 0.033
2167.63185 12.068 0.029
2168.6529 11.994 0.027
2171.62845 11.958 0.031
2172.63641 11.924 0.029
2173.63419 11.765 0.031
2174.63252 11.803 0.045
2175.61727 11.707 0.035
2177.60005 11.769 0.033
2178.60713 11.818 0.032
2180.59971 12.035 0.032
2183.59783 12.261 0.034
2184.61135 12.178 0.034
2185.61542 12.18 0.032
2186.65026 11.87 0.035
2188.63211 12.114 0.036
2190.55642 11.798 0.032
2191.60589 11.802 0.03
2192.59847 11.817 0.029
2193.59953 11.712 0.029
2194.59487 11.758 0.03
2195.59486 11.777 0.031
2196.59614 11.802 0.029
2197.59588 11.959 0.031
2198.59252 12.021 0.031
2199.58855 12.093 0.032
2201.5751 11.939 0.031
2202.58691 12.139 0.04
2203.57432 11.868 0.033
2204.56553 11.77 0.033
2206.56636 11.793 0.034
2207.56064 11.84 0.049
2211.54034 12.11 0.046
2212.5813 11.771 0.036
2214.52932 12.009 0.037
2215.56369 12.18 0.039
2217.54089 11.806 0.034
2219.53671 11.798 0.037
2222.53308 11.701 0.041
2225.52307 11.847 0.034
2227.52927 11.974 0.036
2229.53692 12.071 0.043
2232.53449 12.1 0.041
2234.52389 11.849 0.04
2237.52952 12.235 0.042
2240.55049 11.736 0.04
2242.56663 11.825 0.044
2245.53391 11.905 0.045
2248.58748 11.739 0.042
2251.55057 12.198 0.041
2254.53597 11.762 0.043
2257.53446 11.781 0.045
2444.8956 12.056 0.016
2445.8233 11.813 0.043
2446.86274 11.83 0.022
2454.75162 11.775 0.063
2465.79061 11.991 0.029
2466.78212 12.124 0.022
2467.78791 12.17 0.021
2470.74787 11.821 0.034
2471.82711 12.14 0.04
2482.70038 11.837 0.042
2486.74269 11.91 0.033
2489.71223 11.831 0.026
2493.74367 11.847 0.06
2495.75207 11.864 0.035
2498.71411 11.942 0.027
2499.71333 11.926 0.029
2500.67984 11.684 0.035
2500.67984 11.742 0.028
2501.71373 11.842 0.031
2502.71608 11.785 0.034
2503.71407 11.808 0.047
2508.64991 11.979 0.038
2519.75927 12.132 0.018
2520.85674 11.752 0.024
2521.77245 12.063 0.033
2521.77245 12.114 0.025
2526.76292 11.815 0.019
2529.64652 11.806 0.035
2540.84236 11.799 0.029
2544.82829 12.004 0.022
2546.62124 11.776 0.027
2548.63934 11.78 0.021
2549.76437 11.81 0.032
2553.56514 11.927 0.029
2554.66361 11.708 0.039
2556.66282 11.843 0.025
2558.62929 12.143 0.017
2559.62344 12.071 0.022
2560.63155 12.015 0.021
2561.61363 11.873 0.026
2562.62367 11.794 0.027
2563.6399 11.914 0.028
2564.64376 11.847 0.026
2565.66654 12.032 0.022
2566.67682 12.138 0.029
2578.60762 11.905 0.024
2579.6121 11.824 0.026
2601.62813 11.841 0.055
2621.5943 11.777 0.022
2623.58585 11.917 0.025
2636.55305 11.858 0.02
2638.56724 11.859 0.023
2640.56992 11.922 0.021
2642.57256 12.006 0.022
2644.57065 12.204 0.026
2649.56246 11.777 0.024
2652.55966 11.767 0.023
2655.55174 11.867 0.027
2659.53929 12.171 0.023
2662.52921 11.861 0.023
2665.52555 11.887 0.037
2737.91051 11.724 0.034
2744.91639 12.051 0.031
2755.88845 11.911 0.022
2758.90592 12.01 0.025
2761.88825 12.0 0.025
2764.88546 11.846 0.028
2770.88903 11.707 0.057
2776.85514 11.97 0.029
2783.83338 11.879 0.019
2787.88071 11.785 0.019
2804.79742 12.027 0.036
2809.78151 11.776 0.025
2811.8347 11.99 0.032
2813.84145 11.863 0.028
2819.84727 11.766 0.039
2822.83208 11.859 0.035
2830.71496 12.121 0.037
2843.75534 11.858 0.039
2856.79701 12.071 0.024
2858.84362 11.749 0.017
2860.70759 11.883 0.024
2861.81254 12.151 0.024
2866.79878 11.801 0.023
2872.78145 11.926 0.019
2875.7924 12.135 0.018
2877.74146 11.777 0.021
2883.70452 12.16 0.016
2885.62728 11.759 0.021
2888.7345 12.171 0.025
2892.75321 12.016 0.025
2895.77527 12.088 0.021
2897.79144 12.039 0.021
2899.7418 11.752 0.019
2902.7203 11.96 0.035
2905.62206 11.883 0.018
2907.79032 11.747 0.034
2910.59541 11.937 0.029
2912.6146 12.004 0.033
2915.59923 11.754 0.033
2916.6737 12.197 0.02
2918.65334 11.965 0.028
2921.69339 12.061 0.033
2926.68308 11.789 0.021
2930.67022 11.884 0.021
2932.66235 12.084 0.021
2934.65574 12.127 0.022
2936.65742 12.004 0.055
2939.68929 12.126 0.02
2942.74291 12.052 0.021
2944.58578 12.138 0.021
2945.6277 11.976 0.038
2947.62846 12.089 0.028
2949.65674 12.038 0.027
2951.66904 11.962 0.028
2953.68562 11.938 0.042
2955.68959 12.046 0.029
2957.68331 12.045 0.027
2961.7074 12.025 0.029
2964.54172 11.736 0.023
2966.56087 11.714 0.044
2968.57111 11.802 0.021
2970.56724 11.794 0.023
2972.57998 11.795 0.024
2976.61096 11.76 0.03
2978.62978 11.83 0.026
2980.65393 11.83 0.031
2983.55645 11.785 0.028
2985.5729 11.792 0.023
2987.59863 11.902 0.023
2990.59813 11.768 0.025
2992.60337 11.8 0.022
2994.62309 11.744 0.026
2997.56018 12.125 0.028
3000.55956 11.881 0.057
3006.59032 11.791 0.028
3016.55694 12.05 0.033
3019.54622 11.79 0.029
3108.91735 11.779 0.06
3125.88345 11.887 0.04
3146.88102 11.999 0.034
3154.85777 11.724 0.022
3158.87941 11.753 0.04
3166.87961 12.154 0.037
3170.84528 11.752 0.03
3182.85676 12.12 0.039
3185.8388 11.909 0.027
3189.79748 11.835 0.035
3191.88498 11.994 0.058
3276.72167 11.977 0.039
3296.55121 11.885 0.023
3299.58542 12.078 0.029
3326.62347 11.839 0.026
3356.5704 11.936 0.031
3359.59596 11.818 0.037
3363.5599 11.91 0.04
3367.56393 11.481 0.043
3372.57251 11.913 0.046
3372.57251 11.917 0.045
3386.53641 11.908 0.038
3388.54338 11.939 0.03
3477.91879 11.813 0.035
3481.9152 11.903 0.034
3491.89831 11.87 0.04
3502.88534 12.281 0.038
3509.92634 11.988 0.024
3512.88141 11.819 0.033
3517.90506 11.961 0.055
3521.9128 12.036 0.038
3525.85277 11.774 0.055
3529.85534 11.791 0.05
3551.88925 11.856 0.047
3554.86623 12.014 0.032
3558.84063 11.974 0.055
3561.80494 11.784 0.024
3564.77547 12.165 0.033
3569.86908 11.793 0.028
3571.87945 11.881 0.029
3574.7705 11.766 0.029
3576.82983 11.844 0.027
3579.87013 11.87 0.043
3583.80508 12.012 0.027
3588.85099 11.948 0.028
3591.76646 11.756 0.025
3595.75179 11.981 0.043
3597.77265 11.944 0.055
3603.68758 11.921 0.027
3617.69946 11.757 0.034
3622.64858 12.12 0.024
3625.68748 12.127 0.03
3628.68343 12.046 0.028
3630.72134 12.252 0.035
3632.74731 12.216 0.034
3635.61418 12.313 0.05
3637.82051 11.756 0.03
3640.75463 11.892 0.028
3643.58603 11.81 0.033
3646.63996 11.806 0.034
3651.56419 11.838 0.024
3653.60484 12.002 0.035
3655.60739 11.993 0.027
3657.65079 12.072 0.029
3659.68744 11.931 0.035
3661.71706 11.748 0.034
3663.79702 11.991 0.038
3666.60665 11.903 0.023
3669.70136 11.914 0.023
3672.5632 11.795 0.025
3674.67302 11.91 0.048
3680.53413 12.231 0.024
3699.66848 12.02 0.033
3702.59571 11.856 0.034
3705.59287 12.131 0.037
3708.57604 11.832 0.03
3712.56891 11.829 0.031
3714.5878 11.753 0.03
3716.64389 11.936 0.033
3719.62322 11.659 0.049
3722.57276 12.315 0.034
3725.5868 12.171 0.038
3728.57083 11.818 0.04
3731.60515 12.028 0.046
3735.55159 11.972 0.024
3738.53039 12.023 0.038
3740.58425 11.953 0.027
3749.55405 11.702 0.048
3754.54015 12.212 0.046
3757.53636 12.091 0.038
3762.52692 11.804 0.038
3851.89449 11.895 0.053
3860.90123 12.087 0.032
3864.89926 11.704 0.038
3867.91938 11.813 0.037
3870.8811 12.019 0.034
3874.91005 11.883 0.027
3877.90805 12.191 0.026
3882.90942 11.807 0.035
3887.92132 11.745 0.03
3891.85447 12.21 0.028
3894.86227 11.859 0.03
3898.85004 11.745 0.036
3901.88186 11.768 0.035
3904.8646 11.959 0.032
3907.8722 11.999 0.025
3912.89149 12.251 0.026
3981.63602 11.773 0.035
4089.5982 11.657 0.034
4106.55733 11.899 0.031
4228.89636 12.167 0.034
4228.90802 12.159 0.035
4231.90266 12.134 0.031
4231.90459 11.957 0.056
4235.88102 11.724 0.051
4247.86943 12.103 0.048
4247.87139 12.224 0.054
4253.92228 12.08 0.034
4253.92432 12.109 0.037
4258.87465 11.789 0.029
4268.86291 11.784 0.045
4272.9148 11.877 0.048
4273.82769 12.029 0.029
4277.84902 12.053 0.026
4283.87914 12.263 0.036
4289.8838 11.825 0.05
4289.92128 12.031 0.037
4292.80539 12.093 0.025
4299.85169 12.443 0.043
4301.79377 11.718 0.06
4303.82166 11.814 0.047
4305.80489 11.915 0.035
4307.77112 12.114 0.036
4309.77288 11.94 0.059
4314.80665 11.918 0.057
4330.68981 11.994 0.034
4332.7077 11.993 0.029
4334.69697 12.157 0.026
4337.79745 11.742 0.035
4339.82546 11.571 0.06
4341.72835 11.881 0.051
4343.73137 11.864 0.036
4347.73302 11.943 0.059
4349.74173 11.791 0.039
4351.77117 11.866 0.054
4354.67199 11.95 0.035
4356.7218 12.018 0.03
4359.62193 12.171 0.031
4361.73949 11.986 0.039
4363.65431 12.009 0.026
4365.64277 12.05 0.027
4367.68987 12.03 0.037
4369.70742 12.061 0.042
4371.73346 11.863 0.037
4373.74673 11.881 0.038
4376.73723 12.27 0.034
4379.56959 11.803 0.026
4381.61932 12.138 0.034
4383.65643 12.183 0.026
4385.67669 12.102 0.026
4387.70273 11.961 0.037
4389.67775 12.021 0.043
4393.61108 11.963 0.047
4399.7622 12.169 0.047
4403.55154 11.986 0.038
4406.71179 11.952 0.031
4409.56059 12.2 0.03
4420.69118 11.871 0.054
4422.71963 11.703 0.031
4426.65608 11.887 0.044
4429.58173 12.002 0.032
4431.65746 11.777 0.034
4436.6734 11.942 0.033
4439.57663 11.798 0.038
4442.62502 11.793 0.031
4453.61801 12.262 0.035
4459.57629 11.826 0.042
4462.5725 11.896 0.028
4465.5677 12.074 0.037
4468.56129 11.93 0.06
4475.54839 11.728 0.047
4573.91783 11.777 0.036
4574.92215 11.981 0.043
