hjd,mag,mag_unc
2168.71202,10.85,0.029
2169.72135,10.831,0.042
2170.75364,10.918,0.039
2171.71583,10.911,0.028
2173.6988,10.925,0.03
2174.68967,11.043,0.028
2175.68224,10.848,0.034
2177.68248,11.183,0.028
2178.6771,10.849,0.026
2180.6259,11.245,0.03
2186.71269,10.817,0.029
2192.66332,10.888,0.026
2193.6598,10.827,0.027
2194.65556,10.919,0.028
2195.65763,10.914,0.029
2196.65217,10.839,0.026
2197.65181,10.869,0.025
2199.64917,10.911,0.025
2201.63571,10.888,0.026
2203.63727,10.821,0.027
2204.62615,10.836,0.027
2206.62956,10.866,0.027
2207.61932,10.775,0.039
2208.65188,10.897,0.027
2213.63926,10.957,0.03
2244.59048,11.279,0.047
2248.53385,10.914,0.038
2250.58127,10.892,0.034
2252.56132,10.869,0.037
2254.58231,10.892,0.038
2439.89368,10.833,0.021
2444.85548,10.937,0.026
2446.86665,10.863,0.024
2465.88177,11.092,0.027
2467.86964,10.838,0.02
2468.92257,10.826,0.03
2470.84123,10.887,0.027
2473.81585,10.859,0.038
2482.76122,11.192,0.032
2490.81269,11.293,0.037
2491.81679,10.895,0.032
2496.79128,10.919,0.024
2498.79018,10.877,0.024
2499.78659,10.861,0.023
2502.78755,10.828,0.029
2503.77876,10.854,0.039
2508.74348,10.83,0.027
2519.77114,10.86,0.022
2523.74727,10.831,0.022
2526.72673,10.854,0.023
2544.72844,10.855,0.024
2545.77391,10.836,0.021
2552.81389,10.855,0.022
2554.63214,10.881,0.046
2556.6992,10.922,0.026
2558.74223,10.864,0.029
2559.69289,10.843,0.021
2560.6847,11.24,0.023
2561.67071,10.856,0.045
2562.66715,10.836,0.023
2563.67898,10.975,0.024
2623.54458,10.965,0.028
2625.61045,10.852,0.025
2635.62077,11.198,0.022
2637.63126,10.846,0.023
2639.62892,10.902,0.024
2642.53986,10.882,0.023
2644.54712,10.867,0.023
2650.54119,10.833,0.023
2652.56888,11.2,0.025
2654.57901,10.828,0.026
2658.55518,10.878,0.026
2662.55922,10.846,0.025
2664.55519,10.868,0.027
2666.55248,11.129,0.024
2671.54057,10.859,0.025
2677.5206,11.211,0.032
2787.91234,10.861,0.025
2809.89785,11.075,0.026
2814.88973,10.879,0.03
2820.88193,11.242,0.025
2830.8199,10.974,0.041
2832.8555,10.84,0.022
2841.9168,10.89,0.023
2845.86741,11.224,0.021
2853.80608,10.863,0.046
2856.8298,10.884,0.026
2859.76064,10.903,0.022
2861.7794,10.837,0.026
2872.82012,10.836,0.022
2875.82873,10.837,0.022
2880.76046,10.925,0.031
2883.8035,10.907,0.021
2885.7385,10.825,0.021
2886.84275,10.826,0.024
2895.7715,10.869,0.027
2897.78279,10.888,0.023
2899.7592,10.856,0.024
2905.67969,10.883,0.022
2907.83078,10.764,0.043
2910.68331,10.881,0.022
2912.70908,11.077,0.031
2915.69791,11.213,0.024
2917.64089,10.896,0.025
2923.69827,10.895,0.028
2926.70195,11.033,0.024
2928.69557,10.856,0.045
2930.68279,10.88,0.022
2934.66799,10.826,0.023
2939.70173,10.867,0.022
2942.77215,10.856,0.029
2945.66455,10.849,0.027
2950.62025,11.012,0.031
2956.64588,10.818,0.042
2958.6392,10.901,0.024
2960.63782,10.873,0.05
2962.64459,10.879,0.023
2964.65062,10.925,0.024
2966.65581,10.818,0.025
2968.66059,11.206,0.025
2972.6906,10.996,0.025
2977.55942,10.903,0.036
2979.59177,10.944,0.026
2981.61418,10.863,0.032
2983.6268,10.872,0.028
2985.63279,10.927,0.027
2987.66193,10.898,0.025
2990.63104,10.975,0.025
2992.6294,10.885,0.025
2994.64696,10.932,0.024
2996.65917,10.906,0.026
3000.54206,10.873,0.027
3007.58788,11.262,0.029
3010.59479,11.031,0.033
3012.591,10.841,0.033
3018.55307,10.947,0.026
3035.54555,11.417,0.027
3182.9155,10.995,0.041
3186.88817,10.947,0.037
3271.73439,10.865,0.028
3278.73386,10.872,0.035
3290.63824,11.091,0.025
3295.62687,10.858,0.022
3298.65206,11.101,0.026
3326.6517,11.119,0.032
3363.59037,10.811,0.035
3387.5381,10.935,0.036
3390.55267,11.155,0.031
3396.55382,10.93,0.038
3399.54453,10.822,0.03
3401.5505,10.998,0.027
3403.53803,10.929,0.027
3406.53227,10.879,0.032
3409.52592,10.781,0.033
3414.51615,10.921,0.045
3524.93305,10.782,0.048
3529.90948,10.978,0.039
3552.91165,10.895,0.033
3560.87465,10.84,0.033
3563.88435,10.824,0.029
3569.91532,11.162,0.027
3572.87628,11.187,0.029
3575.8627,11.057,0.028
3578.89867,10.893,0.03
3582.92278,10.853,0.04
3588.82772,10.796,0.03
3591.80518,10.796,0.027
3597.82592,11.098,0.026
3601.75436,10.845,0.028
3617.77364,11.051,0.032
3620.74702,10.93,0.034
3622.78032,10.907,0.029
3625.7921,11.182,0.025
3628.76149,11.227,0.026
3633.75529,10.856,0.037
3636.74868,10.93,0.031
3639.68167,10.89,0.033
3642.70991,11.257,0.025
3644.79024,10.917,0.041
3648.68111,10.898,0.025
3650.73416,10.954,0.027
3652.73953,10.865,0.035
3654.7467,10.797,0.033
3660.67828,10.969,0.039
3662.7011,10.836,0.044
3664.73525,11.125,0.034
3668.64559,10.862,0.025
3670.67966,11.146,0.023
3672.76691,10.917,0.027
3675.60887,10.82,0.027
3677.72888,10.883,0.031
3699.73295,10.973,0.031
3704.70568,10.845,0.032
3707.63308,10.858,0.031
3711.65911,10.849,0.027
3715.5605,10.96,0.036
3717.62688,11.034,0.035
3720.6089,11.137,0.031
3722.65996,10.806,0.038
3725.62959,10.818,0.039
3727.64819,10.944,0.034
3731.58878,10.914,0.035
3734.62326,11.271,0.045
3737.61615,10.931,0.031
3742.58363,10.869,0.03
3745.58402,11.088,0.029
3748.58025,11.296,0.036
3752.57804,10.939,0.037
3755.54732,11.013,0.029
3758.54492,10.918,0.029
3761.54891,10.83,0.038
3764.53522,10.897,0.046
3769.52316,10.966,0.044
3774.52627,10.797,0.04
3894.90184,10.992,0.027
3900.91936,10.868,0.034
3907.89319,10.846,0.027
3983.81542,11.218,0.042
4089.61863,11.164,0.03
4103.59104,11.202,0.031
4105.61381,10.869,0.034
4109.57892,10.902,0.028
4125.53227,10.862,0.03
4127.55018,10.925,0.027
4133.54391,10.853,0.035
4258.93446,10.862,0.029
4273.92821,10.854,0.028
4290.88815,10.835,0.037
4296.87265,10.955,0.033
4301.88262,10.84,0.031
4304.81254,10.853,0.031
4306.86101,10.968,0.023
4308.83485,10.854,0.041
4310.87785,11.176,0.027
4332.77279,10.889,0.032
4334.75592,10.951,0.04
4338.73856,10.874,0.043
4350.73874,10.881,0.032
4353.73114,10.823,0.026
4355.77648,11.115,0.025
4358.72095,11.135,0.03
4361.71475,10.906,0.035
4363.73192,10.894,0.027
4365.73395,10.906,0.026
4368.67972,10.868,0.03
4372.7255,10.928,0.04
4375.72768,10.831,0.031
4377.79139,11.229,0.036
4380.66119,10.956,0.034
4382.70206,10.843,0.025
4384.72453,10.946,0.03
4386.71049,10.9,0.025
4388.68341,10.87,0.024
4392.64744,10.851,0.026
4399.78419,10.982,0.041
4403.59777,10.94,0.027
4407.62594,10.936,0.035
4409.6432,10.846,0.025
4420.76029,11.063,0.046
4428.57024,10.972,0.045
4430.62932,10.839,0.032
4432.681,10.838,0.025
4435.58778,10.835,0.031
4437.68196,10.933,0.033
4440.56896,10.959,0.03
4443.58937,10.997,0.029
4453.55326,11.088,0.03
4455.63383,10.885,0.035
4458.60626,11.039,0.036
4461.5956,11.258,0.028
4463.64668,10.797,0.029
4466.60051,10.835,0.035
4473.6147,10.861,0.031
4477.53461,10.833,0.033
4480.5458,10.81,0.034
4489.55739,11.104,0.033
4492.55319,10.913,0.032
4499.53641,10.846,0.035
4502.53472,10.81,0.031
4507.51906,10.889,0.044
4623.9287,10.842,0.029
4631.89803,10.857,0.027
4640.90622,11.012,0.032
4645.88199,10.859,0.033
4649.87352,10.877,0.043
4652.90671,10.827,0.025
4656.8644,10.851,0.027
4661.9158,10.964,0.032
4664.86975,10.966,0.028
4669.86789,10.836,0.039
4672.84491,10.872,0.025
4675.88226,11.001,0.025
4679.80828,10.909,0.029
4682.81895,11.15,0.031
4685.80599,11.303,0.034
4691.78829,10.922,0.031
4694.78476,10.815,0.029
4698.83285,10.811,0.031
4700.83842,10.919,0.028
4703.76839,10.966,0.025
4708.78641,10.831,0.025
4720.74065,10.983,0.033
4722.76788,10.831,0.029
4726.76012,10.781,0.034
4729.7445,10.821,0.028
4732.83596,11.304,0.036
4736.69998,10.89,0.031
4740.66777,10.867,0.031
4747.69809,10.824,0.037
4750.6456,10.934,0.043
4753.68507,10.88,0.03
4755.74564,10.892,0.03
4758.64688,10.967,0.033
4760.71305,11.136,0.027
4763.64434,10.924,0.026
4765.70198,10.832,0.026
4767.78459,10.965,0.031
4770.64272,10.921,0.029
4772.72075,10.854,0.028
4775.5681,10.902,0.032
4777.61819,10.986,0.028
4782.59862,10.856,0.04
4784.66387,11.088,0.037
4787.64267,10.956,0.037
4792.65158,10.8,0.036
4795.65295,10.922,0.048
4798.63035,10.962,0.042
4803.56819,10.852,0.032
4805.65411,11.069,0.033
4808.56666,11.308,0.043
4813.59751,10.923,0.044
4815.66779,10.895,0.037
4819.57398,11.261,0.04
4821.62082,10.888,0.051
4827.60968,11.013,0.032
4830.60602,11.248,0.039
4838.574,10.772,0.042
4847.57738,11.075,0.049
4850.57215,10.826,0.041
4853.56813,10.808,0.036
4860.54147,10.841,0.035
4987.8948,11.225,0.043
4991.90637,10.983,0.048
5013.88141,10.845,0.044
5017.88185,10.828,0.049
5020.89332,10.921,0.049
5023.88077,10.985,0.045
5041.89185,10.914,0.034
5048.76323,10.872,0.039
5072.84732,10.896,0.04
5075.75007,10.893,0.047
5084.72737,10.851,0.041
5089.70713,10.972,0.038
5104.69222,10.844,0.044
5111.64756,10.85,0.04
5116.80045,10.83,0.04
5132.79488,10.97,0.044
5155.7327,10.855,0.047
